I,II,III,aVR,aVL,aVF,V1,V2,V3,V4,V5,V6
-24.4,-19.52,4.88,24.4,-14.64,-9.76,-19.52,-24.4,-43.92,-14.64,-34.16,-53.68
-19.52,-9.76,9.76,14.64,-14.64,0,-24.4,-29.28,-39.04,-14.64,-29.28,-34.16
-14.64,-14.64,0,14.64,-9.76,-9.76,-24.4,-29.28,-39.04,-14.64,-29.28,-19.52
-14.64,-9.76,4.88,14.64,-9.76,-4.88,-19.52,-29.28,-43.92,-19.52,-24.4,-9.76
-29.28,-24.4,4.88,29.28,-19.52,-9.76,-14.64,-24.4,-39.04,-9.76,-19.52,4.88
-24.4,-29.28,-4.88,29.28,-9.76,-19.52,-14.64,-14.64,-43.92,-14.64,-29.28,-4.88
-24.4,-19.52,4.88,24.4,-14.64,-9.76,-19.52,-24.4,-53.68,-24.4,-43.92,-9.76
-34.16,-34.16,0,34.16,-19.52,-19.52,-24.4,-29.28,-48.8,-14.64,-39.04,4.88
-29.28,-39.04,-9.76,34.16,-9.76,-24.4,-14.64,-29.28,-39.04,-9.76,-39.04,14.64
-29.28,-34.16,-4.88,34.16,-14.64,-19.52,-19.52,-29.28,-39.04,-4.88,-39.04,34.16
-19.52,-14.64,4.88,19.52,-14.64,-4.88,-19.52,-29.28,-39.04,-4.88,-29.28,43.92
-9.76,-4.88,4.88,9.76,-9.76,0,-14.64,-19.52,-34.16,-4.88,-24.4,58.56
-24.4,-14.64,9.76,19.52,-19.52,-4.88,-14.64,-19.52,-34.16,-9.76,-24.4,68.32
-29.28,-14.64,14.64,24.4,-24.4,0,-19.52,-24.4,-39.04,-9.76,-24.4,68.32
-19.52,0,19.52,9.76,-19.52,9.76,-24.4,-29.28,-43.92,-9.76,-34.16,78.08
-14.64,4.88,19.52,4.88,-19.52,9.76,-29.28,-39.04,-39.04,-14.64,-29.28,87.84
-19.52,0,19.52,9.76,-19.52,9.76,-29.28,-39.04,-39.04,-9.76,-29.28,82.96
-9.76,0,9.76,4.88,-9.76,4.88,-19.52,-29.28,-24.4,0,-19.52,92.72
-19.52,-19.52,0,19.52,-9.76,-9.76,-24.4,-34.16,-24.4,0,-14.64,112.24
-14.64,-19.52,-4.88,19.52,-4.88,-14.64,-14.64,-24.4,-19.52,0,-9.76,122
-9.76,-14.64,-4.88,14.64,-4.88,-9.76,-14.64,-24.4,-24.4,0,-4.88,131.76
-14.64,-4.88,9.76,9.76,-14.64,0,-14.64,-24.4,-14.64,9.76,9.76,156.16
-19.52,0,19.52,9.76,-19.52,9.76,-14.64,-24.4,-19.52,4.88,0,151.28
-14.64,0,14.64,9.76,-14.64,4.88,-19.52,-29.28,-19.52,4.88,-4.88,146.4
-4.88,9.76,14.64,0,-9.76,9.76,-29.28,-39.04,-24.4,4.88,-14.64,131.76
4.88,19.52,14.64,-9.76,-4.88,14.64,-29.28,-29.28,-19.52,14.64,-14.64,141.52
0,19.52,19.52,-9.76,-9.76,19.52,-24.4,-24.4,4.88,19.52,-4.88,151.28
-4.88,29.28,34.16,-9.76,-19.52,29.28,34.16,19.52,48.8,63.44,-4.88,156.16
-4.88,39.04,43.92,-14.64,-24.4,39.04,97.6,82.96,126.88,136.64,39.04,175.68
39.04,58.56,19.52,-48.8,9.76,39.04,156.16,141.52,219.6,253.76,107.36,209.84
68.32,92.72,24.4,-78.08,19.52,58.56,224.48,214.72,341.6,405.04,195.2,258.64
97.6,141.52,43.92,-117.12,24.4,92.72,287.92,278.16,483.12,590.48,326.96,322.08
136.64,190.32,53.68,-161.04,39.04,122,375.76,375.76,653.92,814.96,497.76,419.68
195.2,248.88,53.68,-219.6,68.32,151.28,453.84,448.96,819.84,1039.44,673.44,546.56
268.4,322.08,53.68,-292.8,107.36,185.44,512.4,512.4,976,1273.68,888.16,678.32
346.48,453.84,107.36,-400.16,117.12,278.16,566.08,561.2,1107.76,1478.64,1141.92,834.48
444.08,610,165.92,-527.04,136.64,385.52,600.24,595.36,1268.8,1737.28,1488.4,1044.32
546.56,785.68,239.12,-663.68,151.28,512.4,649.04,639.28,1439.6,2059.36,1888.56,1298.08
619.76,936.96,317.2,-775.92,151.28,624.64,741.76,741.76,1654.32,2347.28,2239.92,1527.44
639.28,1039.44,400.16,-839.36,117.12,717.36,897.92,888.16,1859.28,2508.32,2449.76,1708
634.4,1098,463.6,-863.76,82.96,780.8,1000.4,1000.4,1908.08,2479.04,2479.04,1849.52
575.84,1039.44,463.6,-805.2,53.68,751.52,1044.32,1044.32,1786.08,2249.68,2313.12,1903.2
488,814.96,326.96,-649.04,78.08,570.96,1117.52,1117.52,1586,1859.28,1937.36,1834.88
336.72,556.32,219.6,-444.08,58.56,385.52,1098,1098,1263.92,1273.68,1429.84,1781.2
156.16,400.16,244,-278.16,-43.92,322.08,785.68,780.8,678.32,541.68,936.96,1751.92
-4.88,307.44,312.32,-151.28,-161.04,307.44,331.84,326.96,-4.88,-200.08,444.08,1693.36
-161.04,234.24,395.28,-34.16,-278.16,312.32,-14.64,-14.64,-512.4,-780.8,4.88,1625.04
-283.04,165.92,448.96,58.56,-366,307.44,-268.4,-273.28,-844.24,-1146.8,-331.84,1600.64
-346.48,117.12,463.6,117.12,-405.04,287.92,-448.96,-458.72,-1029.68,-1356.64,-556.32,1542.08
-405.04,34.16,439.2,185.44,-424.56,234.24,-600.24,-610,-1176.08,-1459.12,-732,1410.32
-414.8,-48.8,366,234.24,-390.4,156.16,-727.12,-736.88,-1254.16,-1459.12,-819.84,1254.16
-375.76,-48.8,326.96,214.72,-351.36,136.64,-771.04,-780.8,-1185.84,-1327.36,-751.52,1190.72
-336.72,-24.4,312.32,180.56,-326.96,141.52,-766.16,-766.16,-1083.36,-1180.96,-668.56,1107.76
-302.56,14.64,317.2,146.4,-312.32,165.92,-751.52,-756.4,-976,-1034.56,-561.2,956.48
-263.52,39.04,302.56,112.24,-283.04,170.8,-707.6,-712.48,-868.64,-897.92,-468.48,800.32
-229.36,14.64,244,107.36,-239.12,126.88,-634.4,-639.28,-761.28,-775.92,-414.8,717.36
-190.32,0,190.32,97.6,-190.32,92.72,-561.2,-570.96,-653.92,-658.8,-370.88,653.92
-161.04,-39.04,122,102.48,-141.52,39.04,-478.24,-492.88,-546.56,-556.32,-336.72,556.32
-136.64,-82.96,53.68,112.24,-97.6,-14.64,-385.52,-409.92,-453.84,-463.6,-302.56,439.2
-107.36,-92.72,14.64,102.48,-63.44,-39.04,-322.08,-341.6,-370.88,-395.28,-268.4,326.96
-97.6,-122,-24.4,112.24,-39.04,-73.2,-283.04,-302.56,-331.84,-375.76,-268.4,214.72
-87.84,-151.28,-63.44,122,-14.64,-107.36,-239.12,-253.76,-302.56,-346.48,-263.52,122
-87.84,-161.04,-73.2,126.88,-9.76,-117.12,-204.96,-214.72,-273.28,-326.96,-253.76,29.28
-87.84,-180.56,-92.72,136.64,0,-136.64,-175.68,-190.32,-258.64,-312.32,-263.52,-87.84
-73.2,-185.44,-112.24,131.76,19.52,-151.28,-170.8,-180.56,-239.12,-297.68,-258.64,-180.56
-68.32,-195.2,-126.88,131.76,29.28,-161.04,-165.92,-175.68,-224.48,-278.16,-253.76,-253.76
-58.56,-200.08,-141.52,131.76,39.04,-170.8,-141.52,-161.04,-195.2,-258.64,-239.12,-331.84
-48.8,-185.44,-136.64,117.12,43.92,-161.04,-117.12,-136.64,-170.8,-234.24,-224.48,-390.4
-43.92,-165.92,-122,107.36,39.04,-146.4,-87.84,-112.24,-151.28,-214.72,-214.72,-448.96
-39.04,-131.76,-92.72,87.84,24.4,-112.24,-43.92,-82.96,-136.64,-204.96,-204.96,-497.76
-43.92,-107.36,-63.44,78.08,9.76,-87.84,-19.52,-58.56,-112.24,-195.2,-185.44,-541.68
-58.56,-107.36,-48.8,82.96,-4.88,-78.08,-9.76,-43.92,-102.48,-190.32,-170.8,-580.72
-63.44,-112.24,-48.8,87.84,-9.76,-82.96,4.88,-34.16,-92.72,-185.44,-180.56,-629.52
-82.96,-102.48,-19.52,92.72,-34.16,-63.44,4.88,-34.16,-73.2,-170.8,-180.56,-678.32
-73.2,-82.96,-9.76,78.08,-34.16,-48.8,0,-34.16,-68.32,-161.04,-180.56,-717.36
-63.44,-63.44,0,63.44,-34.16,-34.16,-19.52,-48.8,-68.32,-151.28,-175.68,-736.88
-53.68,-73.2,-19.52,63.44,-19.52,-48.8,-34.16,-63.44,-78.08,-175.68,-165.92,-766.16
-58.56,-78.08,-19.52,68.32,-19.52,-48.8,-43.92,-68.32,-92.72,-195.2,-175.68,-790.56
-68.32,-73.2,-4.88,73.2,-34.16,-39.04,-48.8,-68.32,-87.84,-180.56,-161.04,-775.92
-73.2,-73.2,0,73.2,-39.04,-39.04,-63.44,-78.08,-92.72,-180.56,-161.04,-766.16
-73.2,-68.32,4.88,73.2,-39.04,-34.16,-68.32,-82.96,-97.6,-175.68,-161.04,-751.52
-82.96,-68.32,14.64,78.08,-48.8,-29.28,-87.84,-92.72,-97.6,-175.68,-175.68,-761.28
-78.08,-68.32,9.76,73.2,-43.92,-29.28,-92.72,-102.48,-87.84,-165.92,-170.8,-756.4
-73.2,-53.68,19.52,63.44,-48.8,-19.52,-87.84,-107.36,-82.96,-146.4,-175.68,-751.52
-78.08,-53.68,24.4,68.32,-53.68,-14.64,-97.6,-102.48,-73.2,-151.28,-165.92,-736.88
-73.2,-48.8,24.4,63.44,-48.8,-14.64,-82.96,-92.72,-73.2,-156.16,-151.28,-707.6
-73.2,-68.32,4.88,73.2,-39.04,-34.16,-63.44,-68.32,-63.44,-151.28,-151.28,-697.84
-82.96,-82.96,0,82.96,-43.92,-43.92,-73.2,-73.2,-78.08,-156.16,-156.16,-673.44
-73.2,-87.84,-14.64,82.96,-29.28,-53.68,-58.56,-68.32,-78.08,-156.16,-151.28,-644.16
-73.2,-97.6,-24.4,87.84,-24.4,-63.44,-68.32,-78.08,-82.96,-156.16,-161.04,-644.16
-82.96,-97.6,-14.64,92.72,-34.16,-58.56,-78.08,-87.84,-78.08,-151.28,-165.92,-614.88
-73.2,-92.72,-19.52,82.96,-29.28,-58.56,-73.2,-78.08,-68.32,-141.52,-161.04,-590.48
-63.44,-102.48,-39.04,82.96,-14.64,-73.2,-73.2,-78.08,-63.44,-136.64,-161.04,-575.84
-53.68,-87.84,-34.16,73.2,-9.76,-63.44,-68.32,-73.2,-63.44,-136.64,-151.28,-536.8
-43.92,-73.2,-29.28,58.56,-9.76,-53.68,-63.44,-68.32,-68.32,-146.4,-151.28,-522.16
-48.8,-78.08,-29.28,63.44,-9.76,-53.68,-53.68,-63.44,-68.32,-151.28,-156.16,-492.88
-43.92,-78.08,-34.16,63.44,-4.88,-58.56,-43.92,-53.68,-73.2,-146.4,-161.04,-473.36
-68.32,-112.24,-43.92,92.72,-14.64,-78.08,-43.92,-58.56,-82.96,-151.28,-175.68,-463.6
-78.08,-117.12,-39.04,97.6,-19.52,-78.08,-53.68,-68.32,-78.08,-141.52,-170.8,-458.72
-73.2,-117.12,-43.92,97.6,-14.64,-82.96,-58.56,-68.32,-73.2,-131.76,-165.92,-448.96
-68.32,-122,-53.68,97.6,-9.76,-87.84,-53.68,-68.32,-68.32,-131.76,-165.92,-439.2
-58.56,-112.24,-53.68,87.84,-4.88,-82.96,-43.92,-58.56,-53.68,-122,-146.4,-414.8
-48.8,-117.12,-68.32,82.96,9.76,-92.72,-29.28,-43.92,-48.8,-117.12,-141.52,-390.4
-53.68,-117.12,-63.44,87.84,4.88,-92.72,-24.4,-39.04,-53.68,-112.24,-141.52,-380.64
-58.56,-107.36,-48.8,82.96,-4.88,-78.08,-29.28,-39.04,-53.68,-122,-146.4,-366
-63.44,-117.12,-53.68,92.72,-4.88,-87.84,-19.52,-34.16,-63.44,-122,-156.16,-356.24
-43.92,-117.12,-73.2,82.96,14.64,-97.6,-24.4,-34.16,-58.56,-117.12,-161.04,-356.24
-43.92,-126.88,-82.96,87.84,19.52,-107.36,-24.4,-34.16,-48.8,-102.48,-170.8,-356.24
-43.92,-141.52,-97.6,92.72,24.4,-122,-19.52,-29.28,-43.92,-87.84,-156.16,-341.6
-29.28,-126.88,-97.6,78.08,34.16,-112.24,-14.64,-24.4,-24.4,-78.08,-136.64,-322.08
-34.16,-131.76,-97.6,82.96,29.28,-117.12,-4.88,-14.64,-14.64,-73.2,-141.52,-317.2
-34.16,-141.52,-107.36,87.84,34.16,-126.88,4.88,-4.88,-14.64,-78.08,-131.76,-307.44
-29.28,-141.52,-112.24,87.84,39.04,-126.88,0,0,-14.64,-68.32,-131.76,-292.8
-34.16,-151.28,-117.12,92.72,39.04,-136.64,4.88,9.76,-14.64,-78.08,-141.52,-283.04
-29.28,-146.4,-117.12,87.84,43.92,-131.76,14.64,9.76,-4.88,-68.32,-146.4,-283.04
-9.76,-131.76,-122,73.2,53.68,-126.88,4.88,0,-9.76,-63.44,-151.28,-287.92
-9.76,-136.64,-126.88,73.2,58.56,-131.76,9.76,0,0,-58.56,-156.16,-287.92
0,-126.88,-126.88,63.44,63.44,-126.88,19.52,9.76,19.52,-39.04,-151.28,-268.4
19.52,-102.48,-122,43.92,68.32,-112.24,19.52,14.64,19.52,-39.04,-136.64,-248.88
9.76,-107.36,-117.12,48.8,63.44,-112.24,34.16,29.28,24.4,-39.04,-122,-234.24
4.88,-112.24,-117.12,53.68,58.56,-117.12,34.16,39.04,24.4,-39.04,-117.12,-229.36
0,-136.64,-136.64,68.32,68.32,-136.64,34.16,34.16,19.52,-43.92,-122,-214.72
4.88,-146.4,-151.28,73.2,78.08,-151.28,34.16,34.16,14.64,-43.92,-126.88,-209.84
9.76,-131.76,-141.52,63.44,73.2,-136.64,29.28,24.4,19.52,-39.04,-131.76,-214.72
29.28,-126.88,-156.16,48.8,92.72,-141.52,19.52,14.64,14.64,-34.16,-126.88,-209.84
43.92,-97.6,-141.52,29.28,92.72,-122,24.4,14.64,19.52,-34.16,-122,-190.32
43.92,-82.96,-126.88,19.52,82.96,-107.36,24.4,9.76,24.4,-24.4,-107.36,-180.56
43.92,-82.96,-126.88,19.52,82.96,-107.36,29.28,24.4,24.4,-29.28,-102.48,-165.92
48.8,-68.32,-117.12,9.76,82.96,-92.72,29.28,24.4,24.4,-39.04,-107.36,-151.28
29.28,-78.08,-107.36,24.4,68.32,-92.72,24.4,19.52,19.52,-43.92,-112.24,-141.52
34.16,-87.84,-122,29.28,78.08,-107.36,19.52,19.52,4.88,-53.68,-122,-141.52
34.16,-97.6,-131.76,34.16,82.96,-117.12,9.76,9.76,4.88,-58.56,-117.12,-141.52
39.04,-102.48,-141.52,34.16,87.84,-122,4.88,4.88,0,-58.56,-117.12,-151.28
43.92,-97.6,-141.52,29.28,92.72,-122,0,4.88,4.88,-48.8,-112.24,-136.64
39.04,-87.84,-126.88,24.4,82.96,-107.36,-4.88,4.88,4.88,-39.04,-102.48,-131.76
43.92,-92.72,-136.64,24.4,87.84,-117.12,0,0,4.88,-43.92,-92.72,-122
48.8,-78.08,-126.88,14.64,87.84,-102.48,0,0,-4.88,-48.8,-92.72,-97.6
43.92,-78.08,-122,19.52,82.96,-102.48,0,0,-9.76,-58.56,-82.96,-82.96
48.8,-73.2,-122,14.64,82.96,-97.6,-4.88,-4.88,-14.64,-63.44,-87.84,-78.08
53.68,-68.32,-122,9.76,87.84,-97.6,-9.76,-9.76,-19.52,-63.44,-92.72,-78.08
53.68,-73.2,-126.88,9.76,87.84,-102.48,-24.4,-19.52,-24.4,-68.32,-92.72,-87.84
58.56,-63.44,-122,4.88,87.84,-92.72,-29.28,-24.4,-19.52,-58.56,-87.84,-78.08
58.56,-68.32,-126.88,4.88,92.72,-97.6,-29.28,-29.28,-14.64,-53.68,-68.32,-68.32
63.44,-58.56,-122,0,92.72,-92.72,-29.28,-24.4,-9.76,-58.56,-43.92,-43.92
53.68,-53.68,-107.36,0,78.08,-82.96,-19.52,-19.52,-9.76,-58.56,-43.92,-34.16
53.68,-53.68,-107.36,0,78.08,-82.96,-24.4,-19.52,-24.4,-63.44,-43.92,-34.16
48.8,-53.68,-102.48,4.88,73.2,-78.08,-19.52,-19.52,-19.52,-68.32,-39.04,-24.4
53.68,-48.8,-102.48,0,78.08,-78.08,-29.28,-24.4,-29.28,-73.2,-39.04,-24.4
39.04,-53.68,-92.72,9.76,63.44,-73.2,-29.28,-24.4,-24.4,-68.32,-29.28,-9.76
48.8,-34.16,-82.96,-4.88,63.44,-58.56,-29.28,-24.4,-14.64,-53.68,-29.28,-9.76
43.92,-29.28,-73.2,-4.88,58.56,-53.68,-39.04,-34.16,-19.52,-58.56,-48.8,-19.52
39.04,-24.4,-63.44,-4.88,48.8,-43.92,-39.04,-34.16,-9.76,-58.56,-29.28,-9.76
48.8,-4.88,-53.68,-19.52,48.8,-29.28,-24.4,-19.52,-4.88,-53.68,-19.52,4.88
39.04,0,-39.04,-19.52,39.04,-19.52,-34.16,-24.4,-14.64,-73.2,-24.4,9.76
34.16,-9.76,-43.92,-9.76,39.04,-29.28,-29.28,-24.4,-19.52,-73.2,-24.4,0
19.52,-24.4,-43.92,4.88,29.28,-34.16,-29.28,-29.28,-34.16,-87.84,-34.16,0
-4.88,-48.8,-43.92,29.28,19.52,-48.8,-34.16,-29.28,-29.28,-92.72,-34.16,-9.76
0,-34.16,-34.16,19.52,14.64,-34.16,-43.92,-34.16,-34.16,-87.84,-39.04,-4.88
9.76,-24.4,-34.16,9.76,19.52,-29.28,-43.92,-39.04,-29.28,-97.6,-43.92,0
14.64,-9.76,-24.4,0,19.52,-19.52,-39.04,-34.16,-24.4,-87.84,-29.28,4.88
9.76,0,-9.76,-4.88,9.76,-4.88,-39.04,-34.16,-19.52,-92.72,-29.28,19.52
9.76,-14.64,-24.4,4.88,14.64,-19.52,-34.16,-34.16,-29.28,-92.72,-29.28,24.4
-19.52,-4.88,14.64,14.64,-19.52,4.88,-24.4,-19.52,-19.52,-78.08,-29.28,24.4
-9.76,-9.76,0,9.76,-4.88,-4.88,-29.28,-29.28,-29.28,-78.08,-39.04,19.52
0,-14.64,-14.64,9.76,4.88,-14.64,-39.04,-39.04,-34.16,-73.2,-43.92,19.52
-24.4,-14.64,9.76,19.52,-19.52,-4.88,-34.16,-34.16,-29.28,-58.56,-48.8,19.52
-29.28,-29.28,0,29.28,-14.64,-14.64,-34.16,-39.04,-24.4,-29.28,-48.8,19.52
-14.64,-24.4,-9.76,19.52,-4.88,-19.52,-39.04,-43.92,-29.28,0,-43.92,14.64
-4.88,-14.64,-9.76,9.76,0,-14.64,-34.16,-39.04,-19.52,34.16,-34.16,24.4
-14.64,-34.16,-19.52,24.4,0,-29.28,-29.28,-29.28,-34.16,48.8,-29.28,29.28
-19.52,-34.16,-14.64,29.28,-4.88,-24.4,-19.52,-29.28,-29.28,53.68,-19.52,39.04
-24.4,-34.16,-9.76,29.28,-9.76,-24.4,-24.4,-29.28,-34.16,58.56,-24.4,43.92
-24.4,-48.8,-24.4,39.04,0,-39.04,-19.52,-19.52,-43.92,48.8,-29.28,34.16
-19.52,-34.16,-14.64,29.28,-4.88,-24.4,-34.16,-29.28,-39.04,24.4,-43.92,29.28
-14.64,-24.4,-9.76,19.52,-4.88,-19.52,-43.92,-39.04,-43.92,0,-53.68,24.4
-14.64,-24.4,-9.76,19.52,-4.88,-19.52,-39.04,-48.8,-39.04,-9.76,-53.68,24.4
-19.52,-24.4,-4.88,24.4,-9.76,-14.64,-34.16,-39.04,-34.16,-14.64,-34.16,34.16
-29.28,-29.28,0,29.28,-14.64,-14.64,-29.28,-39.04,-43.92,-29.28,-39.04,24.4
-19.52,-34.16,-14.64,29.28,-4.88,-24.4,-24.4,-29.28,-39.04,-29.28,-29.28,48.8
-39.04,-34.16,4.88,39.04,-24.4,-14.64,-14.64,-19.52,-39.04,-24.4,-24.4,53.68
-48.8,-48.8,0,48.8,-24.4,-24.4,-14.64,-19.52,-43.92,-34.16,-34.16,43.92
-29.28,-48.8,-19.52,39.04,-4.88,-34.16,-24.4,-29.28,-43.92,-34.16,-39.04,43.92
-34.16,-43.92,-9.76,39.04,-14.64,-29.28,-29.28,-34.16,-39.04,-29.28,-39.04,39.04
-34.16,-34.16,0,34.16,-19.52,-19.52,-29.28,-34.16,-34.16,-19.52,-39.04,43.92
-24.4,-14.64,9.76,19.52,-19.52,-4.88,-29.28,-34.16,-29.28,-14.64,-39.04,43.92
-24.4,-14.64,9.76,19.52,-19.52,-4.88,-24.4,-29.28,-29.28,-24.4,-39.04,48.8
-19.52,-9.76,9.76,14.64,-14.64,0,-14.64,-24.4,-34.16,-29.28,-29.28,58.56
-24.4,0,24.4,14.64,-24.4,9.76,-14.64,-24.4,-29.28,-48.8,-29.28,63.44
-24.4,-14.64,9.76,19.52,-19.52,-4.88,-14.64,-19.52,-39.04,-63.44,-34.16,63.44
-24.4,-14.64,9.76,19.52,-19.52,-4.88,-19.52,-29.28,-39.04,-73.2,-34.16,58.56
-29.28,-29.28,0,29.28,-14.64,-14.64,-24.4,-34.16,-39.04,-87.84,-39.04,53.68
-19.52,-29.28,-9.76,24.4,-4.88,-19.52,-24.4,-29.28,-34.16,-78.08,-34.16,53.68
-19.52,-19.52,0,19.52,-9.76,-9.76,-19.52,-19.52,-24.4,-68.32,-29.28,68.32
-24.4,-9.76,14.64,19.52,-19.52,0,-9.76,-19.52,-14.64,-68.32,-14.64,87.84
-24.4,0,24.4,14.64,-24.4,9.76,-9.76,-9.76,-14.64,-73.2,-9.76,87.84
-29.28,4.88,34.16,14.64,-34.16,19.52,-14.64,-14.64,-19.52,-43.92,-9.76,97.6
-19.52,4.88,24.4,9.76,-24.4,14.64,-19.52,-19.52,-24.4,29.28,-9.76,102.48
-19.52,14.64,34.16,4.88,-29.28,24.4,-19.52,-14.64,-29.28,209.84,-19.52,97.6
-19.52,14.64,34.16,4.88,-29.28,24.4,-24.4,-24.4,-24.4,331.84,-24.4,97.6
-19.52,9.76,29.28,4.88,-24.4,19.52,-19.52,-14.64,-14.64,312.32,-24.4,97.6
-19.52,4.88,24.4,9.76,-24.4,14.64,4.88,9.76,14.64,297.68,-24.4,117.12
-14.64,9.76,24.4,4.88,-19.52,14.64,58.56,63.44,82.96,331.84,4.88,204.96
19.52,43.92,24.4,-29.28,-4.88,34.16,131.76,131.76,170.8,405.04,63.44,297.68
58.56,73.2,14.64,-63.44,19.52,43.92,195.2,195.2,268.4,492.88,126.88,346.48
82.96,117.12,34.16,-97.6,24.4,73.2,268.4,278.16,405.04,639.28,258.64,448.96
126.88,175.68,48.8,-151.28,39.04,112.24,356.24,361.12,561.2,854,395.28,512.4
165.92,229.36,63.44,-195.2,48.8,146.4,434.32,434.32,712.48,1058.96,551.44,546.56
248.88,312.32,63.44,-278.16,92.72,185.44,512.4,517.28,883.28,1283.44,751.52,644.16
331.84,419.68,87.84,-375.76,122,253.76,556.32,561.2,1010.16,1464,980.88,829.6
424.56,561.2,136.64,-492.88,141.52,346.48,600.24,605.12,1171.2,1703.12,1298.08,1102.88
541.68,741.76,200.08,-639.28,170.8,468.48,653.92,658.8,1356.64,1995.92,1673.84,1322.48
619.76,902.8,283.04,-761.28,165.92,590.48,746.64,756.4,1561.6,2274.08,2034.96,1483.52
673.44,1044.32,370.88,-858.88,151.28,707.6,917.44,922.32,1790.96,2493.68,2293.6,1600.64
673.44,1122.4,448.96,-897.92,112.24,785.68,1044.32,1049.2,1888.56,2513.2,2371.68,1649.44
619.76,1078.48,458.72,-849.12,78.08,766.16,1083.36,1088.24,1781.2,2342.4,2249.68,1590.88
546.56,897.92,351.36,-722.24,97.6,624.64,1137.04,1146.8,1600.64,2025.2,1947.12,1361.52
419.68,629.52,209.84,-522.16,102.48,419.68,1146.8,1156.56,1312.72,1517.68,1488.4,1044.32
224.48,439.2,214.72,-331.84,4.88,326.96,888.16,893.04,814.96,834.48,1015.04,761.28
48.8,336.72,287.92,-190.32,-122,312.32,424.56,424.56,165.92,102.48,561.2,546.56
-102.48,239.12,341.6,-68.32,-224.48,287.92,24.4,34.16,-400.16,-556.32,112.24,322.08
-248.88,156.16,405.04,48.8,-326.96,278.16,-253.76,-244,-761.28,-985.76,-219.6,156.16
-331.84,107.36,439.2,112.24,-385.52,273.28,-444.08,-439.2,-976,-1254.16,-458.72,19.52
-400.16,14.64,414.8,195.2,-409.92,214.72,-600.24,-590.48,-1122.4,-1400.56,-649.04,-122
-434.32,-68.32,366,253.76,-400.16,146.4,-732,-727.12,-1210.24,-1454.24,-766.16,-253.76
-414.8,-73.2,341.6,244,-380.64,131.76,-785.68,-775.92,-1161.44,-1371.28,-756.4,-322.08
-370.88,-58.56,312.32,214.72,-341.6,126.88,-775.92,-771.04,-1063.84,-1234.64,-668.56,-322.08
-322.08,-4.88,317.2,165.92,-322.08,156.16,-761.28,-756.4,-951.6,-1093.12,-561.2,-292.8
-287.92,19.52,307.44,136.64,-297.68,161.04,-722.24,-712.48,-849.12,-946.72,-473.36,-278.16
-244,9.76,253.76,117.12,-248.88,131.76,-644.16,-644.16,-746.64,-844.24,-414.8,-283.04
-204.96,-14.64,190.32,112.24,-200.08,87.84,-575.84,-566.08,-649.04,-741.76,-370.88,-307.44
-175.68,-48.8,126.88,112.24,-151.28,39.04,-492.88,-488,-561.2,-644.16,-336.72,-336.72
-136.64,-82.96,53.68,112.24,-97.6,-14.64,-405.04,-409.92,-463.6,-551.44,-302.56,-380.64
-112.24,-107.36,4.88,112.24,-58.56,-53.68,-346.48,-341.6,-390.4,-488,-283.04,-409.92
-97.6,-131.76,-34.16,117.12,-34.16,-82.96,-302.56,-297.68,-351.36,-453.84,-287.92,-434.32
-97.6,-151.28,-53.68,126.88,-24.4,-102.48,-263.52,-253.76,-307.44,-424.56,-268.4,-463.6
-97.6,-170.8,-73.2,136.64,-14.64,-122,-219.6,-214.72,-278.16,-395.28,-258.64,-483.12
-97.6,-185.44,-87.84,141.52,-4.88,-136.64,-185.44,-180.56,-253.76,-370.88,-248.88,-492.88
-87.84,-185.44,-97.6,136.64,4.88,-141.52,-161.04,-156.16,-239.12,-361.12,-253.76,-492.88
-82.96,-204.96,-122,146.4,19.52,-165.92,-156.16,-146.4,-229.36,-356.24,-248.88,-507.52
-78.08,-204.96,-126.88,141.52,24.4,-165.92,-146.4,-136.64,-209.84,-331.84,-248.88,-527.04
-82.96,-195.2,-112.24,141.52,14.64,-156.16,-131.76,-126.88,-185.44,-302.56,-244,-522.16
-68.32,-180.56,-112.24,126.88,19.52,-146.4,-112.24,-107.36,-161.04,-292.8,-224.48,-522.16
-43.92,-151.28,-107.36,97.6,29.28,-131.76,-82.96,-82.96,-136.64,-263.52,-204.96,-492.88
-34.16,-117.12,-82.96,78.08,24.4,-102.48,-58.56,-53.68,-117.12,-248.88,-190.32,-473.36
-43.92,-97.6,-53.68,73.2,4.88,-78.08,-34.16,-29.28,-97.6,-234.24,-185.44,-458.72
-68.32,-102.48,-34.16,87.84,-19.52,-68.32,-19.52,-14.64,-92.72,-229.36,-185.44,-453.84
-92.72,-92.72,0,92.72,-48.8,-48.8,-9.76,0,-87.84,-224.48,-175.68,-444.08
-92.72,-82.96,9.76,87.84,-53.68,-39.04,-9.76,4.88,-68.32,-209.84,-175.68,-439.2
-78.08,-78.08,0,78.08,-39.04,-39.04,-34.16,-19.52,-78.08,-209.84,-170.8,-434.32
-73.2,-82.96,-9.76,78.08,-34.16,-48.8,-53.68,-39.04,-82.96,-214.72,-170.8,-434.32
-78.08,-78.08,0,78.08,-39.04,-39.04,-43.92,-29.28,-82.96,-200.08,-170.8,-414.8
-68.32,-68.32,0,68.32,-34.16,-34.16,-58.56,-48.8,-82.96,-195.2,-161.04,-409.92
-73.2,-58.56,14.64,68.32,-43.92,-24.4,-68.32,-63.44,-92.72,-190.32,-165.92,-390.4
-82.96,-53.68,29.28,68.32,-58.56,-14.64,-73.2,-68.32,-87.84,-185.44,-161.04,-390.4
-87.84,-53.68,34.16,73.2,-63.44,-9.76,-82.96,-78.08,-87.84,-185.44,-161.04,-385.52
-87.84,-53.68,34.16,73.2,-63.44,-9.76,-78.08,-78.08,-87.84,-180.56,-161.04,-375.76
-87.84,-48.8,39.04,68.32,-63.44,-4.88,-92.72,-87.84,-78.08,-165.92,-165.92,-375.76
-82.96,-48.8,34.16,68.32,-58.56,-9.76,-97.6,-92.72,-78.08,-156.16,-170.8,-375.76
-78.08,-53.68,24.4,68.32,-53.68,-14.64,-92.72,-82.96,-73.2,-146.4,-161.04,-370.88
-78.08,-68.32,9.76,73.2,-43.92,-29.28,-87.84,-78.08,-73.2,-136.64,-151.28,-370.88
-78.08,-68.32,9.76,73.2,-43.92,-29.28,-78.08,-63.44,-63.44,-131.76,-141.52,-351.36
-82.96,-73.2,9.76,78.08,-48.8,-34.16,-63.44,-53.68,-63.44,-126.88,-136.64,-331.84
-92.72,-82.96,9.76,87.84,-53.68,-39.04,-63.44,-53.68,-73.2,-131.76,-141.52,-322.08
-78.08,-78.08,0,78.08,-39.04,-39.04,-68.32,-58.56,-73.2,-131.76,-151.28,-312.32
-73.2,-78.08,-4.88,78.08,-34.16,-43.92,-78.08,-63.44,-82.96,-122,-156.16,-312.32
-68.32,-78.08,-9.76,73.2,-29.28,-43.92,-82.96,-73.2,-78.08,-117.12,-161.04,-317.2
-53.68,-68.32,-14.64,63.44,-19.52,-43.92,-78.08,-68.32,-73.2,-102.48,-151.28,-302.56
-53.68,-68.32,-14.64,63.44,-19.52,-43.92,-63.44,-53.68,-63.44,-92.72,-151.28,-317.2
-58.56,-73.2,-14.64,68.32,-24.4,-43.92,-53.68,-48.8,-63.44,-92.72,-146.4,-312.32
-58.56,-82.96,-24.4,73.2,-19.52,-53.68,-53.68,-43.92,-73.2,-87.84,-141.52,-312.32
-68.32,-107.36,-39.04,87.84,-14.64,-73.2,-48.8,-39.04,-78.08,-87.84,-141.52,-307.44
-68.32,-107.36,-39.04,87.84,-14.64,-73.2,-53.68,-53.68,-78.08,-87.84,-151.28,-317.2
-63.44,-112.24,-48.8,87.84,-9.76,-82.96,-48.8,-48.8,-68.32,-82.96,-156.16,-312.32
-68.32,-122,-53.68,97.6,-9.76,-87.84,-53.68,-48.8,-63.44,-68.32,-141.52,-307.44
-63.44,-107.36,-43.92,87.84,-9.76,-78.08,-58.56,-48.8,-53.68,-63.44,-151.28,-331.84
-53.68,-102.48,-48.8,78.08,-4.88,-78.08,-48.8,-43.92,-48.8,-53.68,-146.4,-341.6
-39.04,-87.84,-48.8,63.44,4.88,-68.32,-43.92,-34.16,-43.92,-48.8,-136.64,-336.72
-39.04,-78.08,-39.04,58.56,0,-58.56,-34.16,-24.4,-34.16,-34.16,-131.76,-336.72
-48.8,-92.72,-43.92,73.2,-4.88,-68.32,-29.28,-24.4,-43.92,-43.92,-141.52,-356.24
-43.92,-107.36,-63.44,78.08,9.76,-87.84,-24.4,-19.52,-39.04,-39.04,-141.52,-361.12
-53.68,-126.88,-73.2,92.72,9.76,-102.48,-24.4,-19.52,-39.04,-39.04,-146.4,-366
-53.68,-136.64,-82.96,97.6,14.64,-112.24,-24.4,-19.52,-29.28,-34.16,-141.52,-375.76
-43.92,-126.88,-82.96,87.84,19.52,-107.36,-19.52,-14.64,-14.64,-14.64,-136.64,-375.76
-39.04,-131.76,-92.72,87.84,24.4,-112.24,-14.64,-9.76,-9.76,-9.76,-141.52,-385.52
-34.16,-136.64,-102.48,87.84,34.16,-122,-9.76,-4.88,0,-4.88,-126.88,-390.4
-34.16,-122,-87.84,78.08,24.4,-107.36,0,0,-4.88,0,-126.88,-385.52
-29.28,-126.88,-97.6,78.08,34.16,-112.24,9.76,14.64,0,9.76,-126.88,-385.52
-24.4,-112.24,-87.84,68.32,29.28,-102.48,19.52,24.4,4.88,14.64,-126.88,-385.52
-14.64,-112.24,-97.6,63.44,39.04,-107.36,14.64,19.52,-4.88,9.76,-131.76,-390.4
0,-126.88,-126.88,63.44,63.44,-126.88,9.76,19.52,4.88,9.76,-131.76,-395.28
4.88,-112.24,-117.12,53.68,58.56,-117.12,9.76,19.52,9.76,24.4,-131.76,-395.28
4.88,-107.36,-112.24,53.68,58.56,-112.24,14.64,19.52,19.52,39.04,-122,-390.4
19.52,-107.36,-126.88,43.92,73.2,-117.12,19.52,29.28,29.28,43.92,-112.24,-375.76
14.64,-107.36,-122,48.8,68.32,-117.12,29.28,34.16,29.28,43.92,-107.36,-366
14.64,-117.12,-131.76,53.68,73.2,-126.88,29.28,34.16,29.28,34.16,-107.36,-356.24
14.64,-112.24,-126.88,48.8,68.32,-122,39.04,39.04,24.4,34.16,-107.36,-346.48
14.64,-107.36,-122,48.8,68.32,-117.12,24.4,29.28,19.52,29.28,-112.24,-346.48
24.4,-97.6,-122,39.04,73.2,-112.24,24.4,24.4,19.52,29.28,-112.24,-326.96
19.52,-82.96,-102.48,34.16,58.56,-92.72,24.4,24.4,24.4,34.16,-107.36,-317.2
29.28,-87.84,-117.12,29.28,73.2,-102.48,24.4,19.52,29.28,39.04,-97.6,-312.32
48.8,-73.2,-122,14.64,82.96,-97.6,24.4,24.4,29.28,34.16,-92.72,-297.68
48.8,-58.56,-107.36,4.88,78.08,-82.96,34.16,24.4,29.28,39.04,-87.84,-283.04
39.04,-73.2,-112.24,19.52,73.2,-92.72,34.16,39.04,29.28,34.16,-82.96,-273.28
34.16,-73.2,-107.36,19.52,68.32,-92.72,29.28,34.16,14.64,19.52,-92.72,-273.28
39.04,-78.08,-117.12,19.52,78.08,-97.6,14.64,19.52,4.88,14.64,-97.6,-268.4
48.8,-82.96,-131.76,19.52,87.84,-107.36,9.76,19.52,0,9.76,-107.36,-258.64
39.04,-68.32,-107.36,14.64,73.2,-87.84,9.76,14.64,4.88,24.4,-97.6,-248.88
43.92,-73.2,-117.12,14.64,78.08,-97.6,4.88,4.88,-4.88,24.4,-92.72,-239.12
53.68,-68.32,-122,9.76,87.84,-97.6,4.88,4.88,0,29.28,-87.84,-229.36
43.92,-68.32,-112.24,14.64,78.08,-92.72,9.76,9.76,4.88,34.16,-73.2,-209.84
48.8,-63.44,-112.24,9.76,78.08,-87.84,9.76,4.88,-4.88,29.28,-68.32,-200.08
58.56,-48.8,-107.36,-4.88,82.96,-78.08,9.76,9.76,-4.88,39.04,-63.44,-180.56
63.44,-53.68,-117.12,-4.88,87.84,-87.84,-4.88,-4.88,-14.64,34.16,-73.2,-180.56
68.32,-53.68,-122,-4.88,92.72,-87.84,-14.64,-14.64,-24.4,29.28,-78.08,-180.56
63.44,-53.68,-117.12,-4.88,87.84,-87.84,-24.4,-19.52,-24.4,39.04,-73.2,-180.56
58.56,-53.68,-112.24,0,82.96,-82.96,-29.28,-24.4,-19.52,39.04,-68.32,-175.68
63.44,-43.92,-107.36,-9.76,82.96,-78.08,-24.4,-19.52,-14.64,53.68,-48.8,-156.16
63.44,-39.04,-102.48,-9.76,82.96,-73.2,-24.4,-19.52,-14.64,73.2,-39.04,-141.52
63.44,-39.04,-102.48,-9.76,82.96,-73.2,-19.52,-9.76,-14.64,78.08,-29.28,-126.88
63.44,-43.92,-107.36,-9.76,82.96,-78.08,-24.4,-14.64,-19.52,82.96,-39.04,-126.88
43.92,-43.92,-87.84,0,63.44,-68.32,-24.4,-4.88,-14.64,97.6,-29.28,-117.12
53.68,-34.16,-87.84,-9.76,68.32,-63.44,-34.16,-29.28,-29.28,102.48,-39.04,-126.88
48.8,-29.28,-78.08,-9.76,63.44,-53.68,-34.16,-29.28,-24.4,112.24,-43.92,-117.12
43.92,-24.4,-68.32,-9.76,53.68,-48.8,-39.04,-34.16,-24.4,117.12,-39.04,-102.48
48.8,-4.88,-53.68,-19.52,48.8,-29.28,-39.04,-39.04,-19.52,126.88,-34.16,-102.48
48.8,4.88,-43.92,-24.4,43.92,-19.52,-34.16,-29.28,-14.64,131.76,-29.28,-92.72
39.04,4.88,-34.16,-19.52,34.16,-14.64,-34.16,-29.28,-9.76,136.64,-14.64,-87.84
19.52,4.88,-14.64,-9.76,14.64,-4.88,-29.28,-19.52,-14.64,126.88,-9.76,-82.96
9.76,-14.64,-24.4,4.88,14.64,-19.52,-24.4,-19.52,-24.4,107.36,-19.52,-82.96
9.76,-24.4,-34.16,9.76,19.52,-29.28,-29.28,-19.52,-24.4,102.48,-19.52,-78.08
-4.88,-29.28,-24.4,19.52,9.76,-29.28,-29.28,-24.4,-29.28,97.6,-34.16,-78.08
-4.88,-39.04,-34.16,24.4,14.64,-39.04,-39.04,-34.16,-29.28,102.48,-34.16,-78.08
0,-24.4,-24.4,14.64,9.76,-24.4,-34.16,-34.16,-19.52,117.12,-19.52,-63.44
0,-19.52,-19.52,9.76,9.76,-19.52,-39.04,-34.16,-24.4,117.12,-29.28,-63.44
0,-19.52,-19.52,9.76,9.76,-19.52,-29.28,-29.28,-19.52,117.12,-19.52,-58.56
4.88,-4.88,-9.76,0,4.88,-9.76,-24.4,-19.52,-24.4,112.24,-19.52,-53.68
0,-4.88,-4.88,4.88,0,-4.88,-29.28,-24.4,-29.28,112.24,-24.4,-48.8
-14.64,-9.76,4.88,14.64,-9.76,-4.88,-29.28,-24.4,-39.04,112.24,-24.4,-43.92
-14.64,-24.4,-9.76,19.52,-4.88,-19.52,-34.16,-29.28,-43.92,97.6,-34.16,-58.56
-19.52,-43.92,-24.4,34.16,0,-34.16,-34.16,-34.16,-34.16,92.72,-34.16,-58.56
-19.52,-34.16,-14.64,29.28,-4.88,-24.4,-39.04,-34.16,-34.16,92.72,-29.28,-58.56
-9.76,-34.16,-24.4,24.4,4.88,-29.28,-39.04,-43.92,-39.04,82.96,-29.28,-58.56
-14.64,-48.8,-34.16,34.16,9.76,-43.92,-29.28,-34.16,-29.28,87.84,-19.52,-48.8
-9.76,-39.04,-29.28,24.4,9.76,-34.16,-34.16,-34.16,-29.28,78.08,-14.64,-39.04
-14.64,-34.16,-19.52,24.4,0,-29.28,-24.4,-24.4,-34.16,63.44,-19.52,-43.92
-14.64,-29.28,-14.64,24.4,0,-24.4,-29.28,-34.16,-39.04,53.68,-34.16,-43.92
-14.64,-19.52,-4.88,19.52,-4.88,-14.64,-29.28,-34.16,-43.92,43.92,-34.16,-39.04
-19.52,-29.28,-9.76,24.4,-4.88,-19.52,-29.28,-34.16,-39.04,39.04,-39.04,-43.92
-24.4,-29.28,-4.88,29.28,-9.76,-19.52,-39.04,-39.04,-43.92,29.28,-34.16,-43.92
-24.4,-39.04,-14.64,34.16,-4.88,-29.28,-34.16,-43.92,-39.04,29.28,-29.28,-39.04
-19.52,-43.92,-24.4,34.16,0,-34.16,-29.28,-29.28,-29.28,29.28,-24.4,-39.04
-14.64,-34.16,-19.52,24.4,0,-29.28,-29.28,-29.28,-34.16,24.4,-14.64,-34.16
-19.52,-48.8,-29.28,34.16,4.88,-39.04,-29.28,-29.28,-34.16,9.76,-19.52,-29.28
-19.52,-53.68,-34.16,39.04,4.88,-43.92,-29.28,-24.4,-39.04,0,-19.52,-29.28
-29.28,-39.04,-9.76,34.16,-9.76,-24.4,-29.28,-29.28,-39.04,-4.88,-24.4,-24.4
-34.16,-43.92,-9.76,39.04,-14.64,-29.28,-24.4,-24.4,-43.92,-9.76,-29.28,-14.64
-24.4,-19.52,4.88,24.4,-14.64,-9.76,-34.16,-29.28,-43.92,-19.52,-29.28,-24.4
-19.52,-19.52,0,19.52,-9.76,-9.76,-34.16,-34.16,-39.04,-19.52,-34.16,-24.4
-19.52,-24.4,-4.88,24.4,-9.76,-14.64,-29.28,-34.16,-34.16,-24.4,-34.16,-24.4
-4.88,-9.76,-4.88,9.76,0,-9.76,-34.16,-29.28,-29.28,-9.76,-29.28,-4.88
-9.76,-9.76,0,9.76,-4.88,-4.88,-29.28,-24.4,-24.4,-9.76,-19.52,-4.88
-14.64,-14.64,0,14.64,-9.76,-9.76,-29.28,-24.4,-29.28,-9.76,-29.28,-14.64
-19.52,-19.52,0,19.52,-9.76,-9.76,-24.4,-24.4,-39.04,0,-34.16,-9.76
-24.4,-29.28,-4.88,29.28,-9.76,-19.52,-29.28,-34.16,-39.04,-9.76,-39.04,-19.52
-14.64,-19.52,-4.88,19.52,-4.88,-14.64,-39.04,-39.04,-39.04,9.76,-39.04,-14.64
-14.64,-14.64,0,14.64,-9.76,-9.76,-39.04,-39.04,-34.16,14.64,-34.16,-14.64
-4.88,0,4.88,4.88,-4.88,0,-34.16,-34.16,-29.28,19.52,-19.52,0
0,9.76,9.76,-4.88,-4.88,9.76,-24.4,-29.28,-19.52,29.28,-14.64,0
4.88,9.76,4.88,-4.88,0,4.88,-29.28,-29.28,-19.52,24.4,-14.64,9.76
14.64,9.76,-4.88,-9.76,9.76,0,-24.4,-24.4,-29.28,39.04,-9.76,14.64
4.88,19.52,14.64,-9.76,-4.88,14.64,-24.4,-24.4,-24.4,43.92,-9.76,14.64
-9.76,9.76,19.52,0,-14.64,14.64,-29.28,-29.28,-29.28,34.16,-14.64,4.88
-4.88,9.76,14.64,0,-9.76,9.76,-19.52,-19.52,-19.52,34.16,-19.52,9.76
-9.76,0,9.76,4.88,-9.76,4.88,0,0,4.88,43.92,-29.28,-4.88
4.88,14.64,9.76,-9.76,-4.88,9.76,48.8,48.8,63.44,107.36,-14.64,9.76
43.92,43.92,0,-43.92,19.52,19.52,107.36,107.36,151.28,200.08,34.16,19.52
82.96,63.44,-19.52,-73.2,48.8,19.52,170.8,180.56,248.88,326.96,107.36,43.92
112.24,112.24,0,-112.24,53.68,53.68,253.76,258.64,375.76,483.12,224.48,102.48
141.52,165.92,24.4,-151.28,58.56,92.72,341.6,341.6,522.16,673.44,366,165.92
185.44,214.72,29.28,-200.08,78.08,122,419.68,419.68,663.68,863.76,512.4,244
273.28,302.56,29.28,-287.92,122,165.92,488,488,805.2,1058.96,692.96,341.6
351.36,400.16,48.8,-375.76,151.28,224.48,541.68,541.68,936.96,1254.16,917.44,478.24
458.72,556.32,97.6,-507.52,180.56,326.96,590.48,590.48,1093.12,1507.92,1229.76,668.56
585.6,732,146.4,-658.8,219.6,439.2,653.92,649.04,1293.2,1810.48,1595.76,893.04
688.08,897.92,209.84,-790.56,239.12,551.44,741.76,746.64,1498.16,2093.52,1937.36,1093.12
736.88,1034.56,297.68,-883.28,219.6,663.68,912.56,917.44,1722.64,2308.24,2176.48,1263.92
756.4,1107.76,351.36,-932.08,200.08,727.12,1068.72,1068.72,1825.12,2337.52,2259.44,1337.12
727.12,1068.72,341.6,-897.92,190.32,702.72,1132.16,1132.16,1747.04,2171.6,2137.44,1302.96
653.92,883.28,229.36,-766.16,209.84,556.32,1200.48,1200.48,1586,1869.04,1834.88,1107.76
497.76,605.12,107.36,-551.44,195.2,356.24,1239.52,1239.52,1327.36,1395.68,1390.8,824.72
292.8,429.44,136.64,-361.12,78.08,283.04,1024.8,1024.8,902.8,785.68,946.72,619.76
87.84,331.84,244,-209.84,-78.08,287.92,570.96,566.08,307.44,112.24,522.16,463.6
-92.72,234.24,326.96,-68.32,-209.84,278.16,170.8,165.92,-229.36,-497.76,107.36,312.32
-214.72,180.56,395.28,19.52,-307.44,287.92,-161.04,-161.04,-600.24,-902.8,-200.08,185.44
-322.08,122,444.08,102.48,-385.52,283.04,-356.24,-356.24,-810.08,-1132.16,-419.68,102.48
-395.28,39.04,434.32,180.56,-414.8,234.24,-492.88,-497.76,-951.6,-1263.92,-585.6,0
-434.32,-48.8,385.52,244,-409.92,165.92,-639.28,-649.04,-1058.96,-1322.48,-712.48,-97.6
-419.68,-87.84,331.84,253.76,-375.76,122,-707.6,-712.48,-1049.2,-1254.16,-697.84,-136.64
-366,-63.44,302.56,214.72,-336.72,117.12,-712.48,-722.24,-956.48,-1122.4,-619.76,-117.12
-322.08,-19.52,302.56,170.8,-312.32,141.52,-712.48,-717.36,-858.88,-980.88,-527.04,-73.2
-273.28,4.88,278.16,136.64,-278.16,141.52,-678.32,-688.08,-771.04,-854,-444.08,-48.8
-229.36,4.88,234.24,112.24,-234.24,117.12,-624.64,-624.64,-683.2,-751.52,-390.4,-29.28
-204.96,-29.28,175.68,117.12,-190.32,73.2,-546.56,-556.32,-605.12,-653.92,-351.36,-29.28
-170.8,-63.44,107.36,117.12,-141.52,19.52,-478.24,-483.12,-527.04,-575.84,-326.96,-48.8
-136.64,-87.84,48.8,112.24,-92.72,-19.52,-405.04,-409.92,-448.96,-492.88,-307.44,-73.2
-117.12,-122,-4.88,122,-58.56,-63.44,-346.48,-346.48,-385.52,-429.44,-292.8,-97.6
-102.48,-156.16,-53.68,131.76,-24.4,-107.36,-297.68,-302.56,-336.72,-400.16,-283.04,-107.36
-87.84,-185.44,-97.6,136.64,4.88,-141.52,-253.76,-258.64,-302.56,-366,-273.28,-126.88
-82.96,-204.96,-122,146.4,19.52,-165.92,-219.6,-224.48,-273.28,-341.6,-268.4,-126.88
-82.96,-209.84,-126.88,146.4,19.52,-170.8,-185.44,-190.32,-248.88,-312.32,-253.76,-122
-78.08,-214.72,-136.64,146.4,29.28,-175.68,-156.16,-161.04,-229.36,-302.56,-248.88,-122
-68.32,-229.36,-161.04,151.28,43.92,-195.2,-151.28,-156.16,-219.6,-292.8,-253.76,-136.64
-53.68,-224.48,-170.8,141.52,58.56,-200.08,-136.64,-136.64,-200.08,-273.28,-239.12,-126.88
-48.8,-219.6,-170.8,136.64,58.56,-195.2,-126.88,-131.76,-195.2,-258.64,-244,-126.88
-34.16,-195.2,-161.04,117.12,63.44,-180.56,-102.48,-112.24,-170.8,-244,-234.24,-117.12
-24.4,-170.8,-146.4,97.6,58.56,-161.04,-87.84,-87.84,-146.4,-224.48,-224.48,-112.24
-29.28,-161.04,-131.76,97.6,48.8,-146.4,-53.68,-58.56,-117.12,-200.08,-200.08,-97.6
-39.04,-141.52,-102.48,92.72,29.28,-122,-34.16,-34.16,-102.48,-185.44,-190.32,-82.96
-63.44,-146.4,-82.96,107.36,9.76,-117.12,-9.76,-9.76,-92.72,-175.68,-175.68,-82.96
-63.44,-131.76,-68.32,97.6,0,-102.48,4.88,4.88,-78.08,-165.92,-175.68,-78.08
-58.56,-112.24,-53.68,87.84,-4.88,-82.96,4.88,4.88,-73.2,-165.92,-175.68,-78.08
-73.2,-112.24,-39.04,92.72,-19.52,-78.08,-9.76,-14.64,-73.2,-161.04,-165.92,-73.2
-68.32,-117.12,-48.8,92.72,-9.76,-82.96,-19.52,-19.52,-63.44,-156.16,-156.16,-63.44
-68.32,-97.6,-29.28,82.96,-19.52,-63.44,-29.28,-29.28,-73.2,-156.16,-165.92,-63.44
-73.2,-97.6,-24.4,87.84,-24.4,-63.44,-34.16,-34.16,-68.32,-151.28,-161.04,-48.8
-73.2,-78.08,-4.88,78.08,-34.16,-43.92,-43.92,-43.92,-68.32,-151.28,-151.28,-43.92
-73.2,-73.2,0,73.2,-39.04,-39.04,-63.44,-63.44,-82.96,-161.04,-161.04,-53.68
-78.08,-78.08,0,78.08,-39.04,-39.04,-68.32,-68.32,-78.08,-146.4,-156.16,-39.04
-68.32,-63.44,4.88,68.32,-39.04,-29.28,-68.32,-73.2,-82.96,-146.4,-161.04,-43.92
-78.08,-73.2,4.88,78.08,-43.92,-34.16,-82.96,-78.08,-82.96,-141.52,-156.16,-39.04
-73.2,-78.08,-4.88,78.08,-34.16,-43.92,-82.96,-82.96,-78.08,-146.4,-156.16,-39.04
-78.08,-82.96,-4.88,82.96,-39.04,-43.92,-78.08,-73.2,-78.08,-141.52,-146.4,-39.04
-82.96,-97.6,-14.64,92.72,-34.16,-58.56,-68.32,-63.44,-68.32,-131.76,-141.52,-43.92
-78.08,-97.6,-19.52,87.84,-29.28,-58.56,-58.56,-53.68,-63.44,-122,-131.76,-34.16
-73.2,-87.84,-14.64,82.96,-29.28,-53.68,-58.56,-53.68,-58.56,-122,-136.64,-43.92
-63.44,-78.08,-14.64,73.2,-24.4,-48.8,-53.68,-48.8,-63.44,-122,-141.52,-39.04
-58.56,-78.08,-19.52,68.32,-19.52,-48.8,-63.44,-63.44,-73.2,-122,-146.4,-43.92
-58.56,-87.84,-29.28,73.2,-14.64,-58.56,-73.2,-63.44,-78.08,-122,-146.4,-48.8
-53.68,-87.84,-34.16,73.2,-9.76,-63.44,-73.2,-63.44,-78.08,-117.12,-146.4,-43.92
-53.68,-82.96,-29.28,68.32,-14.64,-58.56,-63.44,-63.44,-68.32,-107.36,-141.52,-43.92
-63.44,-97.6,-34.16,82.96,-14.64,-68.32,-53.68,-48.8,-63.44,-102.48,-131.76,-43.92
-53.68,-102.48,-48.8,78.08,-4.88,-78.08,-58.56,-58.56,-73.2,-112.24,-131.76,-43.92
-43.92,-117.12,-73.2,82.96,14.64,-97.6,-53.68,-53.68,-73.2,-112.24,-131.76,-48.8
-43.92,-122,-78.08,82.96,14.64,-102.48,-53.68,-48.8,-82.96,-117.12,-141.52,-68.32
-48.8,-117.12,-68.32,82.96,9.76,-92.72,-53.68,-43.92,-78.08,-107.36,-141.52,-63.44
-58.56,-122,-63.44,92.72,0,-92.72,-58.56,-48.8,-92.72,-112.24,-151.28,-73.2
-58.56,-122,-63.44,92.72,0,-92.72,-58.56,-58.56,-82.96,-112.24,-146.4,-73.2
-58.56,-122,-63.44,92.72,0,-92.72,-53.68,-48.8,-68.32,-92.72,-141.52,-63.44
-39.04,-117.12,-78.08,78.08,19.52,-97.6,-53.68,-53.68,-68.32,-87.84,-141.52,-68.32
-14.64,-107.36,-92.72,63.44,39.04,-102.48,-48.8,-43.92,-58.56,-78.08,-136.64,-63.44
-14.64,-107.36,-92.72,63.44,39.04,-102.48,-39.04,-39.04,-58.56,-73.2,-141.52,-68.32
-4.88,-117.12,-112.24,63.44,53.68,-117.12,-34.16,-39.04,-58.56,-78.08,-146.4,-73.2
-14.64,-131.76,-117.12,73.2,48.8,-126.88,-39.04,-34.16,-63.44,-78.08,-146.4,-78.08
-24.4,-141.52,-117.12,82.96,43.92,-131.76,-34.16,-34.16,-58.56,-78.08,-151.28,-87.84
-34.16,-136.64,-102.48,87.84,34.16,-122,-29.28,-24.4,-48.8,-68.32,-141.52,-82.96
-39.04,-131.76,-92.72,87.84,24.4,-112.24,-19.52,-19.52,-39.04,-58.56,-131.76,-78.08
-29.28,-136.64,-107.36,82.96,39.04,-122,-19.52,-19.52,-34.16,-53.68,-131.76,-82.96
-19.52,-141.52,-122,82.96,48.8,-131.76,-14.64,-14.64,-29.28,-48.8,-126.88,-87.84
-9.76,-141.52,-131.76,78.08,58.56,-136.64,0,0,-19.52,-48.8,-122,-73.2
-4.88,-136.64,-131.76,73.2,63.44,-136.64,4.88,0,-24.4,-48.8,-126.88,-82.96
4.88,-141.52,-146.4,68.32,73.2,-146.4,4.88,0,-24.4,-48.8,-136.64,-87.84
4.88,-146.4,-151.28,73.2,78.08,-151.28,4.88,0,-19.52,-43.92,-126.88,-87.84
4.88,-141.52,-146.4,68.32,73.2,-146.4,4.88,4.88,-19.52,-39.04,-131.76,-87.84
14.64,-126.88,-141.52,58.56,78.08,-136.64,9.76,4.88,-14.64,-29.28,-131.76,-82.96
24.4,-122,-146.4,48.8,82.96,-136.64,9.76,4.88,-9.76,-34.16,-122,-87.84
29.28,-117.12,-146.4,43.92,87.84,-131.76,19.52,9.76,-4.88,-29.28,-122,-87.84
29.28,-131.76,-161.04,53.68,92.72,-146.4,19.52,14.64,0,-24.4,-117.12,-82.96
34.16,-131.76,-165.92,48.8,97.6,-151.28,24.4,24.4,0,-24.4,-112.24,-78.08
29.28,-126.88,-156.16,48.8,92.72,-141.52,29.28,24.4,0,-24.4,-107.36,-82.96
34.16,-136.64,-170.8,53.68,102.48,-156.16,29.28,24.4,0,-24.4,-107.36,-73.2
48.8,-112.24,-161.04,34.16,102.48,-136.64,19.52,14.64,-4.88,-34.16,-117.12,-73.2
48.8,-117.12,-165.92,34.16,107.36,-141.52,14.64,9.76,-9.76,-39.04,-112.24,-73.2
58.56,-112.24,-170.8,29.28,112.24,-141.52,14.64,9.76,-4.88,-34.16,-112.24,-68.32
58.56,-82.96,-141.52,14.64,97.6,-112.24,14.64,9.76,-4.88,-34.16,-112.24,-58.56
58.56,-78.08,-136.64,9.76,97.6,-107.36,19.52,14.64,0,-29.28,-107.36,-48.8
58.56,-78.08,-136.64,9.76,97.6,-107.36,24.4,14.64,-4.88,-34.16,-107.36,-48.8
58.56,-78.08,-136.64,9.76,97.6,-107.36,14.64,9.76,-14.64,-58.56,-112.24,-53.68
53.68,-87.84,-141.52,19.52,97.6,-117.12,9.76,4.88,-19.52,-63.44,-112.24,-68.32
58.56,-87.84,-146.4,14.64,102.48,-117.12,4.88,0,-24.4,-68.32,-112.24,-68.32
58.56,-87.84,-146.4,14.64,102.48,-117.12,-4.88,-9.76,-34.16,-68.32,-112.24,-58.56
48.8,-97.6,-146.4,24.4,97.6,-122,0,-4.88,-24.4,-63.44,-97.6,-48.8
58.56,-92.72,-151.28,19.52,102.48,-122,0,0,-24.4,-68.32,-87.84,-43.92
58.56,-82.96,-141.52,14.64,97.6,-112.24,0,-9.76,-19.52,-63.44,-87.84,-39.04
68.32,-73.2,-141.52,4.88,102.48,-107.36,-4.88,-9.76,-29.28,-78.08,-82.96,-29.28
73.2,-58.56,-131.76,-4.88,102.48,-97.6,-4.88,-14.64,-29.28,-68.32,-78.08,-29.28
63.44,-63.44,-126.88,0,92.72,-97.6,-9.76,-14.64,-34.16,-73.2,-73.2,-29.28
63.44,-58.56,-122,0,92.72,-92.72,-14.64,-19.52,-39.04,-78.08,-78.08,-24.4
58.56,-63.44,-122,4.88,87.84,-92.72,-19.52,-24.4,-39.04,-78.08,-82.96,-19.52
63.44,-68.32,-131.76,4.88,97.6,-102.48,-24.4,-29.28,-43.92,-78.08,-78.08,-19.52
68.32,-53.68,-122,-4.88,92.72,-87.84,-29.28,-34.16,-43.92,-73.2,-63.44,-19.52
53.68,-63.44,-117.12,4.88,82.96,-92.72,-19.52,-29.28,-39.04,-58.56,-48.8,-4.88
63.44,-63.44,-126.88,0,92.72,-97.6,-24.4,-29.28,-39.04,-73.2,-48.8,-4.88
68.32,-58.56,-126.88,-4.88,97.6,-92.72,-14.64,-19.52,-29.28,-68.32,-34.16,4.88
58.56,-48.8,-107.36,-4.88,82.96,-78.08,-19.52,-24.4,-39.04,-68.32,-34.16,4.88
58.56,-29.28,-87.84,-14.64,73.2,-58.56,-24.4,-29.28,-39.04,-68.32,-39.04,4.88
43.92,-29.28,-73.2,-4.88,58.56,-53.68,-34.16,-39.04,-48.8,-78.08,-48.8,-9.76
43.92,-24.4,-68.32,-9.76,53.68,-48.8,-34.16,-39.04,-43.92,-73.2,-43.92,-4.88
53.68,-9.76,-63.44,-19.52,58.56,-39.04,-29.28,-39.04,-39.04,-68.32,-39.04,0
43.92,-9.76,-53.68,-14.64,48.8,-34.16,-29.28,-39.04,-34.16,-68.32,-34.16,9.76
39.04,-9.76,-48.8,-14.64,43.92,-29.28,-24.4,-34.16,-29.28,-63.44,-29.28,9.76
24.4,-24.4,-48.8,0,34.16,-39.04,-24.4,-29.28,-34.16,-73.2,-24.4,4.88
9.76,-34.16,-43.92,14.64,24.4,-39.04,-19.52,-29.28,-29.28,-73.2,-24.4,0
9.76,-39.04,-48.8,14.64,29.28,-43.92,-19.52,-24.4,-34.16,-73.2,-29.28,0
0,-34.16,-34.16,19.52,14.64,-34.16,-19.52,-24.4,-34.16,-73.2,-29.28,4.88
4.88,-19.52,-24.4,9.76,14.64,-24.4,-24.4,-29.28,-39.04,-68.32,-34.16,0
0,-9.76,-9.76,4.88,4.88,-9.76,-29.28,-24.4,-34.16,-68.32,-29.28,-4.88
4.88,-14.64,-19.52,4.88,9.76,-19.52,-29.28,-29.28,-34.16,-63.44,-34.16,0
14.64,-4.88,-19.52,-4.88,14.64,-14.64,-24.4,-24.4,-29.28,-53.68,-29.28,0
-4.88,0,4.88,4.88,-4.88,0,-19.52,-24.4,-24.4,-58.56,-29.28,0
-9.76,-4.88,4.88,9.76,-9.76,0,-29.28,-24.4,-34.16,-68.32,-29.28,-4.88
-4.88,-9.76,-4.88,9.76,0,-9.76,-29.28,-29.28,-39.04,-58.56,-29.28,-9.76
-34.16,-34.16,0,34.16,-19.52,-19.52,-29.28,-24.4,-39.04,-39.04,-29.28,-9.76
-39.04,-39.04,0,39.04,-19.52,-19.52,-24.4,-19.52,-34.16,-14.64,-24.4,-4.88
-34.16,-29.28,4.88,34.16,-19.52,-14.64,-29.28,-14.64,-29.28,4.88,-29.28,0
-24.4,-39.04,-14.64,34.16,-4.88,-29.28,-24.4,-24.4,-34.16,19.52,-29.28,-14.64
-24.4,-34.16,-9.76,29.28,-9.76,-24.4,-29.28,-29.28,-39.04,34.16,-29.28,-14.64
-19.52,-29.28,-9.76,24.4,-4.88,-19.52,-24.4,-24.4,-29.28,48.8,-19.52,-9.76
-24.4,-29.28,-4.88,29.28,-9.76,-19.52,-19.52,-19.52,-39.04,53.68,-24.4,-9.76
-24.4,-24.4,0,24.4,-14.64,-14.64,-14.64,-14.64,-34.16,63.44,-24.4,-9.76
-24.4,-29.28,-4.88,29.28,-9.76,-19.52,-24.4,-19.52,-34.16,63.44,-29.28,-4.88
-24.4,-34.16,-9.76,29.28,-9.76,-24.4,-24.4,-24.4,-43.92,63.44,-34.16,-14.64
-39.04,-43.92,-4.88,43.92,-19.52,-24.4,-19.52,-19.52,-34.16,68.32,-34.16,-9.76
-39.04,-48.8,-9.76,43.92,-14.64,-29.28,-24.4,-29.28,-34.16,68.32,-34.16,-14.64
-29.28,-43.92,-14.64,39.04,-9.76,-29.28,-24.4,-29.28,-39.04,63.44,-24.4,-4.88
-29.28,-39.04,-9.76,34.16,-9.76,-24.4,-24.4,-24.4,-34.16,48.8,-24.4,-14.64
-34.16,-48.8,-14.64,43.92,-9.76,-34.16,-24.4,-24.4,-43.92,39.04,-29.28,-19.52
-29.28,-43.92,-14.64,39.04,-9.76,-29.28,-24.4,-29.28,-43.92,29.28,-34.16,-19.52
-29.28,-43.92,-14.64,39.04,-9.76,-29.28,-24.4,-24.4,-43.92,9.76,-34.16,-24.4
-24.4,-39.04,-14.64,34.16,-4.88,-29.28,-29.28,-29.28,-48.8,0,-39.04,-14.64
-24.4,-29.28,-4.88,29.28,-9.76,-19.52,-29.28,-29.28,-48.8,-9.76,-43.92,-14.64
-24.4,-39.04,-14.64,34.16,-4.88,-29.28,-34.16,-34.16,-48.8,-24.4,-43.92,-19.52
-14.64,-29.28,-14.64,24.4,0,-24.4,-34.16,-34.16,-43.92,-24.4,-39.04,-9.76
-14.64,-14.64,0,14.64,-9.76,-9.76,-29.28,-29.28,-39.04,-24.4,-39.04,-14.64
-19.52,-14.64,4.88,19.52,-14.64,-4.88,-29.28,-34.16,-39.04,-39.04,-34.16,-14.64
-14.64,-9.76,4.88,14.64,-9.76,-4.88,-34.16,-29.28,-39.04,-48.8,-29.28,-9.76
-24.4,-34.16,-9.76,29.28,-9.76,-24.4,-34.16,-29.28,-43.92,-68.32,-34.16,-19.52
-19.52,-34.16,-14.64,29.28,-4.88,-24.4,-34.16,-34.16,-43.92,-82.96,-34.16,-19.52
-9.76,-24.4,-14.64,19.52,0,-19.52,-39.04,-34.16,-48.8,-78.08,-39.04,-19.52
-14.64,-24.4,-9.76,19.52,-4.88,-19.52,-34.16,-29.28,-39.04,-78.08,-24.4,-4.88
-9.76,-14.64,-4.88,14.64,-4.88,-9.76,-34.16,-29.28,-24.4,-78.08,-14.64,4.88
-19.52,-9.76,9.76,14.64,-14.64,0,-34.16,-29.28,-29.28,-78.08,-14.64,0
-19.52,-14.64,4.88,19.52,-14.64,-4.88,-29.28,-24.4,-24.4,-82.96,-4.88,0
-9.76,4.88,14.64,4.88,-14.64,9.76,-29.28,-24.4,-29.28,-82.96,-4.88,9.76
-19.52,4.88,24.4,9.76,-24.4,14.64,-29.28,-24.4,-24.4,-82.96,-9.76,9.76
-24.4,4.88,29.28,9.76,-29.28,14.64,-29.28,-29.28,-29.28,-92.72,-19.52,0
-24.4,-4.88,19.52,14.64,-24.4,4.88,-24.4,-24.4,-24.4,-92.72,-19.52,4.88
-34.16,-9.76,24.4,24.4,-29.28,4.88,-9.76,-4.88,-4.88,-92.72,-19.52,-4.88
-24.4,9.76,34.16,9.76,-29.28,19.52,29.28,34.16,39.04,-63.44,-14.64,-4.88
4.88,19.52,14.64,-9.76,-4.88,14.64,82.96,87.84,107.36,0,14.64,0
43.92,43.92,0,-43.92,19.52,19.52,146.4,151.28,200.08,107.36,78.08,29.28
78.08,92.72,14.64,-82.96,29.28,53.68,224.48,224.48,312.32,253.76,170.8,78.08
117.12,136.64,19.52,-126.88,48.8,78.08,312.32,317.2,458.72,439.2,307.44,141.52
165.92,200.08,34.16,-180.56,63.44,117.12,390.4,395.28,590.48,639.28,448.96,200.08
239.12,278.16,39.04,-258.64,97.6,156.16,468.48,473.36,736.88,839.36,610,283.04
322.08,361.12,39.04,-341.6,141.52,200.08,527.04,531.92,863.76,1044.32,810.08,400.16
429.44,507.52,78.08,-468.48,175.68,292.8,575.84,580.72,1005.28,1268.8,1083.36,570.96
551.44,673.44,122,-610,214.72,395.28,644.16,649.04,1190.72,1571.36,1429.84,785.68
688.08,854,165.92,-771.04,258.64,507.52,732,736.88,1395.68,1883.68,1781.2,995.52
766.16,1005.28,239.12,-883.28,263.52,619.76,897.92,907.68,1629.92,2147.2,2059.36,1176.08
790.56,1093.12,302.56,-941.84,244,697.84,1078.48,1083.36,1790.96,2274.08,2210.64,1288.32
761.28,1107.76,346.48,-932.08,204.96,727.12,1161.44,1171.2,1756.8,2191.12,2176.48,1312.72
707.6,980.88,273.28,-844.24,214.72,624.64,1210.24,1220,1615.28,1952,1937.36,1180.96
595.36,717.36,122,-653.92,234.24,419.68,1268.8,1273.68,1400.56,1556.72,1537.2,912.56
405.04,517.28,112.24,-458.72,146.4,312.32,1141.92,1151.68,1049.2,1015.04,1088.24,663.68
185.44,419.68,234.24,-302.56,-24.4,326.96,732,741.76,522.16,380.64,688.08,512.4
-34.16,312.32,346.48,-136.64,-190.32,326.96,307.44,307.44,-19.52,-234.24,278.16,370.88
-185.44,253.76,439.2,-34.16,-312.32,346.48,-48.8,-43.92,-424.56,-707.6,-68.32,234.24
-317.2,185.44,502.64,68.32,-409.92,341.6,-287.92,-283.04,-678.32,-976,-302.56,131.76
-390.4,112.24,502.64,141.52,-448.96,307.44,-444.08,-444.08,-829.6,-1137.04,-473.36,34.16
-453.84,24.4,478.24,214.72,-468.48,248.88,-600.24,-595.36,-946.72,-1215.12,-600.24,-58.56
-468.48,-43.92,424.56,258.64,-448.96,190.32,-688.08,-683.2,-980.88,-1195.6,-639.28,-117.12
-409.92,-29.28,380.64,219.6,-395.28,175.68,-702.72,-707.6,-912.56,-1088.24,-585.6,-112.24
-366,4.88,370.88,180.56,-370.88,185.44,-697.84,-702.72,-824.72,-961.36,-502.64,-82.96
-302.56,48.8,351.36,126.88,-326.96,200.08,-683.2,-692.96,-746.64,-849.12,-429.44,-58.56
-258.64,53.68,312.32,102.48,-287.92,180.56,-634.4,-639.28,-668.56,-751.52,-375.76,-39.04
-248.88,9.76,258.64,122,-253.76,131.76,-575.84,-580.72,-600.24,-673.44,-351.36,-63.44
-204.96,-14.64,190.32,112.24,-200.08,87.84,-502.64,-507.52,-527.04,-590.48,-322.08,-73.2
-175.68,-43.92,131.76,112.24,-156.16,43.92,-424.56,-429.44,-458.72,-512.4,-292.8,-97.6
-161.04,-92.72,68.32,126.88,-117.12,-14.64,-361.12,-356.24,-380.64,-444.08,-273.28,-122
-126.88,-126.88,0,126.88,-63.44,-63.44,-317.2,-317.2,-346.48,-414.8,-283.04,-131.76
-112.24,-165.92,-53.68,141.52,-29.28,-112.24,-283.04,-278.16,-317.2,-390.4,-273.28,-141.52
-112.24,-180.56,-68.32,146.4,-24.4,-126.88,-239.12,-234.24,-283.04,-366,-263.52,-146.4
-107.36,-180.56,-73.2,146.4,-19.52,-126.88,-209.84,-204.96,-258.64,-331.84,-253.76,-151.28
-107.36,-190.32,-82.96,151.28,-14.64,-136.64,-190.32,-185.44,-248.88,-326.96,-258.64,-165.92
-87.84,-190.32,-102.48,141.52,4.88,-146.4,-165.92,-161.04,-224.48,-312.32,-248.88,-165.92
-78.08,-180.56,-102.48,131.76,9.76,-141.52,-156.16,-156.16,-214.72,-287.92,-244,-165.92
-82.96,-185.44,-102.48,136.64,9.76,-146.4,-151.28,-146.4,-209.84,-287.92,-248.88,-165.92
-58.56,-156.16,-97.6,107.36,19.52,-126.88,-131.76,-126.88,-180.56,-253.76,-234.24,-161.04
-53.68,-151.28,-97.6,102.48,19.52,-126.88,-102.48,-97.6,-156.16,-248.88,-229.36,-151.28
-48.8,-131.76,-82.96,92.72,14.64,-107.36,-82.96,-82.96,-136.64,-229.36,-204.96,-131.76
-63.44,-117.12,-53.68,92.72,-4.88,-87.84,-58.56,-53.68,-117.12,-214.72,-200.08,-131.76
-73.2,-122,-48.8,97.6,-14.64,-87.84,-43.92,-39.04,-112.24,-204.96,-190.32,-131.76
-78.08,-97.6,-19.52,87.84,-29.28,-58.56,-19.52,-19.52,-82.96,-180.56,-180.56,-117.12
-97.6,-82.96,14.64,92.72,-58.56,-34.16,-14.64,-9.76,-78.08,-175.68,-180.56,-112.24
-102.48,-68.32,34.16,87.84,-68.32,-19.52,-34.16,-29.28,-78.08,-180.56,-175.68,-122
-92.72,-63.44,29.28,78.08,-63.44,-19.52,-43.92,-34.16,-87.84,-175.68,-170.8,-117.12
-92.72,-48.8,43.92,73.2,-68.32,-4.88,-48.8,-48.8,-87.84,-165.92,-161.04,-112.24
-92.72,-43.92,48.8,68.32,-73.2,0,-53.68,-48.8,-82.96,-165.92,-156.16,-97.6
-92.72,-39.04,53.68,68.32,-73.2,4.88,-58.56,-53.68,-87.84,-170.8,-165.92,-97.6
-92.72,-39.04,53.68,68.32,-73.2,4.88,-68.32,-63.44,-82.96,-161.04,-165.92,-87.84
-92.72,-39.04,53.68,68.32,-73.2,4.88,-78.08,-73.2,-87.84,-161.04,-175.68,-112.24
-92.72,-29.28,63.44,63.44,-78.08,14.64,-82.96,-78.08,-87.84,-146.4,-151.28,-92.72
-87.84,-29.28,58.56,58.56,-73.2,14.64,-92.72,-92.72,-92.72,-151.28,-175.68,-97.6
-97.6,-34.16,63.44,68.32,-82.96,14.64,-97.6,-97.6,-87.84,-141.52,-170.8,-97.6
-97.6,-34.16,63.44,68.32,-82.96,14.64,-102.48,-102.48,-92.72,-146.4,-161.04,-97.6
-97.6,-34.16,63.44,68.32,-82.96,14.64,-87.84,-87.84,-87.84,-136.64,-151.28,-92.72
-92.72,-39.04,53.68,68.32,-73.2,4.88,-73.2,-78.08,-73.2,-122,-141.52,-82.96
-87.84,-48.8,39.04,68.32,-63.44,-4.88,-63.44,-68.32,-68.32,-112.24,-141.52,-92.72
-73.2,-34.16,39.04,53.68,-58.56,0,-53.68,-63.44,-68.32,-102.48,-146.4,-92.72
-87.84,-48.8,39.04,68.32,-63.44,-4.88,-63.44,-68.32,-73.2,-102.48,-141.52,-87.84
-92.72,-63.44,29.28,78.08,-63.44,-19.52,-63.44,-73.2,-78.08,-92.72,-146.4,-82.96
-68.32,-63.44,4.88,68.32,-39.04,-29.28,-73.2,-73.2,-82.96,-82.96,-151.28,-87.84
-58.56,-63.44,-4.88,63.44,-29.28,-34.16,-78.08,-87.84,-82.96,-82.96,-151.28,-82.96
-58.56,-63.44,-4.88,63.44,-29.28,-34.16,-68.32,-78.08,-78.08,-78.08,-146.4,-82.96
-68.32,-73.2,-4.88,73.2,-34.16,-39.04,-63.44,-82.96,-82.96,-73.2,-136.64,-78.08
-68.32,-87.84,-19.52,78.08,-24.4,-53.68,-53.68,-78.08,-82.96,-73.2,-136.64,-97.6
-68.32,-87.84,-19.52,78.08,-24.4,-53.68,-48.8,-73.2,-82.96,-73.2,-151.28,-102.48
-82.96,-97.6,-14.64,92.72,-34.16,-58.56,-43.92,-63.44,-78.08,-63.44,-146.4,-102.48
-78.08,-112.24,-34.16,97.6,-24.4,-73.2,-53.68,-68.32,-82.96,-43.92,-146.4,-117.12
-48.8,-92.72,-43.92,73.2,-4.88,-68.32,-48.8,-63.44,-73.2,0,-136.64,-112.24
-48.8,-102.48,-53.68,78.08,0,-78.08,-48.8,-68.32,-73.2,29.28,-131.76,-112.24
-39.04,-92.72,-53.68,68.32,4.88,-73.2,-39.04,-68.32,-68.32,43.92,-131.76,-97.6
-48.8,-82.96,-34.16,68.32,-9.76,-58.56,-19.52,-58.56,-58.56,68.32,-126.88,-92.72
-58.56,-87.84,-29.28,73.2,-14.64,-58.56,-14.64,-53.68,-58.56,73.2,-126.88,-92.72
-39.04,-92.72,-53.68,68.32,4.88,-73.2,-9.76,-48.8,-58.56,82.96,-141.52,-107.36
-48.8,-107.36,-58.56,78.08,4.88,-82.96,-14.64,-48.8,-53.68,97.6,-146.4,-112.24
-48.8,-107.36,-58.56,78.08,4.88,-82.96,-14.64,-43.92,-53.68,117.12,-136.64,-117.12
-34.16,-102.48,-68.32,68.32,14.64,-87.84,-4.88,-29.28,-48.8,131.76,-136.64,-112.24
-43.92,-122,-78.08,82.96,14.64,-102.48,-24.4,-29.28,-48.8,126.88,-141.52,-117.12
-39.04,-122,-82.96,82.96,19.52,-102.48,-19.52,-29.28,-43.92,122,-131.76,-112.24
-24.4,-117.12,-92.72,73.2,34.16,-107.36,-9.76,-14.64,-29.28,126.88,-131.76,-117.12
-24.4,-126.88,-102.48,78.08,39.04,-117.12,-9.76,-14.64,-29.28,131.76,-126.88,-117.12
-14.64,-122,-107.36,68.32,43.92,-117.12,0,-4.88,-29.28,126.88,-126.88,-107.36
-9.76,-122,-112.24,68.32,48.8,-117.12,4.88,-4.88,-34.16,112.24,-131.76,-117.12
-14.64,-117.12,-102.48,68.32,43.92,-112.24,14.64,-14.64,-29.28,102.48,-131.76,-126.88
-4.88,-102.48,-97.6,53.68,43.92,-102.48,29.28,-4.88,-24.4,107.36,-136.64,-126.88
4.88,-112.24,-117.12,53.68,58.56,-117.12,24.4,-9.76,-24.4,112.24,-131.76,-126.88
4.88,-107.36,-112.24,53.68,58.56,-112.24,19.52,9.76,-4.88,112.24,-107.36,-117.12
14.64,-107.36,-122,48.8,68.32,-117.12,14.64,9.76,-9.76,107.36,-117.12,-112.24
24.4,-122,-146.4,48.8,82.96,-136.64,14.64,14.64,-4.88,107.36,-117.12,-112.24
19.52,-122,-141.52,53.68,78.08,-131.76,29.28,24.4,4.88,102.48,-102.48,-97.6
14.64,-117.12,-131.76,53.68,73.2,-126.88,34.16,24.4,4.88,97.6,-102.48,-102.48
29.28,-112.24,-141.52,43.92,82.96,-126.88,24.4,19.52,0,102.48,-107.36,-107.36
43.92,-107.36,-151.28,34.16,97.6,-131.76,19.52,9.76,-9.76,92.72,-117.12,-117.12
29.28,-107.36,-136.64,39.04,82.96,-122,24.4,14.64,0,102.48,-107.36,-97.6
29.28,-92.72,-122,34.16,73.2,-107.36,29.28,24.4,9.76,102.48,-97.6,-92.72
48.8,-73.2,-122,14.64,82.96,-97.6,19.52,9.76,0,92.72,-102.48,-97.6
58.56,-82.96,-141.52,14.64,97.6,-112.24,19.52,14.64,0,87.84,-102.48,-87.84
48.8,-78.08,-126.88,14.64,87.84,-102.48,24.4,24.4,4.88,87.84,-87.84,-73.2
34.16,-92.72,-126.88,29.28,78.08,-112.24,24.4,19.52,0,87.84,-87.84,-73.2
34.16,-97.6,-131.76,34.16,82.96,-117.12,24.4,24.4,4.88,87.84,-87.84,-73.2
43.92,-87.84,-131.76,24.4,87.84,-112.24,14.64,14.64,-9.76,73.2,-92.72,-73.2
43.92,-97.6,-141.52,29.28,92.72,-122,9.76,9.76,-9.76,78.08,-92.72,-63.44
43.92,-97.6,-141.52,29.28,92.72,-122,4.88,9.76,-9.76,78.08,-87.84,-68.32
53.68,-82.96,-136.64,14.64,92.72,-112.24,0,0,-14.64,87.84,-82.96,-58.56
58.56,-78.08,-136.64,9.76,97.6,-107.36,4.88,4.88,-14.64,112.24,-78.08,-48.8
63.44,-58.56,-122,0,92.72,-92.72,0,4.88,-9.76,126.88,-73.2,-34.16
63.44,-53.68,-117.12,-4.88,87.84,-87.84,-4.88,0,-14.64,136.64,-68.32,-39.04
73.2,-58.56,-131.76,-4.88,102.48,-97.6,-9.76,0,-29.28,156.16,-78.08,-43.92
63.44,-63.44,-126.88,0,92.72,-97.6,-14.64,-9.76,-24.4,165.92,-68.32,-39.04
53.68,-68.32,-122,9.76,87.84,-97.6,-14.64,-9.76,-29.28,180.56,-73.2,-48.8
58.56,-63.44,-122,4.88,87.84,-92.72,-9.76,-4.88,-19.52,195.2,-53.68,-39.04
63.44,-63.44,-126.88,0,92.72,-97.6,-19.52,-14.64,-29.28,200.08,-48.8,-34.16
63.44,-68.32,-131.76,4.88,97.6,-102.48,-29.28,-24.4,-29.28,195.2,-53.68,-34.16
78.08,-43.92,-122,-14.64,97.6,-82.96,-19.52,-14.64,-24.4,209.84,-34.16,-14.64
73.2,-39.04,-112.24,-14.64,92.72,-78.08,-24.4,-14.64,-29.28,229.36,-29.28,-29.28
68.32,-34.16,-102.48,-14.64,82.96,-68.32,-29.28,-14.64,-29.28,268.4,-34.16,-24.4
53.68,-29.28,-82.96,-9.76,68.32,-58.56,-24.4,-9.76,-24.4,278.16,-34.16,-19.52
48.8,-29.28,-78.08,-9.76,63.44,-53.68,-34.16,-24.4,-34.16,253.76,-34.16,-24.4
48.8,-19.52,-68.32,-14.64,58.56,-43.92,-39.04,-24.4,-29.28,268.4,-34.16,-19.52
53.68,-4.88,-58.56,-24.4,53.68,-34.16,-29.28,-19.52,-24.4,273.28,-34.16,-14.64
34.16,-14.64,-48.8,-9.76,39.04,-34.16,-29.28,-14.64,-14.64,248.88,-29.28,-14.64
34.16,-14.64,-48.8,-9.76,39.04,-34.16,-29.28,-19.52,-19.52,214.72,-19.52,-9.76
19.52,-24.4,-43.92,4.88,29.28,-34.16,-29.28,-19.52,-24.4,185.44,-19.52,-14.64
4.88,-24.4,-29.28,9.76,14.64,-29.28,-24.4,-14.64,-19.52,165.92,-19.52,-4.88
0,-24.4,-24.4,14.64,9.76,-24.4,-24.4,-19.52,-24.4,146.4,-19.52,-9.76
9.76,-19.52,-29.28,4.88,19.52,-24.4,-29.28,-29.28,-29.28,126.88,-24.4,-19.52
9.76,-9.76,-19.52,0,14.64,-14.64,-34.16,-29.28,-34.16,107.36,-24.4,-14.64
4.88,-4.88,-9.76,0,4.88,-9.76,-34.16,-24.4,-29.28,92.72,-39.04,-24.4
4.88,-9.76,-14.64,4.88,9.76,-14.64,-29.28,-24.4,-19.52,78.08,-24.4,-14.64
4.88,0,-4.88,0,4.88,-4.88,-24.4,-24.4,-24.4,73.2,-14.64,-14.64
-14.64,-9.76,4.88,14.64,-9.76,-4.88,-29.28,-24.4,-24.4,48.8,-24.4,-9.76
-9.76,-14.64,-4.88,14.64,-4.88,-9.76,-29.28,-29.28,-34.16,39.04,-24.4,-4.88
-4.88,-14.64,-9.76,9.76,0,-14.64,-34.16,-34.16,-39.04,19.52,-29.28,-14.64
-19.52,-34.16,-14.64,29.28,-4.88,-24.4,-39.04,-39.04,-39.04,4.88,-24.4,-14.64
-19.52,-29.28,-9.76,24.4,-4.88,-19.52,-34.16,-34.16,-39.04,4.88,-29.28,-14.64
-19.52,-24.4,-4.88,24.4,-9.76,-14.64,-39.04,-34.16,-39.04,-9.76,-34.16,-24.4
-24.4,-39.04,-14.64,34.16,-4.88,-29.28,-34.16,-29.28,-29.28,0,-19.52,-9.76
-14.64,-34.16,-19.52,24.4,0,-29.28,-34.16,-39.04,-39.04,-9.76,-29.28,-14.64
-19.52,-39.04,-19.52,29.28,0,-29.28,-34.16,-34.16,-39.04,-14.64,-19.52,-14.64
-14.64,-34.16,-19.52,24.4,0,-29.28,-34.16,-29.28,-39.04,-9.76,-19.52,-14.64
-19.52,-24.4,-4.88,24.4,-9.76,-14.64,-34.16,-34.16,-39.04,-9.76,-39.04,-14.64
-29.28,-29.28,0,29.28,-14.64,-14.64,-29.28,-29.28,-39.04,-4.88,-34.16,-19.52
-24.4,-29.28,-4.88,29.28,-9.76,-19.52,-34.16,-34.16,-43.92,-4.88,-34.16,-19.52
-24.4,-39.04,-14.64,34.16,-4.88,-29.28,-43.92,-34.16,-43.92,4.88,-29.28,-14.64
-24.4,-39.04,-14.64,34.16,-4.88,-29.28,-39.04,-34.16,-43.92,9.76,-34.16,-19.52
-14.64,-24.4,-9.76,19.52,-4.88,-19.52,-39.04,-34.16,-39.04,14.64,-34.16,-14.64
-24.4,-39.04,-14.64,34.16,-4.88,-29.28,-29.28,-29.28,-29.28,19.52,-24.4,-9.76
-29.28,-48.8,-19.52,39.04,-4.88,-34.16,-29.28,-29.28,-29.28,19.52,-24.4,-9.76
-19.52,-43.92,-24.4,34.16,0,-34.16,-29.28,-29.28,-34.16,24.4,-29.28,-4.88
-34.16,-48.8,-14.64,43.92,-9.76,-34.16,-29.28,-24.4,-34.16,24.4,-29.28,-14.64
-29.28,-34.16,-4.88,34.16,-14.64,-19.52,-29.28,-24.4,-29.28,29.28,-29.28,-4.88
-24.4,-39.04,-14.64,34.16,-4.88,-29.28,-34.16,-29.28,-39.04,29.28,-24.4,-9.76
-24.4,-34.16,-9.76,29.28,-9.76,-24.4,-39.04,-34.16,-39.04,29.28,-34.16,-14.64
-9.76,-14.64,-4.88,14.64,-4.88,-9.76,-39.04,-34.16,-39.04,34.16,-39.04,-9.76
-24.4,-14.64,9.76,19.52,-19.52,-4.88,-34.16,-29.28,-34.16,43.92,-43.92,-14.64
-24.4,-19.52,4.88,24.4,-14.64,-9.76,-29.28,-29.28,-29.28,43.92,-34.16,-9.76
-24.4,-19.52,4.88,24.4,-14.64,-9.76,-39.04,-29.28,-34.16,43.92,-29.28,-9.76
-19.52,-29.28,-9.76,24.4,-4.88,-19.52,-39.04,-34.16,-43.92,34.16,-39.04,-19.52
-19.52,-39.04,-19.52,29.28,0,-29.28,-34.16,-29.28,-39.04,48.8,-24.4,-14.64
-29.28,-29.28,0,29.28,-14.64,-14.64,-29.28,-24.4,-39.04,53.68,-24.4,-19.52
-24.4,-24.4,0,24.4,-14.64,-14.64,-34.16,-29.28,-34.16,53.68,-19.52,-9.76
-19.52,-14.64,4.88,19.52,-14.64,-4.88,-34.16,-29.28,-34.16,63.44,-14.64,-4.88
-29.28,-9.76,19.52,19.52,-24.4,4.88,-34.16,-29.28,-29.28,63.44,-19.52,0
-24.4,0,24.4,14.64,-24.4,9.76,-29.28,-24.4,-19.52,63.44,-9.76,4.88
-29.28,9.76,39.04,9.76,-34.16,24.4,-29.28,-24.4,-19.52,63.44,-9.76,9.76
-24.4,4.88,29.28,9.76,-29.28,14.64,-29.28,-24.4,-19.52,58.56,-9.76,9.76
-24.4,14.64,39.04,4.88,-34.16,24.4,-29.28,-24.4,-24.4,63.44,-9.76,0
-24.4,-9.76,14.64,19.52,-19.52,0,-24.4,-24.4,-24.4,63.44,-9.76,0
-29.28,-14.64,14.64,24.4,-24.4,0,-14.64,-9.76,-4.88,73.2,-4.88,0
-34.16,-9.76,24.4,24.4,-29.28,4.88,9.76,14.64,19.52,97.6,-14.64,-4.88
-14.64,-4.88,9.76,9.76,-14.64,0,53.68,53.68,68.32,131.76,0,0
24.4,19.52,-4.88,-19.52,14.64,4.88,117.12,122,156.16,229.36,53.68,24.4
58.56,63.44,4.88,-58.56,24.4,34.16,190.32,190.32,253.76,341.6,117.12,48.8
87.84,122,34.16,-102.48,24.4,78.08,263.52,268.4,380.64,502.64,224.48,92.72
141.52,180.56,39.04,-161.04,48.8,107.36,346.48,351.36,517.28,692.96,366,161.04
195.2,229.36,34.16,-209.84,78.08,131.76,429.44,434.32,658.8,888.16,517.28,229.36
263.52,302.56,39.04,-283.04,112.24,170.8,507.52,512.4,805.2,1093.12,702.72,326.96
346.48,405.04,58.56,-375.76,141.52,229.36,566.08,570.96,936.96,1302.96,936.96,473.36
463.6,556.32,92.72,-507.52,185.44,322.08,619.76,624.64,1102.88,1551.84,1234.64,658.8
605.12,746.64,141.52,-673.44,229.36,444.08,688.08,697.84,1288.32,1849.52,1586,883.28
702.72,897.92,195.2,-800.32,253.76,546.56,800.32,805.2,1503.04,2142.32,1917.84,1093.12
761.28,1034.56,273.28,-897.92,244,653.92,990.64,1000.4,1722.64,2361.92,2152.08,1244.4
785.68,1112.64,326.96,-946.72,229.36,717.36,1137.04,1141.92,1805.6,2391.2,2220.4,1327.36
732,1063.84,331.84,-897.92,200.08,697.84,1185.84,1195.6,1712.88,2230.16,2098.4,1283.44
658.8,878.4,219.6,-766.16,219.6,546.56,1249.28,1259.04,1537.2,1917.84,1781.2,1083.36
497.76,619.76,122,-556.32,185.44,370.88,1254.16,1254.16,1273.68,1449.36,1337.12,810.08
283.04,448.96,165.92,-366,58.56,307.44,990.64,990.64,839.36,863.76,917.44,595.36
87.84,361.12,273.28,-224.48,-92.72,317.2,551.44,551.44,292.8,234.24,531.92,468.48
-102.48,283.04,385.52,-87.84,-244,331.84,151.28,146.4,-200.08,-336.72,126.88,307.44
-239.12,204.96,444.08,19.52,-341.6,322.08,-156.16,-161.04,-536.8,-717.36,-170.8,185.44
-346.48,136.64,483.12,107.36,-414.8,307.44,-346.48,-351.36,-727.12,-936.96,-375.76,97.6
-419.68,48.8,468.48,185.44,-444.08,258.64,-507.52,-512.4,-868.64,-1063.84,-527.04,-9.76
-478.24,-39.04,439.2,258.64,-458.72,200.08,-644.16,-644.16,-961.36,-1098,-629.52,-102.48
-444.08,-48.8,395.28,248.88,-419.68,170.8,-688.08,-692.96,-927.2,-1019.92,-600.24,-112.24
-390.4,-19.52,370.88,204.96,-380.64,175.68,-692.96,-688.08,-844.24,-897.92,-527.04,-102.48
-336.72,29.28,366,156.16,-351.36,195.2,-678.32,-683.2,-761.28,-780.8,-453.84,-63.44
-278.16,48.8,326.96,117.12,-302.56,185.44,-658.8,-658.8,-692.96,-688.08,-395.28,-53.68
-244,9.76,253.76,117.12,-248.88,131.76,-595.36,-605.12,-624.64,-600.24,-351.36,-58.56
-219.6,-14.64,204.96,117.12,-214.72,92.72,-531.92,-531.92,-546.56,-517.28,-317.2,-73.2
-180.56,-48.8,131.76,117.12,-156.16,39.04,-473.36,-468.48,-488,-453.84,-302.56,-97.6
-165.92,-92.72,73.2,131.76,-122,-9.76,-390.4,-390.4,-409.92,-375.76,-278.16,-112.24
-151.28,-131.76,19.52,141.52,-87.84,-58.56,-331.84,-322.08,-341.6,-322.08,-258.64,-126.88
-146.4,-170.8,-24.4,161.04,-63.44,-97.6,-287.92,-287.92,-317.2,-297.68,-253.76,-146.4
-112.24,-180.56,-68.32,146.4,-24.4,-126.88,-253.76,-253.76,-292.8,-283.04,-258.64,-156.16
-112.24,-185.44,-73.2,151.28,-19.52,-131.76,-204.96,-209.84,-263.52,-258.64,-239.12,-146.4
-112.24,-204.96,-92.72,161.04,-9.76,-151.28,-185.44,-180.56,-234.24,-244,-239.12,-151.28
-97.6,-204.96,-107.36,151.28,4.88,-156.16,-161.04,-161.04,-214.72,-229.36,-229.36,-161.04
-92.72,-209.84,-117.12,151.28,9.76,-165.92,-151.28,-146.4,-200.08,-224.48,-234.24,-165.92
-73.2,-209.84,-136.64,141.52,29.28,-175.68,-141.52,-141.52,-195.2,-209.84,-244,-165.92
-58.56,-195.2,-136.64,126.88,39.04,-165.92,-131.76,-131.76,-180.56,-190.32,-234.24,-165.92
-53.68,-180.56,-126.88,117.12,34.16,-156.16,-112.24,-117.12,-156.16,-180.56,-224.48,-161.04
-48.8,-175.68,-126.88,112.24,39.04,-151.28,-87.84,-92.72,-136.64,-161.04,-200.08,-141.52
-53.68,-161.04,-107.36,107.36,24.4,-136.64,-63.44,-68.32,-122,-156.16,-190.32,-136.64
-53.68,-141.52,-87.84,97.6,14.64,-117.12,-39.04,-43.92,-97.6,-146.4,-180.56,-131.76
-68.32,-126.88,-58.56,97.6,-4.88,-92.72,-14.64,-19.52,-82.96,-131.76,-175.68,-126.88
-87.84,-117.12,-29.28,102.48,-29.28,-73.2,-14.64,-19.52,-78.08,-131.76,-170.8,-122
-97.6,-107.36,-9.76,102.48,-43.92,-58.56,-9.76,-14.64,-73.2,-126.88,-165.92,-122
-92.72,-92.72,0,92.72,-48.8,-48.8,-19.52,-29.28,-73.2,-117.12,-165.92,-117.12
-87.84,-82.96,4.88,87.84,-48.8,-39.04,-29.28,-39.04,-63.44,-107.36,-156.16,-102.48
-78.08,-68.32,9.76,73.2,-43.92,-29.28,-24.4,-34.16,-58.56,-107.36,-156.16,-107.36
-78.08,-68.32,9.76,73.2,-43.92,-29.28,-34.16,-43.92,-63.44,-107.36,-146.4,-102.48
-92.72,-63.44,29.28,78.08,-63.44,-19.52,-39.04,-48.8,-63.44,-107.36,-136.64,-92.72
-92.72,-53.68,39.04,73.2,-68.32,-9.76,-43.92,-53.68,-68.32,-107.36,-151.28,-87.84
-87.84,-43.92,43.92,68.32,-68.32,0,-63.44,-68.32,-63.44,-102.48,-151.28,-87.84
-97.6,-48.8,48.8,73.2,-73.2,0,-68.32,-73.2,-68.32,-107.36,-146.4,-87.84
-87.84,-68.32,19.52,78.08,-53.68,-24.4,-73.2,-78.08,-68.32,-107.36,-136.64,-87.84
-97.6,-68.32,29.28,82.96,-63.44,-19.52,-78.08,-87.84,-73.2,-112.24,-136.64,-97.6
-82.96,-68.32,14.64,78.08,-48.8,-29.28,-78.08,-82.96,-68.32,-107.36,-131.76,-92.72
-87.84,-78.08,9.76,82.96,-48.8,-34.16,-63.44,-68.32,-53.68,-97.6,-122,-82.96
-82.96,-68.32,14.64,78.08,-48.8,-29.28,-53.68,-53.68,-58.56,-97.6,-117.12,-87.84
-78.08,-63.44,14.64,73.2,-48.8,-24.4,-53.68,-53.68,-58.56,-102.48,-126.88,-87.84
-87.84,-73.2,14.64,82.96,-53.68,-29.28,-48.8,-48.8,-53.68,-97.6,-126.88,-87.84
-78.08,-68.32,9.76,73.2,-43.92,-29.28,-53.68,-53.68,-58.56,-102.48,-131.76,-97.6
-68.32,-68.32,0,68.32,-34.16,-34.16,-63.44,-68.32,-63.44,-102.48,-141.52,-97.6
-73.2,-78.08,-4.88,78.08,-34.16,-43.92,-63.44,-73.2,-63.44,-102.48,-136.64,-102.48
-68.32,-73.2,-4.88,73.2,-34.16,-39.04,-63.44,-73.2,-63.44,-107.36,-131.76,-97.6
-68.32,-87.84,-19.52,78.08,-24.4,-53.68,-58.56,-68.32,-63.44,-112.24,-131.76,-102.48
-63.44,-92.72,-29.28,78.08,-19.52,-63.44,-53.68,-68.32,-68.32,-117.12,-126.88,-102.48
-53.68,-92.72,-39.04,73.2,-9.76,-68.32,-48.8,-58.56,-63.44,-117.12,-126.88,-102.48
-73.2,-117.12,-43.92,97.6,-14.64,-82.96,-43.92,-53.68,-58.56,-112.24,-126.88,-102.48
-63.44,-126.88,-63.44,97.6,0,-97.6,-48.8,-53.68,-68.32,-117.12,-136.64,-107.36
-63.44,-112.24,-48.8,87.84,-9.76,-82.96,-43.92,-48.8,-68.32,-112.24,-136.64,-102.48
-73.2,-117.12,-43.92,97.6,-14.64,-82.96,-39.04,-48.8,-63.44,-102.48,-131.76,-107.36
-58.56,-97.6,-39.04,78.08,-9.76,-68.32,-39.04,-48.8,-53.68,-92.72,-126.88,-102.48
-53.68,-97.6,-43.92,78.08,-4.88,-73.2,-29.28,-39.04,-48.8,-87.84,-126.88,-102.48
-48.8,-97.6,-48.8,73.2,0,-73.2,-34.16,-34.16,-53.68,-87.84,-126.88,-112.24
-58.56,-102.48,-43.92,82.96,-9.76,-73.2,-29.28,-29.28,-48.8,-92.72,-126.88,-112.24
-53.68,-126.88,-73.2,92.72,9.76,-102.48,-24.4,-29.28,-58.56,-97.6,-136.64,-117.12
-53.68,-126.88,-73.2,92.72,9.76,-102.48,-19.52,-24.4,-48.8,-92.72,-131.76,-117.12
-53.68,-126.88,-73.2,92.72,9.76,-102.48,-19.52,-24.4,-43.92,-87.84,-136.64,-126.88
-58.56,-136.64,-78.08,97.6,9.76,-107.36,-19.52,-19.52,-39.04,-87.84,-131.76,-122
-53.68,-141.52,-87.84,97.6,14.64,-117.12,-14.64,-9.76,-24.4,-68.32,-122,-112.24
-43.92,-131.76,-87.84,87.84,19.52,-112.24,-9.76,-9.76,-19.52,-63.44,-122,-117.12
-39.04,-126.88,-87.84,82.96,24.4,-107.36,0,-4.88,-9.76,-58.56,-122,-122
-24.4,-112.24,-87.84,68.32,29.28,-102.48,4.88,0,-9.76,-58.56,-126.88,-122
-29.28,-117.12,-87.84,73.2,29.28,-102.48,9.76,9.76,-14.64,-63.44,-126.88,-126.88
-19.52,-117.12,-97.6,68.32,39.04,-107.36,14.64,9.76,-9.76,-53.68,-131.76,-131.76
-9.76,-112.24,-102.48,63.44,43.92,-107.36,14.64,9.76,-9.76,-53.68,-131.76,-126.88
-14.64,-126.88,-112.24,73.2,48.8,-122,9.76,4.88,-9.76,-53.68,-126.88,-131.76
-9.76,-122,-112.24,68.32,48.8,-117.12,19.52,9.76,4.88,-39.04,-112.24,-126.88
0,-131.76,-131.76,68.32,63.44,-131.76,24.4,19.52,4.88,-39.04,-112.24,-117.12
4.88,-131.76,-136.64,63.44,68.32,-136.64,24.4,24.4,14.64,-29.28,-107.36,-117.12
14.64,-117.12,-131.76,53.68,73.2,-126.88,34.16,29.28,14.64,-39.04,-102.48,-112.24
14.64,-117.12,-131.76,53.68,73.2,-126.88,34.16,29.28,14.64,-43.92,-107.36,-117.12
29.28,-102.48,-131.76,39.04,78.08,-117.12,34.16,24.4,9.76,-39.04,-112.24,-117.12
24.4,-92.72,-117.12,34.16,68.32,-107.36,29.28,19.52,4.88,-48.8,-112.24,-122
34.16,-87.84,-122,29.28,78.08,-107.36,19.52,14.64,0,-48.8,-117.12,-122
39.04,-78.08,-117.12,19.52,78.08,-97.6,19.52,14.64,4.88,-43.92,-112.24,-117.12
48.8,-73.2,-122,14.64,82.96,-97.6,24.4,14.64,9.76,-48.8,-102.48,-102.48
39.04,-73.2,-112.24,19.52,73.2,-92.72,24.4,19.52,9.76,-48.8,-97.6,-102.48
29.28,-78.08,-107.36,24.4,68.32,-92.72,29.28,19.52,9.76,-58.56,-87.84,-92.72
29.28,-82.96,-112.24,29.28,68.32,-97.6,29.28,24.4,9.76,-68.32,-92.72,-97.6
34.16,-78.08,-112.24,24.4,73.2,-97.6,24.4,19.52,-4.88,-73.2,-102.48,-92.72
29.28,-73.2,-102.48,24.4,63.44,-87.84,14.64,9.76,-4.88,-87.84,-102.48,-92.72
34.16,-82.96,-117.12,24.4,73.2,-102.48,9.76,0,-19.52,-97.6,-117.12,-112.24
58.56,-78.08,-136.64,9.76,97.6,-107.36,0,-4.88,-19.52,-97.6,-102.48,-97.6
63.44,-73.2,-136.64,4.88,97.6,-107.36,4.88,-4.88,-9.76,-87.84,-92.72,-82.96
63.44,-58.56,-122,0,92.72,-92.72,4.88,0,-9.76,-82.96,-92.72,-78.08
53.68,-43.92,-97.6,-4.88,73.2,-73.2,9.76,0,-4.88,-78.08,-82.96,-68.32
58.56,-53.68,-112.24,0,82.96,-82.96,9.76,0,-4.88,-87.84,-78.08,-63.44
78.08,-48.8,-126.88,-14.64,102.48,-87.84,0,-9.76,-19.52,-102.48,-82.96,-73.2
73.2,-58.56,-131.76,-4.88,102.48,-97.6,-14.64,-19.52,-34.16,-102.48,-78.08,-68.32
73.2,-53.68,-126.88,-9.76,97.6,-92.72,-14.64,-19.52,-34.16,-102.48,-73.2,-68.32
68.32,-48.8,-117.12,-9.76,92.72,-82.96,-19.52,-29.28,-34.16,-97.6,-68.32,-63.44
63.44,-53.68,-117.12,-4.88,87.84,-87.84,-29.28,-43.92,-34.16,-102.48,-63.44,-58.56
63.44,-43.92,-107.36,-9.76,82.96,-78.08,-24.4,-34.16,-29.28,-97.6,-48.8,-53.68
63.44,-39.04,-102.48,-9.76,82.96,-73.2,-24.4,-34.16,-29.28,-97.6,-43.92,-39.04
73.2,-34.16,-107.36,-19.52,87.84,-73.2,-24.4,-34.16,-34.16,-102.48,-48.8,-39.04
82.96,-14.64,-97.6,-34.16,87.84,-58.56,-29.28,-39.04,-39.04,-107.36,-53.68,-39.04
63.44,-24.4,-87.84,-19.52,73.2,-58.56,-24.4,-39.04,-34.16,-107.36,-53.68,-39.04
63.44,-24.4,-87.84,-19.52,73.2,-58.56,-29.28,-43.92,-39.04,-112.24,-53.68,-34.16
58.56,-4.88,-63.44,-24.4,58.56,-34.16,-34.16,-43.92,-39.04,-107.36,-48.8,-24.4
34.16,-4.88,-39.04,-14.64,34.16,-24.4,-29.28,-43.92,-29.28,-92.72,-39.04,-24.4
34.16,0,-34.16,-14.64,34.16,-19.52,-24.4,-39.04,-24.4,-97.6,-29.28,-19.52
29.28,-4.88,-34.16,-9.76,29.28,-19.52,-29.28,-39.04,-29.28,-102.48,-29.28,-24.4
29.28,-9.76,-39.04,-9.76,34.16,-24.4,-34.16,-39.04,-29.28,-102.48,-29.28,-24.4
29.28,-4.88,-34.16,-9.76,29.28,-19.52,-34.16,-39.04,-39.04,-112.24,-29.28,-24.4
14.64,-14.64,-29.28,0,19.52,-24.4,-29.28,-29.28,-34.16,-112.24,-29.28,-19.52
19.52,-9.76,-29.28,-4.88,24.4,-19.52,-29.28,-34.16,-34.16,-117.12,-29.28,-19.52
9.76,-4.88,-14.64,0,9.76,-9.76,-34.16,-39.04,-39.04,-112.24,-34.16,-24.4
9.76,-9.76,-19.52,0,14.64,-14.64,-43.92,-43.92,-43.92,-122,-43.92,-24.4
14.64,0,-14.64,-4.88,14.64,-9.76,-39.04,-39.04,-39.04,-112.24,-43.92,-24.4
9.76,14.64,4.88,-9.76,0,9.76,-34.16,-39.04,-29.28,-97.6,-34.16,-14.64
0,9.76,9.76,-4.88,-4.88,9.76,-34.16,-39.04,-24.4,-97.6,-29.28,-14.64
-4.88,4.88,9.76,0,-9.76,4.88,-34.16,-34.16,-29.28,-107.36,-29.28,-19.52
-9.76,-9.76,0,9.76,-4.88,-4.88,-39.04,-39.04,-39.04,-117.12,-34.16,-24.4
-9.76,-19.52,-9.76,14.64,0,-14.64,-39.04,-39.04,-43.92,-112.24,-34.16,-34.16
-9.76,-14.64,-4.88,14.64,-4.88,-9.76,-39.04,-43.92,-48.8,-112.24,-39.04,-39.04
-9.76,-24.4,-14.64,19.52,0,-19.52,-43.92,-48.8,-43.92,-117.12,-34.16,-34.16
-9.76,-29.28,-19.52,19.52,4.88,-24.4,-39.04,-43.92,-39.04,-112.24,-34.16,-24.4
-34.16,-29.28,4.88,34.16,-19.52,-14.64,-39.04,-48.8,-43.92,-102.48,-29.28,-19.52
-34.16,-24.4,9.76,29.28,-24.4,-9.76,-34.16,-43.92,-39.04,-78.08,-24.4,-14.64
-19.52,-4.88,14.64,14.64,-19.52,4.88,-29.28,-34.16,-34.16,-58.56,-24.4,-14.64
-24.4,-4.88,19.52,14.64,-24.4,4.88,-29.28,-39.04,-43.92,-58.56,-29.28,-19.52
-34.16,-14.64,19.52,24.4,-29.28,0,-34.16,-34.16,-48.8,-43.92,-39.04,-29.28
-29.28,-19.52,9.76,24.4,-19.52,-4.88,-39.04,-43.92,-48.8,-39.04,-43.92,-34.16
-34.16,-34.16,0,34.16,-19.52,-19.52,-34.16,-43.92,-53.68,-39.04,-39.04,-39.04
-29.28,-29.28,0,29.28,-14.64,-14.64,-39.04,-39.04,-48.8,-19.52,-39.04,-34.16
-39.04,-34.16,4.88,39.04,-24.4,-14.64,-34.16,-43.92,-39.04,-9.76,-34.16,-24.4
-34.16,-43.92,-9.76,39.04,-14.64,-29.28,-34.16,-39.04,-39.04,14.64,-19.52,-24.4
-24.4,-39.04,-14.64,34.16,-4.88,-29.28,-29.28,-39.04,-39.04,29.28,-24.4,-19.52
-29.28,-39.04,-9.76,34.16,-9.76,-24.4,-19.52,-34.16,-39.04,34.16,-24.4,-19.52
-29.28,-34.16,-4.88,34.16,-14.64,-19.52,-24.4,-39.04,-48.8,29.28,-39.04,-29.28
-29.28,-29.28,0,29.28,-14.64,-14.64,-24.4,-39.04,-39.04,29.28,-39.04,-24.4
-34.16,-29.28,4.88,34.16,-19.52,-14.64,-29.28,-43.92,-48.8,19.52,-43.92,-34.16
-24.4,-19.52,4.88,24.4,-14.64,-9.76,-34.16,-43.92,-48.8,29.28,-39.04,-24.4
-24.4,-9.76,14.64,19.52,-19.52,0,-29.28,-43.92,-48.8,34.16,-43.92,-24.4
-29.28,-19.52,9.76,24.4,-19.52,-4.88,-34.16,-39.04,-43.92,29.28,-39.04,-24.4
-24.4,-19.52,4.88,24.4,-14.64,-9.76,-24.4,-39.04,-34.16,19.52,-29.28,-19.52
-29.28,-34.16,-4.88,34.16,-14.64,-19.52,-24.4,-34.16,-43.92,4.88,-34.16,-24.4
-29.28,-39.04,-9.76,34.16,-9.76,-24.4,-34.16,-39.04,-43.92,-4.88,-34.16,-24.4
-29.28,-34.16,-4.88,34.16,-14.64,-19.52,-34.16,-29.28,-43.92,-4.88,-34.16,-24.4
-29.28,-29.28,0,29.28,-14.64,-14.64,-34.16,-34.16,-43.92,-14.64,-39.04,-24.4
-24.4,-9.76,14.64,19.52,-19.52,0,-34.16,-34.16,-39.04,-19.52,-39.04,-19.52
-24.4,-4.88,19.52,14.64,-24.4,4.88,-43.92,-34.16,-43.92,-29.28,-34.16,-9.76
-9.76,-4.88,4.88,9.76,-9.76,0,-43.92,-39.04,-43.92,-39.04,-29.28,-9.76
0,4.88,4.88,0,-4.88,4.88,-39.04,-39.04,-34.16,-43.92,-24.4,-4.88
-4.88,4.88,9.76,0,-9.76,4.88,-34.16,-29.28,-29.28,-58.56,-14.64,0
-14.64,0,14.64,9.76,-14.64,4.88,-29.28,-24.4,-29.28,-58.56,-14.64,0
-14.64,-9.76,4.88,14.64,-9.76,-4.88,-39.04,-34.16,-39.04,-68.32,-24.4,-4.88
-24.4,-24.4,0,24.4,-14.64,-14.64,-39.04,-39.04,-39.04,-82.96,-24.4,-4.88
-24.4,-14.64,9.76,19.52,-19.52,-4.88,-34.16,-34.16,-34.16,-87.84,-24.4,-14.64
-39.04,-9.76,29.28,24.4,-34.16,9.76,-24.4,-19.52,-19.52,-87.84,-24.4,-9.76
-43.92,-14.64,29.28,29.28,-39.04,4.88,19.52,19.52,29.28,-63.44,-9.76,0
0,14.64,14.64,-4.88,-9.76,14.64,63.44,68.32,82.96,-9.76,9.76,0
43.92,48.8,4.88,-43.92,19.52,24.4,126.88,131.76,180.56,78.08,68.32,29.28
87.84,102.48,14.64,-92.72,34.16,58.56,219.6,214.72,287.92,209.84,165.92,68.32
122,165.92,43.92,-141.52,39.04,102.48,297.68,287.92,419.68,375.76,278.16,117.12
165.92,209.84,43.92,-185.44,58.56,126.88,380.64,380.64,566.08,575.84,424.56,180.56
234.24,268.4,34.16,-248.88,97.6,151.28,468.48,473.36,712.48,775.92,575.84,263.52
317.2,341.6,24.4,-326.96,146.4,180.56,536.8,531.92,844.24,971.12,775.92,370.88
414.8,478.24,63.44,-444.08,175.68,268.4,590.48,595.36,985.76,1200.48,1039.44,536.8
556.32,653.92,97.6,-605.12,229.36,375.76,663.68,663.68,1161.44,1478.64,1361.52,746.64
688.08,819.84,131.76,-751.52,278.16,473.36,741.76,746.64,1361.52,1781.2,1693.36,951.6
780.8,980.88,200.08,-878.4,287.92,590.48,912.56,912.56,1595.76,2049.6,1991.04,1137.04
829.6,1102.88,273.28,-966.24,278.16,688.08,1098,1093.12,1771.44,2210.64,2147.2,1263.92
819.84,1141.92,322.08,-980.88,248.88,732,1180.96,1176.08,1756.8,2152.08,2147.2,1298.08
780.8,1049.2,268.4,-912.56,253.76,658.8,1224.88,1220,1615.28,1922.72,1937.36,1185.84
668.56,795.44,126.88,-732,268.4,458.72,1278.56,1278.56,1415.2,1571.36,1566.48,932.08
463.6,566.08,102.48,-512.4,180.56,331.84,1185.84,1180.96,1098,1054.08,1137.04,697.84
239.12,458.72,219.6,-346.48,9.76,336.72,810.08,810.08,619.76,473.36,756.4,541.68
29.28,351.36,322.08,-190.32,-146.4,336.72,366,366,82.96,-146.4,346.48,375.76
-146.4,263.52,409.92,-58.56,-278.16,336.72,14.64,14.64,-326.96,-629.52,0,248.88
-292.8,190.32,483.12,53.68,-390.4,336.72,-234.24,-234.24,-585.6,-922.32,-234.24,146.4
-380.64,102.48,483.12,141.52,-434.32,292.8,-400.16,-395.28,-751.52,-1093.12,-409.92,43.92
-439.2,19.52,458.72,209.84,-448.96,239.12,-556.32,-551.44,-868.64,-1185.84,-536.8,-53.68
-463.6,-34.16,429.44,248.88,-448.96,195.2,-649.04,-644.16,-907.68,-1176.08,-585.6,-112.24
-409.92,-14.64,395.28,214.72,-405.04,190.32,-668.56,-668.56,-849.12,-1068.72,-531.92,-102.48
-370.88,24.4,395.28,175.68,-385.52,209.84,-683.2,-678.32,-775.92,-956.48,-458.72,-82.96
-331.84,43.92,375.76,146.4,-356.24,209.84,-668.56,-663.68,-707.6,-858.88,-390.4,-58.56
-273.28,43.92,317.2,117.12,-297.68,180.56,-629.52,-619.76,-639.28,-766.16,-341.6,-53.68
-244,14.64,258.64,117.12,-253.76,136.64,-566.08,-566.08,-575.84,-688.08,-307.44,-58.56
-209.84,-24.4,185.44,117.12,-200.08,78.08,-512.4,-507.52,-512.4,-624.64,-297.68,-82.96
-180.56,-63.44,117.12,122,-151.28,24.4,-444.08,-439.2,-448.96,-551.44,-283.04,-107.36
-161.04,-112.24,48.8,136.64,-107.36,-34.16,-370.88,-370.88,-390.4,-497.76,-268.4,-131.76
-141.52,-146.4,-4.88,146.4,-68.32,-78.08,-326.96,-326.96,-336.72,-463.6,-258.64,-156.16
-126.88,-165.92,-39.04,146.4,-43.92,-102.48,-292.8,-287.92,-317.2,-439.2,-253.76,-165.92
-126.88,-195.2,-68.32,161.04,-29.28,-131.76,-248.88,-248.88,-287.92,-409.92,-248.88,-170.8
-107.36,-195.2,-87.84,151.28,-9.76,-141.52,-209.84,-209.84,-253.76,-390.4,-234.24,-165.92
-102.48,-190.32,-87.84,146.4,-9.76,-141.52,-185.44,-180.56,-234.24,-375.76,-234.24,-170.8
-92.72,-204.96,-112.24,151.28,9.76,-161.04,-165.92,-165.92,-219.6,-361.12,-234.24,-170.8
-82.96,-190.32,-107.36,136.64,9.76,-151.28,-151.28,-151.28,-209.84,-346.48,-234.24,-170.8
-78.08,-190.32,-112.24,136.64,14.64,-151.28,-156.16,-151.28,-204.96,-341.6,-248.88,-180.56
-63.44,-185.44,-122,126.88,29.28,-156.16,-146.4,-141.52,-185.44,-326.96,-234.24,-180.56
-48.8,-170.8,-122,112.24,34.16,-146.4,-131.76,-126.88,-170.8,-317.2,-219.6,-175.68
-58.56,-165.92,-107.36,112.24,24.4,-136.64,-97.6,-97.6,-146.4,-297.68,-200.08,-165.92
-68.32,-136.64,-68.32,102.48,0,-102.48,-73.2,-73.2,-126.88,-278.16,-185.44,-146.4
-87.84,-131.76,-43.92,112.24,-24.4,-87.84,-53.68,-48.8,-107.36,-273.28,-180.56,-141.52
-92.72,-136.64,-43.92,117.12,-24.4,-92.72,-43.92,-34.16,-97.6,-268.4,-165.92,-141.52
-92.72,-112.24,-19.52,102.48,-39.04,-68.32,-29.28,-19.52,-92.72,-253.76,-165.92,-136.64
-102.48,-102.48,0,102.48,-53.68,-53.68,-24.4,-19.52,-78.08,-234.24,-161.04,-122
-97.6,-78.08,19.52,87.84,-58.56,-29.28,-34.16,-29.28,-78.08,-229.36,-156.16,-122
-82.96,-58.56,24.4,73.2,-53.68,-19.52,-43.92,-39.04,-73.2,-224.48,-151.28,-112.24
-87.84,-53.68,34.16,73.2,-63.44,-9.76,-48.8,-43.92,-73.2,-219.6,-146.4,-112.24
-82.96,-43.92,39.04,63.44,-63.44,-4.88,-53.68,-48.8,-78.08,-219.6,-141.52,-102.48
-92.72,-34.16,58.56,63.44,-78.08,9.76,-58.56,-53.68,-73.2,-219.6,-141.52,-97.6
-97.6,-43.92,53.68,73.2,-78.08,4.88,-63.44,-63.44,-78.08,-219.6,-141.52,-92.72
-97.6,-43.92,53.68,73.2,-78.08,4.88,-78.08,-73.2,-82.96,-219.6,-146.4,-102.48
-112.24,-63.44,48.8,87.84,-82.96,-9.76,-87.84,-87.84,-82.96,-209.84,-146.4,-107.36
-97.6,-58.56,39.04,78.08,-68.32,-9.76,-97.6,-92.72,-92.72,-204.96,-146.4,-117.12
-87.84,-53.68,34.16,73.2,-63.44,-9.76,-102.48,-92.72,-82.96,-200.08,-136.64,-107.36
-97.6,-53.68,43.92,78.08,-73.2,-4.88,-92.72,-78.08,-73.2,-180.56,-126.88,-97.6
-87.84,-43.92,43.92,68.32,-68.32,0,-78.08,-68.32,-63.44,-170.8,-126.88,-92.72
-87.84,-48.8,39.04,68.32,-63.44,-4.88,-78.08,-63.44,-63.44,-170.8,-126.88,-97.6
-92.72,-58.56,34.16,78.08,-63.44,-14.64,-73.2,-58.56,-68.32,-175.68,-131.76,-97.6
-78.08,-48.8,29.28,63.44,-53.68,-9.76,-73.2,-68.32,-68.32,-170.8,-131.76,-92.72
-92.72,-63.44,29.28,78.08,-63.44,-19.52,-78.08,-73.2,-78.08,-165.92,-136.64,-97.6
-92.72,-63.44,29.28,78.08,-63.44,-19.52,-82.96,-73.2,-78.08,-161.04,-141.52,-102.48
-92.72,-82.96,9.76,87.84,-53.68,-39.04,-82.96,-73.2,-73.2,-141.52,-131.76,-97.6
-73.2,-87.84,-14.64,82.96,-29.28,-53.68,-82.96,-78.08,-78.08,-126.88,-126.88,-107.36
-68.32,-92.72,-24.4,82.96,-24.4,-58.56,-73.2,-63.44,-73.2,-92.72,-117.12,-102.48
-78.08,-97.6,-19.52,87.84,-29.28,-58.56,-68.32,-58.56,-78.08,-73.2,-117.12,-97.6
-82.96,-112.24,-29.28,97.6,-29.28,-73.2,-63.44,-58.56,-78.08,-58.56,-122,-102.48
-82.96,-107.36,-24.4,97.6,-29.28,-68.32,-68.32,-58.56,-87.84,-39.04,-126.88,-107.36
-78.08,-107.36,-29.28,92.72,-24.4,-68.32,-73.2,-63.44,-92.72,-24.4,-141.52,-112.24
-73.2,-102.48,-29.28,87.84,-24.4,-68.32,-68.32,-58.56,-73.2,9.76,-131.76,-107.36
-73.2,-87.84,-14.64,82.96,-29.28,-53.68,-73.2,-58.56,-73.2,24.4,-141.52,-117.12
-73.2,-92.72,-19.52,82.96,-29.28,-58.56,-68.32,-48.8,-68.32,39.04,-131.76,-107.36
-63.44,-87.84,-24.4,78.08,-19.52,-58.56,-58.56,-43.92,-53.68,58.56,-122,-102.48
-63.44,-112.24,-48.8,87.84,-9.76,-82.96,-53.68,-39.04,-63.44,53.68,-122,-112.24
-68.32,-122,-53.68,97.6,-9.76,-87.84,-48.8,-34.16,-58.56,39.04,-122,-107.36
-63.44,-122,-58.56,92.72,-4.88,-92.72,-39.04,-29.28,-58.56,19.52,-122,-117.12
-63.44,-131.76,-68.32,97.6,0,-102.48,-48.8,-34.16,-63.44,9.76,-131.76,-126.88
-63.44,-136.64,-73.2,102.48,4.88,-107.36,-43.92,-29.28,-58.56,48.8,-136.64,-122
-63.44,-126.88,-63.44,97.6,0,-97.6,-39.04,-24.4,-53.68,58.56,-131.76,-122
-63.44,-126.88,-63.44,97.6,0,-97.6,-39.04,-24.4,-43.92,63.44,-122,-117.12
-43.92,-107.36,-63.44,78.08,9.76,-87.84,-29.28,-14.64,-39.04,97.6,-126.88,-117.12
-34.16,-102.48,-68.32,68.32,14.64,-87.84,-19.52,0,-39.04,68.32,-122,-117.12
-39.04,-112.24,-73.2,78.08,14.64,-92.72,-14.64,4.88,-34.16,43.92,-122,-112.24
-29.28,-102.48,-73.2,68.32,19.52,-87.84,-9.76,9.76,-39.04,14.64,-131.76,-122
-24.4,-117.12,-92.72,73.2,34.16,-107.36,-9.76,9.76,-39.04,-9.76,-131.76,-122
-19.52,-122,-102.48,73.2,39.04,-112.24,-14.64,4.88,-39.04,-39.04,-141.52,-141.52
-24.4,-122,-97.6,73.2,34.16,-112.24,-9.76,9.76,-29.28,-58.56,-126.88,-136.64
-29.28,-126.88,-97.6,78.08,34.16,-112.24,-9.76,4.88,-19.52,-68.32,-126.88,-131.76
-19.52,-117.12,-97.6,68.32,39.04,-107.36,0,19.52,-9.76,-63.44,-117.12,-122
0,-107.36,-107.36,53.68,53.68,-107.36,0,19.52,-4.88,-82.96,-107.36,-117.12
14.64,-92.72,-107.36,39.04,58.56,-102.48,4.88,24.4,-14.64,-92.72,-112.24,-117.12
9.76,-87.84,-97.6,39.04,53.68,-92.72,9.76,34.16,-9.76,-107.36,-112.24,-112.24
9.76,-92.72,-102.48,43.92,53.68,-97.6,9.76,24.4,-14.64,-126.88,-117.12,-117.12
29.28,-87.84,-117.12,29.28,73.2,-102.48,-4.88,19.52,-19.52,-136.64,-122,-117.12
34.16,-82.96,-117.12,24.4,73.2,-102.48,0,24.4,-9.76,-131.76,-112.24,-107.36
19.52,-78.08,-97.6,29.28,58.56,-87.84,-4.88,19.52,-9.76,-131.76,-102.48,-97.6
24.4,-73.2,-97.6,24.4,58.56,-87.84,-4.88,19.52,-9.76,-136.64,-102.48,-97.6
29.28,-78.08,-107.36,24.4,68.32,-92.72,-9.76,14.64,-14.64,-146.4,-102.48,-102.48
39.04,-73.2,-112.24,19.52,73.2,-92.72,-4.88,14.64,-19.52,-146.4,-102.48,-107.36
39.04,-73.2,-112.24,19.52,73.2,-92.72,-4.88,19.52,-19.52,-151.28,-97.6,-92.72
29.28,-87.84,-117.12,29.28,73.2,-102.48,-9.76,14.64,-29.28,-156.16,-102.48,-97.6
29.28,-87.84,-117.12,29.28,73.2,-102.48,-14.64,9.76,-29.28,-165.92,-107.36,-102.48
29.28,-87.84,-117.12,29.28,73.2,-102.48,-14.64,9.76,-29.28,-161.04,-97.6,-92.72
34.16,-78.08,-112.24,24.4,73.2,-97.6,-19.52,4.88,-29.28,-161.04,-97.6,-87.84
48.8,-58.56,-107.36,4.88,78.08,-82.96,-19.52,4.88,-24.4,-151.28,-87.84,-78.08
58.56,-53.68,-112.24,0,82.96,-82.96,-24.4,4.88,-24.4,-151.28,-87.84,-68.32
63.44,-48.8,-112.24,-4.88,87.84,-82.96,-24.4,0,-29.28,-156.16,-92.72,-73.2
63.44,-43.92,-107.36,-9.76,82.96,-78.08,-24.4,0,-29.28,-156.16,-82.96,-63.44
58.56,-48.8,-107.36,-4.88,82.96,-78.08,-29.28,-9.76,-43.92,-175.68,-87.84,-68.32
58.56,-53.68,-112.24,0,82.96,-82.96,-29.28,-9.76,-48.8,-165.92,-82.96,-63.44
53.68,-48.8,-102.48,0,78.08,-78.08,-39.04,-19.52,-43.92,-161.04,-78.08,-58.56
48.8,-53.68,-102.48,4.88,73.2,-78.08,-48.8,-29.28,-48.8,-165.92,-73.2,-68.32
58.56,-53.68,-112.24,0,82.96,-82.96,-48.8,-24.4,-43.92,-146.4,-58.56,-48.8
63.44,-48.8,-112.24,-4.88,87.84,-82.96,-43.92,-24.4,-39.04,-136.64,-58.56,-39.04
73.2,-34.16,-107.36,-19.52,87.84,-73.2,-43.92,-24.4,-34.16,-131.76,-43.92,-29.28
68.32,-24.4,-92.72,-19.52,78.08,-58.56,-43.92,-24.4,-34.16,-131.76,-48.8,-39.04
58.56,-24.4,-82.96,-14.64,68.32,-53.68,-43.92,-24.4,-39.04,-136.64,-53.68,-39.04
53.68,-19.52,-73.2,-14.64,63.44,-48.8,-43.92,-24.4,-39.04,-141.52,-48.8,-39.04
43.92,-9.76,-53.68,-14.64,48.8,-34.16,-48.8,-29.28,-39.04,-136.64,-58.56,-34.16
34.16,-9.76,-43.92,-9.76,39.04,-29.28,-58.56,-34.16,-43.92,-136.64,-53.68,-34.16
34.16,-4.88,-39.04,-14.64,34.16,-24.4,-63.44,-34.16,-39.04,-126.88,-48.8,-29.28
43.92,-19.52,-63.44,-9.76,53.68,-43.92,-63.44,-34.16,-43.92,-131.76,-43.92,-29.28
34.16,-29.28,-63.44,0,48.8,-48.8,-58.56,-29.28,-39.04,-117.12,-39.04,-24.4
19.52,-24.4,-43.92,4.88,29.28,-34.16,-48.8,-24.4,-34.16,-107.36,-34.16,-19.52
14.64,-24.4,-39.04,4.88,24.4,-34.16,-43.92,-19.52,-34.16,-112.24,-29.28,-14.64
9.76,-14.64,-24.4,4.88,14.64,-19.52,-48.8,-19.52,-39.04,-112.24,-39.04,-14.64
9.76,-9.76,-19.52,0,14.64,-14.64,-53.68,-34.16,-43.92,-112.24,-48.8,-24.4
9.76,-9.76,-19.52,0,14.64,-14.64,-58.56,-39.04,-43.92,-117.12,-48.8,-29.28
4.88,0,-4.88,0,4.88,-4.88,-53.68,-34.16,-39.04,-107.36,-43.92,-24.4
-9.76,4.88,14.64,4.88,-14.64,9.76,-58.56,-39.04,-39.04,-102.48,-43.92,-29.28
-9.76,0,9.76,4.88,-9.76,4.88,-48.8,-34.16,-29.28,-102.48,-34.16,-14.64
-14.64,-4.88,9.76,9.76,-14.64,0,-53.68,-34.16,-34.16,-107.36,-34.16,-24.4
-24.4,-19.52,4.88,24.4,-14.64,-9.76,-43.92,-29.28,-34.16,-97.6,-29.28,-19.52
-29.28,-19.52,9.76,24.4,-19.52,-4.88,-48.8,-34.16,-43.92,-73.2,-39.04,-24.4
-24.4,-24.4,0,24.4,-14.64,-14.64,-53.68,-43.92,-48.8,-63.44,-43.92,-29.28
-29.28,-34.16,-4.88,34.16,-14.64,-19.52,-53.68,-43.92,-48.8,-48.8,-39.04,-29.28
-29.28,-34.16,-4.88,34.16,-14.64,-19.52,-53.68,-43.92,-48.8,-29.28,-39.04,-29.28
-29.28,-29.28,0,29.28,-14.64,-14.64,-53.68,-39.04,-43.92,-4.88,-34.16,-24.4
-19.52,-9.76,9.76,14.64,-14.64,0,-48.8,-39.04,-39.04,14.64,-39.04,-24.4
-9.76,-4.88,4.88,9.76,-9.76,0,-43.92,-34.16,-39.04,39.04,-39.04,-19.52
-24.4,-9.76,14.64,19.52,-19.52,0,-39.04,-29.28,-39.04,53.68,-34.16,-19.52
-34.16,-19.52,14.64,29.28,-24.4,-4.88,-34.16,-29.28,-34.16,63.44,-29.28,-14.64
-39.04,-39.04,0,39.04,-19.52,-19.52,-34.16,-24.4,-39.04,68.32,-29.28,-19.52
-43.92,-43.92,0,43.92,-24.4,-24.4,-43.92,-24.4,-43.92,63.44,-34.16,-24.4
-43.92,-39.04,4.88,43.92,-24.4,-19.52,-48.8,-29.28,-39.04,63.44,-34.16,-19.52
-43.92,-53.68,-9.76,48.8,-19.52,-34.16,-53.68,-29.28,-39.04,68.32,-34.16,-19.52
-39.04,-48.8,-9.76,43.92,-14.64,-29.28,-48.8,-29.28,-39.04,68.32,-34.16,-24.4
-29.28,-39.04,-9.76,34.16,-9.76,-24.4,-39.04,-24.4,-29.28,87.84,-29.28,-4.88
-34.16,-34.16,0,34.16,-19.52,-19.52,-43.92,-29.28,-34.16,87.84,-34.16,-9.76
-29.28,-24.4,4.88,29.28,-19.52,-9.76,-39.04,-24.4,-39.04,87.84,-34.16,-19.52
-34.16,-29.28,4.88,34.16,-19.52,-14.64,-39.04,-24.4,-43.92,78.08,-39.04,-24.4
-34.16,-34.16,0,34.16,-19.52,-19.52,-43.92,-29.28,-48.8,43.92,-48.8,-29.28
-29.28,-24.4,4.88,29.28,-19.52,-9.76,-43.92,-29.28,-48.8,19.52,-53.68,-24.4
-34.16,-29.28,4.88,34.16,-19.52,-14.64,-48.8,-34.16,-39.04,0,-48.8,-24.4
-29.28,-29.28,0,29.28,-14.64,-14.64,-43.92,-29.28,-34.16,-24.4,-39.04,-19.52
-34.16,-34.16,0,34.16,-19.52,-19.52,-53.68,-29.28,-39.04,-43.92,-39.04,-19.52
-43.92,-43.92,0,43.92,-24.4,-24.4,-48.8,-24.4,-34.16,-68.32,-34.16,-9.76
-39.04,-34.16,4.88,39.04,-24.4,-14.64,-43.92,-19.52,-34.16,-87.84,-34.16,-9.76
-43.92,-34.16,9.76,39.04,-29.28,-14.64,-43.92,-24.4,-39.04,-112.24,-39.04,-4.88
-43.92,-24.4,19.52,34.16,-34.16,-4.88,-48.8,-24.4,-34.16,-117.12,-43.92,-9.76
-24.4,-9.76,14.64,19.52,-19.52,0,-48.8,-29.28,-43.92,-126.88,-43.92,-14.64
-24.4,-14.64,9.76,19.52,-19.52,-4.88,-53.68,-29.28,-43.92,-126.88,-43.92,-19.52
-24.4,-4.88,19.52,14.64,-24.4,4.88,-48.8,-29.28,-29.28,-112.24,-29.28,-4.88
-24.4,4.88,29.28,9.76,-29.28,14.64,-43.92,-24.4,-24.4,-97.6,-24.4,0
-19.52,-4.88,14.64,14.64,-19.52,4.88,-48.8,-29.28,-24.4,-102.48,-19.52,4.88
-9.76,0,9.76,4.88,-9.76,4.88,-43.92,-24.4,-24.4,-97.6,-19.52,4.88
-19.52,-4.88,14.64,14.64,-19.52,4.88,-48.8,-34.16,-29.28,-107.36,-19.52,-4.88
-24.4,-9.76,14.64,19.52,-19.52,0,-43.92,-24.4,-29.28,-97.6,-19.52,-4.88
-19.52,-4.88,14.64,14.64,-19.52,4.88,-48.8,-29.28,-34.16,-107.36,-29.28,-14.64
-34.16,-19.52,14.64,29.28,-24.4,-4.88,-48.8,-34.16,-29.28,-102.48,-24.4,-19.52
-48.8,-19.52,29.28,34.16,-39.04,4.88,-29.28,-9.76,-4.88,-82.96,-14.64,-9.76
-39.04,0,39.04,19.52,-39.04,19.52,14.64,29.28,39.04,-53.68,-9.76,-9.76
4.88,19.52,14.64,-9.76,-4.88,14.64,63.44,82.96,102.48,14.64,14.64,4.88
58.56,63.44,4.88,-58.56,24.4,34.16,122,141.52,180.56,107.36,68.32,29.28
92.72,102.48,9.76,-97.6,39.04,53.68,195.2,214.72,283.04,239.12,156.16,68.32
117.12,146.4,29.28,-131.76,43.92,87.84,287.92,307.44,429.44,419.68,278.16,136.64
161.04,195.2,34.16,-175.68,63.44,112.24,366,385.52,556.32,590.48,405.04,185.44
234.24,244,9.76,-239.12,112.24,126.88,448.96,468.48,697.84,790.56,566.08,263.52
336.72,351.36,14.64,-341.6,161.04,180.56,512.4,531.92,819.84,990.64,771.04,375.76
444.08,483.12,39.04,-463.6,200.08,258.64,570.96,590.48,966.24,1215.12,1024.8,546.56
585.6,644.16,58.56,-614.88,263.52,351.36,639.28,658.8,1141.92,1503.04,1351.76,746.64
727.12,824.72,97.6,-775.92,312.32,458.72,746.64,766.16,1351.76,1800.72,1688.48,956.48
834.48,985.76,151.28,-907.68,341.6,566.08,912.56,927.2,1576.24,2064.24,1952,1137.04
873.52,1098,224.48,-985.76,322.08,658.8,1107.76,1132.16,1751.92,2215.52,2108.16,1254.16
858.88,1127.28,268.4,-990.64,292.8,697.84,1200.48,1224.88,1747.04,2161.84,2088.64,1283.44
795.44,995.52,200.08,-893.04,297.68,595.36,1244.4,1273.68,1605.52,1917.84,1859.28,1156.56
663.68,756.4,92.72,-707.6,283.04,424.56,1317.6,1342,1420.08,1556.72,1488.4,907.68
453.84,556.32,102.48,-502.64,175.68,326.96,1229.76,1254.16,1122.4,1073.6,1073.6,673.44
224.48,444.08,219.6,-331.84,0,331.84,868.64,888.16,663.68,507.52,697.84,527.04
4.88,356.24,351.36,-180.56,-175.68,351.36,429.44,453.84,151.28,-82.96,312.32,375.76
-180.56,263.52,444.08,-39.04,-312.32,351.36,63.44,82.96,-248.88,-546.56,-9.76,244
-322.08,190.32,512.4,68.32,-419.68,351.36,-185.44,-170.8,-497.76,-824.72,-219.6,156.16
-409.92,126.88,536.8,141.52,-473.36,331.84,-351.36,-341.6,-653.92,-985.76,-366,73.2
-478.24,34.16,512.4,224.48,-497.76,273.28,-497.76,-488,-775.92,-1078.48,-502.64,-19.52
-478.24,-14.64,463.6,248.88,-473.36,224.48,-619.76,-610,-834.48,-1078.48,-546.56,-78.08
-439.2,-4.88,434.32,224.48,-439.2,214.72,-649.04,-634.4,-785.68,-990.64,-507.52,-87.84
-380.64,19.52,400.16,180.56,-390.4,209.84,-658.8,-644.16,-717.36,-888.16,-439.2,-63.44
-331.84,63.44,395.28,136.64,-366,229.36,-658.8,-644.16,-658.8,-785.68,-366,-39.04
-292.8,48.8,341.6,122,-317.2,195.2,-619.76,-610,-595.36,-712.48,-326.96,-34.16
-253.76,14.64,268.4,122,-263.52,141.52,-566.08,-556.32,-546.56,-644.16,-302.56,-53.68
-224.48,-29.28,195.2,126.88,-209.84,82.96,-512.4,-497.76,-492.88,-590.48,-287.92,-78.08
-195.2,-82.96,112.24,141.52,-156.16,14.64,-444.08,-434.32,-429.44,-527.04,-273.28,-107.36
-165.92,-117.12,48.8,141.52,-107.36,-34.16,-375.76,-361.12,-370.88,-463.6,-258.64,-122
-156.16,-151.28,4.88,156.16,-82.96,-73.2,-331.84,-317.2,-326.96,-429.44,-253.76,-131.76
-151.28,-195.2,-43.92,175.68,-53.68,-122,-283.04,-278.16,-292.8,-400.16,-244,-141.52
-131.76,-195.2,-63.44,165.92,-34.16,-131.76,-253.76,-244,-278.16,-390.4,-244,-161.04
-122,-195.2,-73.2,161.04,-24.4,-136.64,-214.72,-204.96,-244,-366,-229.36,-156.16
-102.48,-190.32,-87.84,146.4,-9.76,-141.52,-190.32,-180.56,-224.48,-356.24,-234.24,-161.04
-97.6,-180.56,-82.96,141.52,-9.76,-131.76,-175.68,-161.04,-214.72,-351.36,-234.24,-165.92
-87.84,-185.44,-97.6,136.64,4.88,-141.52,-175.68,-156.16,-204.96,-346.48,-239.12,-170.8
-73.2,-195.2,-122,136.64,24.4,-161.04,-165.92,-151.28,-204.96,-341.6,-239.12,-170.8
-73.2,-204.96,-131.76,141.52,29.28,-170.8,-151.28,-146.4,-185.44,-322.08,-224.48,-170.8
-53.68,-185.44,-131.76,122,39.04,-161.04,-136.64,-126.88,-170.8,-307.44,-209.84,-165.92
-58.56,-165.92,-107.36,112.24,24.4,-136.64,-97.6,-87.84,-141.52,-297.68,-190.32,-151.28
-73.2,-165.92,-92.72,122,9.76,-131.76,-73.2,-63.44,-117.12,-292.8,-175.68,-131.76
-73.2,-151.28,-78.08,112.24,0,-117.12,-53.68,-43.92,-107.36,-283.04,-175.68,-136.64
-92.72,-136.64,-43.92,117.12,-24.4,-92.72,-39.04,-29.28,-97.6,-273.28,-170.8,-126.88
-92.72,-112.24,-19.52,102.48,-39.04,-68.32,-29.28,-24.4,-87.84,-268.4,-165.92,-122
-87.84,-87.84,0,87.84,-43.92,-43.92,-29.28,-14.64,-82.96,-248.88,-161.04,-117.12
-82.96,-73.2,9.76,78.08,-48.8,-34.16,-39.04,-24.4,-73.2,-239.12,-156.16,-112.24
-78.08,-63.44,14.64,73.2,-48.8,-24.4,-43.92,-34.16,-73.2,-239.12,-146.4,-107.36
-73.2,-53.68,19.52,63.44,-48.8,-19.52,-43.92,-29.28,-68.32,-239.12,-136.64,-97.6
-92.72,-58.56,34.16,78.08,-63.44,-14.64,-48.8,-34.16,-68.32,-244,-141.52,-92.72
-97.6,-58.56,39.04,78.08,-68.32,-9.76,-48.8,-39.04,-68.32,-244,-136.64,-87.84
-97.6,-63.44,34.16,82.96,-68.32,-14.64,-58.56,-48.8,-78.08,-244,-136.64,-92.72
-107.36,-63.44,43.92,87.84,-78.08,-9.76,-68.32,-58.56,-82.96,-248.88,-136.64,-92.72
-107.36,-68.32,39.04,87.84,-73.2,-14.64,-73.2,-73.2,-82.96,-239.12,-136.64,-92.72
-102.48,-63.44,39.04,82.96,-73.2,-14.64,-78.08,-82.96,-87.84,-239.12,-136.64,-92.72
-92.72,-53.68,39.04,73.2,-68.32,-9.76,-73.2,-87.84,-78.08,-229.36,-131.76,-87.84
-82.96,-43.92,39.04,63.44,-63.44,-4.88,-63.44,-78.08,-68.32,-219.6,-131.76,-87.84
-87.84,-53.68,34.16,73.2,-63.44,-9.76,-58.56,-73.2,-68.32,-224.48,-126.88,-87.84
-97.6,-48.8,48.8,73.2,-73.2,0,-43.92,-53.68,-53.68,-209.84,-112.24,-82.96
-97.6,-53.68,43.92,78.08,-73.2,-4.88,-39.04,-48.8,-58.56,-209.84,-122,-78.08
-78.08,-68.32,9.76,73.2,-43.92,-29.28,-53.68,-63.44,-68.32,-229.36,-131.76,-92.72
-78.08,-68.32,9.76,73.2,-43.92,-29.28,-63.44,-73.2,-73.2,-229.36,-131.76,-87.84
-78.08,-87.84,-9.76,82.96,-34.16,-48.8,-73.2,-82.96,-87.84,-234.24,-141.52,-102.48
-73.2,-87.84,-14.64,82.96,-29.28,-53.68,-73.2,-87.84,-78.08,-224.48,-131.76,-102.48
-48.8,-82.96,-34.16,68.32,-9.76,-58.56,-78.08,-87.84,-82.96,-224.48,-131.76,-102.48
-58.56,-92.72,-34.16,78.08,-14.64,-63.44,-63.44,-73.2,-78.08,-224.48,-126.88,-102.48
-58.56,-97.6,-39.04,78.08,-9.76,-68.32,-68.32,-73.2,-82.96,-234.24,-126.88,-107.36
-68.32,-97.6,-29.28,82.96,-19.52,-63.44,-63.44,-68.32,-87.84,-229.36,-131.76,-102.48
-73.2,-107.36,-34.16,92.72,-19.52,-73.2,-58.56,-63.44,-92.72,-234.24,-136.64,-102.48
-63.44,-92.72,-29.28,78.08,-19.52,-63.44,-63.44,-68.32,-97.6,-229.36,-146.4,-107.36
-58.56,-97.6,-39.04,78.08,-9.76,-68.32,-63.44,-63.44,-92.72,-219.6,-146.4,-112.24
-68.32,-97.6,-29.28,82.96,-19.52,-63.44,-63.44,-58.56,-78.08,-209.84,-136.64,-102.48
-68.32,-102.48,-34.16,87.84,-19.52,-68.32,-58.56,-58.56,-68.32,-204.96,-136.64,-102.48
-48.8,-102.48,-53.68,78.08,0,-78.08,-58.56,-63.44,-73.2,-204.96,-136.64,-107.36
-48.8,-97.6,-48.8,73.2,0,-73.2,-48.8,-53.68,-73.2,-200.08,-131.76,-112.24
-63.44,-102.48,-39.04,82.96,-14.64,-73.2,-43.92,-48.8,-68.32,-204.96,-131.76,-112.24
-53.68,-122,-68.32,87.84,4.88,-97.6,-39.04,-48.8,-78.08,-209.84,-141.52,-126.88
-53.68,-131.76,-78.08,92.72,9.76,-107.36,-39.04,-43.92,-78.08,-209.84,-141.52,-126.88
-53.68,-126.88,-73.2,92.72,9.76,-102.48,-39.04,-43.92,-73.2,-200.08,-146.4,-126.88
-39.04,-117.12,-78.08,78.08,19.52,-97.6,-34.16,-43.92,-68.32,-185.44,-146.4,-126.88
-29.28,-107.36,-78.08,68.32,24.4,-92.72,-29.28,-43.92,-53.68,-170.8,-136.64,-117.12
-24.4,-117.12,-92.72,73.2,34.16,-107.36,-19.52,-34.16,-43.92,-165.92,-136.64,-117.12
-19.52,-107.36,-87.84,63.44,34.16,-97.6,-9.76,-24.4,-39.04,-161.04,-131.76,-117.12
-14.64,-102.48,-87.84,58.56,34.16,-97.6,-4.88,-14.64,-34.16,-156.16,-131.76,-112.24
-9.76,-112.24,-102.48,63.44,43.92,-107.36,0,-14.64,-39.04,-170.8,-141.52,-122
0,-107.36,-107.36,53.68,53.68,-107.36,-4.88,-19.52,-53.68,-180.56,-151.28,-136.64
0,-126.88,-126.88,63.44,63.44,-126.88,-14.64,-24.4,-53.68,-180.56,-151.28,-141.52
0,-131.76,-131.76,68.32,63.44,-131.76,-9.76,-19.52,-48.8,-170.8,-151.28,-136.64
-4.88,-126.88,-122,68.32,58.56,-126.88,0,-9.76,-34.16,-146.4,-136.64,-126.88
9.76,-122,-131.76,58.56,68.32,-126.88,0,-9.76,-29.28,-141.52,-126.88,-126.88
29.28,-107.36,-136.64,39.04,82.96,-122,14.64,4.88,-19.52,-141.52,-117.12,-112.24
29.28,-107.36,-136.64,39.04,82.96,-122,19.52,9.76,-19.52,-141.52,-112.24,-107.36
34.16,-107.36,-141.52,39.04,87.84,-126.88,14.64,4.88,-29.28,-161.04,-126.88,-117.12
39.04,-92.72,-131.76,29.28,82.96,-112.24,14.64,4.88,-29.28,-151.28,-131.76,-112.24
39.04,-87.84,-126.88,24.4,82.96,-107.36,9.76,-4.88,-34.16,-161.04,-126.88,-117.12
34.16,-87.84,-122,29.28,78.08,-107.36,4.88,-9.76,-29.28,-156.16,-126.88,-112.24
39.04,-82.96,-122,24.4,78.08,-102.48,0,-14.64,-24.4,-161.04,-122,-112.24
39.04,-92.72,-131.76,29.28,82.96,-112.24,0,-9.76,-19.52,-156.16,-122,-107.36
58.56,-82.96,-141.52,14.64,97.6,-112.24,4.88,-9.76,-19.52,-161.04,-117.12,-102.48
53.68,-82.96,-136.64,14.64,92.72,-112.24,9.76,-9.76,-24.4,-165.92,-112.24,-102.48
53.68,-102.48,-156.16,24.4,102.48,-131.76,9.76,-9.76,-34.16,-180.56,-112.24,-97.6
43.92,-97.6,-141.52,29.28,92.72,-122,14.64,-4.88,-29.28,-185.44,-112.24,-92.72
43.92,-92.72,-136.64,24.4,87.84,-117.12,0,-9.76,-43.92,-190.32,-117.12,-97.6
48.8,-82.96,-131.76,19.52,87.84,-107.36,-4.88,-19.52,-39.04,-185.44,-117.12,-87.84
63.44,-63.44,-126.88,0,92.72,-97.6,-4.88,-24.4,-39.04,-180.56,-117.12,-87.84
58.56,-63.44,-122,4.88,87.84,-92.72,-4.88,-19.52,-34.16,-180.56,-107.36,-73.2
63.44,-53.68,-117.12,-4.88,87.84,-87.84,-4.88,-19.52,-34.16,-170.8,-102.48,-68.32
78.08,-63.44,-141.52,-4.88,107.36,-102.48,-9.76,-24.4,-39.04,-190.32,-97.6,-73.2
78.08,-63.44,-141.52,-4.88,107.36,-102.48,-4.88,-24.4,-48.8,-200.08,-97.6,-68.32
68.32,-73.2,-141.52,4.88,102.48,-107.36,-9.76,-19.52,-53.68,-195.2,-92.72,-53.68
63.44,-78.08,-141.52,9.76,102.48,-112.24,-14.64,-34.16,-58.56,-204.96,-97.6,-63.44
63.44,-82.96,-146.4,9.76,102.48,-117.12,-19.52,-39.04,-63.44,-200.08,-92.72,-58.56
68.32,-73.2,-141.52,4.88,102.48,-107.36,-24.4,-43.92,-53.68,-195.2,-82.96,-53.68
68.32,-58.56,-126.88,-4.88,97.6,-92.72,-29.28,-48.8,-58.56,-195.2,-73.2,-48.8
82.96,-34.16,-117.12,-24.4,97.6,-78.08,-24.4,-43.92,-43.92,-185.44,-63.44,-39.04
82.96,-24.4,-107.36,-29.28,92.72,-68.32,-24.4,-48.8,-43.92,-180.56,-53.68,-34.16
78.08,-24.4,-102.48,-24.4,87.84,-63.44,-24.4,-48.8,-48.8,-190.32,-53.68,-34.16
82.96,-9.76,-92.72,-34.16,87.84,-53.68,-24.4,-48.8,-58.56,-200.08,-58.56,-34.16
68.32,-14.64,-82.96,-24.4,73.2,-48.8,-19.52,-43.92,-58.56,-195.2,-53.68,-29.28
58.56,-14.64,-73.2,-19.52,63.44,-43.92,-29.28,-48.8,-58.56,-195.2,-58.56,-34.16
53.68,-19.52,-73.2,-14.64,63.44,-48.8,-34.16,-53.68,-48.8,-200.08,-58.56,-29.28
39.04,-29.28,-68.32,-4.88,53.68,-48.8,-34.16,-53.68,-43.92,-195.2,-43.92,-29.28
39.04,-24.4,-63.44,-4.88,48.8,-43.92,-29.28,-43.92,-39.04,-185.44,-39.04,-19.52
39.04,-14.64,-53.68,-9.76,43.92,-34.16,-29.28,-43.92,-34.16,-185.44,-29.28,-14.64
34.16,-9.76,-43.92,-9.76,39.04,-29.28,-24.4,-39.04,-34.16,-180.56,-29.28,-14.64
29.28,4.88,-24.4,-14.64,24.4,-9.76,-24.4,-34.16,-39.04,-185.44,-34.16,-14.64
19.52,-4.88,-24.4,-4.88,19.52,-14.64,-34.16,-43.92,-43.92,-200.08,-43.92,-24.4
14.64,-4.88,-19.52,-4.88,14.64,-14.64,-34.16,-43.92,-43.92,-195.2,-43.92,-29.28
14.64,4.88,-9.76,-9.76,9.76,-4.88,-39.04,-48.8,-39.04,-195.2,-48.8,-29.28
14.64,0,-14.64,-4.88,14.64,-9.76,-48.8,-53.68,-48.8,-200.08,-48.8,-34.16
14.64,-4.88,-19.52,-4.88,14.64,-14.64,-48.8,-53.68,-39.04,-200.08,-39.04,-24.4
0,-24.4,-24.4,14.64,9.76,-24.4,-34.16,-43.92,-29.28,-185.44,-34.16,-19.52
0,-19.52,-19.52,9.76,9.76,-19.52,-39.04,-43.92,-34.16,-170.8,-29.28,-19.52
0,-19.52,-19.52,9.76,9.76,-19.52,-39.04,-43.92,-39.04,-156.16,-34.16,-19.52
-14.64,-34.16,-19.52,24.4,0,-29.28,-43.92,-48.8,-43.92,-126.88,-39.04,-29.28
-19.52,-34.16,-14.64,29.28,-4.88,-24.4,-43.92,-48.8,-43.92,-97.6,-39.04,-24.4
-24.4,-39.04,-14.64,34.16,-4.88,-29.28,-48.8,-48.8,-43.92,-68.32,-39.04,-29.28
-19.52,-34.16,-14.64,29.28,-4.88,-24.4,-48.8,-48.8,-48.8,-48.8,-43.92,-29.28
-19.52,-24.4,-4.88,24.4,-9.76,-14.64,-43.92,-43.92,-39.04,-4.88,-39.04,-19.52
-19.52,-24.4,-4.88,24.4,-9.76,-14.64,-43.92,-48.8,-34.16,19.52,-29.28,-19.52
-9.76,-24.4,-14.64,19.52,0,-19.52,-43.92,-43.92,-39.04,48.8,-34.16,-19.52
-14.64,-34.16,-19.52,24.4,0,-29.28,-34.16,-43.92,-39.04,63.44,-34.16,-19.52
-19.52,-43.92,-24.4,34.16,0,-34.16,-39.04,-43.92,-43.92,63.44,-39.04,-24.4
-19.52,-48.8,-29.28,34.16,4.88,-39.04,-39.04,-39.04,-43.92,87.84,-34.16,-19.52
-29.28,-43.92,-14.64,39.04,-9.76,-29.28,-43.92,-43.92,-48.8,107.36,-43.92,-29.28
-29.28,-48.8,-19.52,39.04,-4.88,-34.16,-48.8,-48.8,-53.68,97.6,-39.04,-29.28
-24.4,-48.8,-24.4,39.04,0,-39.04,-48.8,-48.8,-48.8,97.6,-34.16,-24.4
-29.28,-39.04,-9.76,34.16,-9.76,-24.4,-43.92,-43.92,-48.8,107.36,-29.28,-19.52
-24.4,-34.16,-9.76,29.28,-9.76,-24.4,-39.04,-34.16,-43.92,107.36,-29.28,-9.76
-14.64,-24.4,-9.76,19.52,-4.88,-19.52,-34.16,-29.28,-39.04,102.48,-29.28,-4.88
-14.64,-34.16,-19.52,24.4,0,-29.28,-39.04,-39.04,-48.8,82.96,-39.04,-14.64
-24.4,-34.16,-9.76,29.28,-9.76,-24.4,-39.04,-39.04,-48.8,53.68,-39.04,-19.52
-24.4,-24.4,0,24.4,-14.64,-14.64,-43.92,-43.92,-53.68,14.64,-43.92,-14.64
-19.52,-29.28,-9.76,24.4,-4.88,-19.52,-53.68,-48.8,-53.68,-29.28,-48.8,-24.4
-24.4,-24.4,0,24.4,-14.64,-14.64,-53.68,-53.68,-53.68,-63.44,-48.8,-29.28
-29.28,-29.28,0,29.28,-14.64,-14.64,-43.92,-53.68,-48.8,-97.6,-39.04,-24.4
-29.28,-29.28,0,29.28,-14.64,-14.64,-39.04,-53.68,-43.92,-122,-29.28,-19.52
-24.4,-19.52,4.88,24.4,-14.64,-9.76,-39.04,-48.8,-43.92,-141.52,-29.28,-14.64
-19.52,-29.28,-9.76,24.4,-4.88,-19.52,-34.16,-48.8,-43.92,-165.92,-29.28,-14.64
-14.64,-14.64,0,14.64,-9.76,-9.76,-39.04,-48.8,-53.68,-185.44,-43.92,-19.52
-14.64,-24.4,-9.76,19.52,-4.88,-19.52,-48.8,-58.56,-53.68,-204.96,-48.8,-19.52
-19.52,-29.28,-9.76,24.4,-4.88,-19.52,-43.92,-53.68,-48.8,-200.08,-39.04,-19.52
-9.76,-9.76,0,9.76,-4.88,-4.88,-48.8,-58.56,-48.8,-204.96,-39.04,-19.52
-9.76,-4.88,4.88,9.76,-9.76,0,-48.8,-53.68,-39.04,-195.2,-34.16,-9.76
-9.76,0,9.76,4.88,-9.76,4.88,-43.92,-58.56,-39.04,-195.2,-34.16,-14.64
-4.88,0,4.88,4.88,-4.88,0,-48.8,-58.56,-39.04,-200.08,-29.28,-14.64
-9.76,-9.76,0,9.76,-4.88,-4.88,-39.04,-48.8,-34.16,-195.2,-24.4,-14.64
-9.76,-4.88,4.88,9.76,-9.76,0,-39.04,-48.8,-34.16,-195.2,-19.52,-9.76
-24.4,-14.64,9.76,19.52,-19.52,-4.88,-43.92,-48.8,-39.04,-195.2,-19.52,-9.76
-24.4,-29.28,-4.88,29.28,-9.76,-19.52,-48.8,-53.68,-43.92,-200.08,-24.4,-14.64
-19.52,-24.4,-4.88,24.4,-9.76,-14.64,-39.04,-53.68,-34.16,-190.32,-19.52,-9.76
-24.4,-29.28,-4.88,29.28,-9.76,-19.52,-34.16,-39.04,-19.52,-175.68,-19.52,-9.76
-9.76,-4.88,4.88,9.76,-9.76,0,4.88,0,19.52,-146.4,-19.52,-9.76
9.76,24.4,14.64,-14.64,-4.88,19.52,53.68,48.8,82.96,-92.72,4.88,0
48.8,53.68,4.88,-48.8,19.52,29.28,122,117.12,161.04,-4.88,53.68,19.52
92.72,87.84,-4.88,-87.84,48.8,39.04,190.32,180.56,253.76,112.24,131.76,48.8
122,122,0,-122,58.56,58.56,278.16,268.4,375.76,278.16,248.88,107.36
175.68,170.8,-4.88,-170.8,87.84,82.96,370.88,361.12,522.16,458.72,380.64,165.92
248.88,234.24,-14.64,-239.12,131.76,107.36,448.96,444.08,658.8,649.04,527.04,234.24
331.84,302.56,-29.28,-317.2,180.56,136.64,527.04,517.28,790.56,858.88,717.36,341.6
439.2,434.32,-4.88,-434.32,219.6,214.72,580.72,580.72,932.08,1083.36,961.36,497.76
590.48,605.12,14.64,-595.36,287.92,307.44,658.8,653.92,1107.76,1351.76,1263.92,692.96
741.76,785.68,43.92,-761.28,346.48,414.8,751.52,756.4,1302.96,1649.44,1595.76,893.04
844.24,966.24,122,-902.8,361.12,541.68,912.56,912.56,1532.32,1927.6,1878.8,1083.36
897.92,1088.24,190.32,-990.64,351.36,639.28,1107.76,1107.76,1722.64,2103.28,2049.6,1220
897.92,1141.92,244,-1019.92,326.96,692.96,1205.36,1205.36,1732.4,2069.12,2064.24,1263.92
849.12,1073.6,224.48,-961.36,312.32,649.04,1234.64,1234.64,1600.64,1869.04,1893.44,1176.08
741.76,849.12,107.36,-795.44,317.2,478.24,1298.08,1293.2,1415.2,1546.96,1546.96,941.84
551.44,614.88,63.44,-580.72,244,336.72,1254.16,1249.28,1156.56,1098,1151.68,702.72
312.32,502.64,190.32,-405.04,58.56,346.48,936.96,927.2,751.52,575.84,790.56,551.44
73.2,385.52,312.32,-229.36,-122,346.48,497.76,492.88,244,-9.76,429.44,414.8
-117.12,297.68,414.8,-87.84,-268.4,356.24,117.12,112.24,-165.92,-502.64,87.84,287.92
-278.16,224.48,502.64,29.28,-390.4,361.12,-156.16,-161.04,-448.96,-824.72,-156.16,190.32
-385.52,165.92,551.44,112.24,-468.48,356.24,-322.08,-331.84,-605.12,-1005.28,-312.32,112.24
-453.84,92.72,546.56,180.56,-502.64,317.2,-488,-497.76,-746.64,-1107.76,-448.96,14.64
-478.24,14.64,492.88,234.24,-488,253.76,-610,-619.76,-834.48,-1132.16,-527.04,-63.44
-434.32,14.64,448.96,209.84,-444.08,229.36,-649.04,-653.92,-785.68,-1054.08,-492.88,-73.2
-380.64,53.68,434.32,165.92,-409.92,244,-653.92,-668.56,-722.24,-951.6,-429.44,-53.68
-336.72,63.44,400.16,136.64,-370.88,229.36,-649.04,-653.92,-658.8,-854,-366,-34.16
-287.92,58.56,346.48,117.12,-317.2,200.08,-619.76,-634.4,-605.12,-775.92,-317.2,-24.4
-258.64,9.76,268.4,126.88,-263.52,136.64,-570.96,-580.72,-556.32,-722.24,-302.56,-63.44
-239.12,-39.04,200.08,141.52,-219.6,78.08,-507.52,-517.28,-502.64,-649.04,-278.16,-68.32
-204.96,-68.32,136.64,136.64,-170.8,34.16,-439.2,-448.96,-434.32,-580.72,-263.52,-97.6
-180.56,-117.12,63.44,151.28,-122,-29.28,-375.76,-385.52,-375.76,-527.04,-263.52,-122
-151.28,-146.4,4.88,151.28,-78.08,-73.2,-331.84,-336.72,-326.96,-488,-248.88,-141.52
-136.64,-165.92,-29.28,151.28,-53.68,-97.6,-287.92,-297.68,-297.68,-463.6,-244,-156.16
-122,-170.8,-48.8,146.4,-39.04,-112.24,-253.76,-263.52,-273.28,-444.08,-244,-161.04
-102.48,-165.92,-63.44,136.64,-19.52,-117.12,-219.6,-219.6,-248.88,-419.68,-244,-156.16
-102.48,-170.8,-68.32,136.64,-19.52,-122,-190.32,-195.2,-229.36,-414.8,-244,-165.92
-102.48,-185.44,-82.96,146.4,-9.76,-136.64,-165.92,-175.68,-219.6,-400.16,-239.12,-170.8
-92.72,-195.2,-102.48,146.4,4.88,-151.28,-165.92,-170.8,-214.72,-400.16,-239.12,-175.68
-87.84,-214.72,-126.88,151.28,19.52,-170.8,-156.16,-170.8,-209.84,-390.4,-234.24,-175.68
-92.72,-209.84,-117.12,151.28,9.76,-165.92,-136.64,-151.28,-180.56,-356.24,-219.6,-170.8
-73.2,-195.2,-122,136.64,24.4,-161.04,-126.88,-131.76,-165.92,-351.36,-214.72,-165.92
-68.32,-185.44,-117.12,126.88,24.4,-151.28,-97.6,-107.36,-146.4,-341.6,-200.08,-156.16
-68.32,-161.04,-92.72,117.12,9.76,-126.88,-68.32,-82.96,-126.88,-322.08,-185.44,-141.52
-78.08,-151.28,-73.2,117.12,-4.88,-112.24,-43.92,-58.56,-112.24,-307.44,-180.56,-136.64
-82.96,-126.88,-43.92,107.36,-19.52,-87.84,-34.16,-43.92,-107.36,-307.44,-175.68,-131.76
-102.48,-112.24,-9.76,107.36,-48.8,-63.44,-19.52,-24.4,-92.72,-292.8,-170.8,-126.88
-107.36,-97.6,9.76,102.48,-58.56,-43.92,-19.52,-19.52,-78.08,-278.16,-156.16,-112.24
-97.6,-78.08,19.52,87.84,-58.56,-29.28,-24.4,-29.28,-78.08,-263.52,-156.16,-112.24
-87.84,-58.56,29.28,73.2,-58.56,-14.64,-43.92,-48.8,-68.32,-253.76,-156.16,-107.36
-92.72,-63.44,29.28,78.08,-63.44,-19.52,-39.04,-43.92,-73.2,-253.76,-146.4,-97.6
-92.72,-63.44,29.28,78.08,-63.44,-19.52,-39.04,-34.16,-68.32,-258.64,-141.52,-97.6
-107.36,-78.08,29.28,92.72,-68.32,-24.4,-43.92,-43.92,-73.2,-253.76,-136.64,-92.72
-112.24,-78.08,34.16,97.6,-73.2,-24.4,-53.68,-53.68,-82.96,-268.4,-146.4,-102.48
-117.12,-73.2,43.92,97.6,-82.96,-14.64,-63.44,-68.32,-82.96,-258.64,-141.52,-97.6
-117.12,-73.2,43.92,97.6,-82.96,-14.64,-73.2,-73.2,-82.96,-258.64,-141.52,-102.48
-107.36,-63.44,43.92,87.84,-78.08,-9.76,-78.08,-82.96,-78.08,-244,-141.52,-92.72
-102.48,-53.68,48.8,78.08,-78.08,-4.88,-82.96,-92.72,-73.2,-229.36,-131.76,-87.84
-97.6,-53.68,43.92,78.08,-73.2,-4.88,-82.96,-87.84,-68.32,-229.36,-131.76,-82.96
-92.72,-48.8,43.92,73.2,-68.32,-4.88,-68.32,-73.2,-58.56,-209.84,-126.88,-73.2
-92.72,-43.92,48.8,68.32,-73.2,0,-68.32,-68.32,-58.56,-214.72,-126.88,-78.08
-92.72,-48.8,43.92,73.2,-68.32,-4.88,-63.44,-68.32,-63.44,-219.6,-131.76,-82.96
-97.6,-58.56,39.04,78.08,-68.32,-9.76,-58.56,-68.32,-73.2,-219.6,-136.64,-92.72
-102.48,-78.08,24.4,92.72,-63.44,-29.28,-68.32,-78.08,-78.08,-224.48,-136.64,-102.48
-92.72,-78.08,14.64,87.84,-53.68,-34.16,-68.32,-78.08,-78.08,-209.84,-131.76,-107.36
-82.96,-82.96,0,82.96,-43.92,-43.92,-82.96,-87.84,-87.84,-209.84,-131.76,-107.36
-78.08,-97.6,-19.52,87.84,-29.28,-58.56,-82.96,-87.84,-82.96,-204.96,-126.88,-102.48
-73.2,-97.6,-24.4,87.84,-24.4,-63.44,-73.2,-73.2,-78.08,-195.2,-122,-92.72
-68.32,-97.6,-29.28,82.96,-19.52,-63.44,-73.2,-68.32,-78.08,-204.96,-122,-97.6
-63.44,-97.6,-34.16,82.96,-14.64,-68.32,-63.44,-63.44,-78.08,-204.96,-122,-92.72
-68.32,-102.48,-34.16,87.84,-19.52,-68.32,-68.32,-68.32,-87.84,-204.96,-141.52,-102.48
-78.08,-102.48,-24.4,92.72,-29.28,-63.44,-73.2,-73.2,-92.72,-204.96,-146.4,-107.36
-87.84,-97.6,-9.76,92.72,-39.04,-53.68,-63.44,-63.44,-82.96,-190.32,-141.52,-107.36
-92.72,-107.36,-14.64,102.48,-39.04,-63.44,-63.44,-68.32,-82.96,-161.04,-141.52,-112.24
-82.96,-107.36,-24.4,97.6,-29.28,-68.32,-63.44,-68.32,-73.2,-146.4,-136.64,-107.36
-68.32,-97.6,-29.28,82.96,-19.52,-63.44,-53.68,-63.44,-63.44,-117.12,-131.76,-107.36
-73.2,-117.12,-43.92,97.6,-14.64,-82.96,-48.8,-53.68,-63.44,-107.36,-136.64,-117.12
-78.08,-122,-43.92,102.48,-19.52,-82.96,-39.04,-43.92,-63.44,-82.96,-131.76,-112.24
-73.2,-126.88,-53.68,102.48,-9.76,-92.72,-29.28,-39.04,-68.32,-63.44,-131.76,-112.24
-73.2,-136.64,-63.44,107.36,-4.88,-102.48,-34.16,-43.92,-73.2,-39.04,-136.64,-112.24
-63.44,-126.88,-63.44,97.6,0,-97.6,-34.16,-43.92,-63.44,4.88,-136.64,-117.12
-63.44,-126.88,-63.44,97.6,0,-97.6,-34.16,-43.92,-53.68,58.56,-141.52,-117.12
-53.68,-117.12,-63.44,87.84,4.88,-92.72,-34.16,-39.04,-43.92,102.48,-126.88,-117.12
-34.16,-107.36,-73.2,73.2,19.52,-92.72,-24.4,-34.16,-39.04,107.36,-126.88,-112.24
-29.28,-102.48,-73.2,68.32,19.52,-87.84,-19.52,-24.4,-34.16,117.12,-131.76,-117.12
-29.28,-107.36,-78.08,68.32,24.4,-92.72,-14.64,-19.52,-34.16,131.76,-131.76,-117.12
-34.16,-117.12,-82.96,78.08,24.4,-102.48,-4.88,-9.76,-39.04,126.88,-136.64,-122
-39.04,-136.64,-97.6,87.84,29.28,-117.12,0,-9.76,-43.92,117.12,-136.64,-131.76
-39.04,-136.64,-97.6,87.84,29.28,-117.12,0,-4.88,-34.16,107.36,-131.76,-122
-24.4,-141.52,-117.12,82.96,43.92,-131.76,0,-4.88,-39.04,87.84,-136.64,-126.88
-14.64,-131.76,-117.12,73.2,48.8,-126.88,4.88,-4.88,-24.4,92.72,-122,-117.12
0,-112.24,-112.24,58.56,53.68,-112.24,4.88,-4.88,-19.52,73.2,-122,-117.12
4.88,-107.36,-112.24,53.68,58.56,-112.24,14.64,4.88,-9.76,53.68,-112.24,-112.24
19.52,-97.6,-117.12,39.04,68.32,-107.36,14.64,4.88,-14.64,29.28,-112.24,-112.24
24.4,-92.72,-117.12,34.16,68.32,-107.36,19.52,14.64,-14.64,0,-117.12,-102.48
19.52,-97.6,-117.12,39.04,68.32,-107.36,14.64,9.76,-24.4,-29.28,-131.76,-107.36
14.64,-97.6,-112.24,43.92,63.44,-107.36,14.64,9.76,-24.4,-48.8,-126.88,-107.36
9.76,-107.36,-117.12,48.8,63.44,-112.24,14.64,4.88,-29.28,-63.44,-122,-107.36
19.52,-107.36,-126.88,43.92,73.2,-117.12,14.64,4.88,-19.52,-63.44,-112.24,-107.36
34.16,-97.6,-131.76,34.16,82.96,-117.12,14.64,4.88,-14.64,-78.08,-107.36,-97.6
34.16,-97.6,-131.76,34.16,82.96,-117.12,14.64,4.88,-9.76,-87.84,-97.6,-97.6
34.16,-92.72,-126.88,29.28,78.08,-112.24,14.64,9.76,-14.64,-97.6,-97.6,-97.6
39.04,-92.72,-131.76,29.28,82.96,-112.24,24.4,14.64,-9.76,-97.6,-97.6,-82.96
43.92,-92.72,-136.64,24.4,87.84,-117.12,19.52,9.76,-24.4,-122,-107.36,-87.84
39.04,-73.2,-112.24,19.52,73.2,-92.72,4.88,0,-34.16,-126.88,-107.36,-92.72
39.04,-73.2,-112.24,19.52,73.2,-92.72,-4.88,-9.76,-39.04,-126.88,-117.12,-87.84
43.92,-78.08,-122,19.52,82.96,-102.48,-4.88,-9.76,-34.16,-122,-112.24,-87.84
43.92,-68.32,-112.24,14.64,78.08,-92.72,-9.76,-14.64,-29.28,-107.36,-97.6,-73.2
48.8,-78.08,-126.88,14.64,87.84,-102.48,-4.88,-9.76,-29.28,-107.36,-92.72,-63.44
53.68,-73.2,-126.88,9.76,87.84,-102.48,-9.76,-9.76,-29.28,-107.36,-87.84,-63.44
53.68,-68.32,-122,9.76,87.84,-97.6,-9.76,-9.76,-34.16,-97.6,-82.96,-53.68
43.92,-73.2,-117.12,14.64,78.08,-97.6,-9.76,-14.64,-39.04,-97.6,-87.84,-53.68
53.68,-63.44,-117.12,4.88,82.96,-92.72,-19.52,-24.4,-48.8,-82.96,-92.72,-48.8
48.8,-63.44,-112.24,9.76,78.08,-87.84,-29.28,-34.16,-53.68,-73.2,-92.72,-48.8
63.44,-48.8,-112.24,-4.88,87.84,-82.96,-34.16,-39.04,-48.8,-53.68,-82.96,-53.68
68.32,-34.16,-102.48,-14.64,82.96,-68.32,-39.04,-39.04,-53.68,-34.16,-78.08,-43.92
58.56,-39.04,-97.6,-9.76,78.08,-68.32,-34.16,-39.04,-39.04,-9.76,-63.44,-34.16
58.56,-24.4,-82.96,-14.64,68.32,-53.68,-29.28,-29.28,-34.16,0,-53.68,-29.28
58.56,-9.76,-68.32,-24.4,63.44,-39.04,-29.28,-34.16,-39.04,4.88,-53.68,-19.52
53.68,-24.4,-78.08,-14.64,63.44,-53.68,-29.28,-34.16,-39.04,9.76,-53.68,-24.4
48.8,-24.4,-73.2,-9.76,58.56,-48.8,-34.16,-34.16,-53.68,14.64,-58.56,-29.28
34.16,-39.04,-73.2,4.88,53.68,-58.56,-34.16,-39.04,-53.68,34.16,-58.56,-24.4
39.04,-34.16,-73.2,0,53.68,-53.68,-43.92,-48.8,-48.8,39.04,-53.68,-29.28
34.16,-24.4,-58.56,-4.88,43.92,-43.92,-39.04,-43.92,-43.92,58.56,-53.68,-24.4
34.16,-19.52,-53.68,-4.88,43.92,-39.04,-39.04,-43.92,-39.04,73.2,-48.8,-19.52
43.92,-4.88,-48.8,-19.52,43.92,-29.28,-34.16,-39.04,-34.16,92.72,-34.16,-9.76
34.16,-4.88,-39.04,-14.64,34.16,-24.4,-39.04,-39.04,-39.04,97.6,-39.04,-14.64
9.76,-9.76,-19.52,0,14.64,-14.64,-34.16,-29.28,-34.16,97.6,-34.16,-4.88
0,0,0,0,0,0,-29.28,-29.28,-34.16,78.08,-39.04,0
-9.76,-4.88,4.88,9.76,-9.76,0,-34.16,-39.04,-39.04,68.32,-48.8,-19.52
-9.76,-9.76,0,9.76,-4.88,-4.88,-34.16,-39.04,-39.04,82.96,-43.92,-14.64
-14.64,-9.76,4.88,14.64,-9.76,-4.88,-43.92,-43.92,-43.92,92.72,-43.92,-19.52
-19.52,-14.64,4.88,19.52,-14.64,-4.88,-43.92,-48.8,-39.04,107.36,-34.16,-14.64
-24.4,-9.76,14.64,19.52,-19.52,0,-39.04,-43.92,-34.16,112.24,-29.28,-4.88
-19.52,-14.64,4.88,19.52,-14.64,-4.88,-39.04,-39.04,-34.16,87.84,-29.28,-9.76
-24.4,-29.28,-4.88,29.28,-9.76,-19.52,-34.16,-39.04,-39.04,68.32,-34.16,-9.76
-24.4,-29.28,-4.88,29.28,-9.76,-19.52,-29.28,-34.16,-39.04,53.68,-34.16,-9.76
-29.28,-39.04,-9.76,34.16,-9.76,-24.4,-29.28,-39.04,-48.8,34.16,-39.04,-14.64
-34.16,-39.04,-4.88,39.04,-14.64,-24.4,-39.04,-34.16,-43.92,29.28,-43.92,-14.64
-34.16,-24.4,9.76,29.28,-24.4,-9.76,-39.04,-43.92,-39.04,24.4,-39.04,-9.76
-34.16,-29.28,4.88,34.16,-19.52,-14.64,-43.92,-43.92,-39.04,14.64,-39.04,-9.76
-29.28,-19.52,9.76,24.4,-19.52,-4.88,-39.04,-48.8,-34.16,9.76,-34.16,-9.76
-29.28,-29.28,0,29.28,-14.64,-14.64,-39.04,-48.8,-43.92,-9.76,-29.28,-14.64
-39.04,-39.04,0,39.04,-19.52,-19.52,-34.16,-39.04,-39.04,-14.64,-29.28,-9.76
-34.16,-29.28,4.88,34.16,-19.52,-14.64,-34.16,-39.04,-43.92,-24.4,-39.04,-19.52
-48.8,-48.8,0,48.8,-24.4,-24.4,-29.28,-34.16,-43.92,-29.28,-34.16,-19.52
-48.8,-58.56,-9.76,53.68,-19.52,-34.16,-34.16,-34.16,-48.8,-34.16,-34.16,-24.4
-43.92,-53.68,-9.76,48.8,-19.52,-34.16,-39.04,-39.04,-48.8,-29.28,-34.16,-19.52
-43.92,-53.68,-9.76,48.8,-19.52,-34.16,-39.04,-39.04,-43.92,-29.28,-34.16,-19.52
-39.04,-39.04,0,39.04,-19.52,-19.52,-34.16,-39.04,-39.04,-29.28,-29.28,-14.64
-34.16,-34.16,0,34.16,-19.52,-19.52,-34.16,-39.04,-43.92,-34.16,-39.04,-14.64
-34.16,-34.16,0,34.16,-19.52,-19.52,-29.28,-34.16,-43.92,-43.92,-39.04,-19.52
-24.4,-14.64,9.76,19.52,-19.52,-4.88,-29.28,-34.16,-39.04,-48.8,-39.04,-14.64
-34.16,-24.4,9.76,29.28,-24.4,-9.76,-29.28,-34.16,-43.92,-63.44,-43.92,-14.64
-34.16,-29.28,4.88,34.16,-19.52,-14.64,-34.16,-39.04,-53.68,-87.84,-53.68,-29.28
-53.68,-34.16,19.52,43.92,-39.04,-9.76,-34.16,-43.92,-53.68,-92.72,-43.92,-24.4
-53.68,-43.92,9.76,48.8,-34.16,-19.52,-34.16,-43.92,-53.68,-107.36,-43.92,-24.4
-34.16,-34.16,0,34.16,-19.52,-19.52,-43.92,-48.8,-58.56,-117.12,-48.8,-29.28
-39.04,-34.16,4.88,39.04,-24.4,-14.64,-39.04,-43.92,-39.04,-107.36,-29.28,-14.64
-34.16,-29.28,4.88,34.16,-19.52,-14.64,-34.16,-39.04,-39.04,-112.24,-24.4,-9.76
-19.52,-19.52,0,19.52,-9.76,-9.76,-34.16,-43.92,-43.92,-112.24,-43.92,-14.64
-29.28,-24.4,4.88,29.28,-19.52,-9.76,-48.8,-39.04,-48.8,-117.12,-43.92,-19.52
-43.92,-14.64,29.28,29.28,-39.04,4.88,-39.04,-34.16,-43.92,-112.24,-43.92,-9.76
-53.68,0,53.68,29.28,-53.68,24.4,-43.92,-39.04,-39.04,-107.36,-43.92,-9.76
-39.04,-4.88,34.16,24.4,-39.04,14.64,-48.8,-43.92,-43.92,-102.48,-43.92,-14.64
-29.28,-4.88,24.4,19.52,-29.28,9.76,-53.68,-48.8,-39.04,-87.84,-34.16,-9.76
-39.04,-14.64,24.4,29.28,-34.16,4.88,-48.8,-43.92,-29.28,-82.96,-24.4,-4.88
-29.28,-14.64,14.64,24.4,-24.4,0,-43.92,-39.04,-29.28,-73.2,-19.52,0
-24.4,-14.64,9.76,19.52,-19.52,-4.88,-34.16,-29.28,-29.28,-68.32,-14.64,0
-29.28,-29.28,0,29.28,-14.64,-14.64,-34.16,-29.28,-29.28,-63.44,-9.76,0
-34.16,-34.16,0,34.16,-19.52,-19.52,-34.16,-34.16,-29.28,-73.2,-9.76,-4.88
-43.92,-29.28,14.64,39.04,-29.28,-9.76,-34.16,-29.28,-24.4,-63.44,-9.76,4.88
-39.04,-19.52,19.52,29.28,-29.28,0,-39.04,-39.04,-29.28,-63.44,-14.64,0
-39.04,-4.88,34.16,24.4,-39.04,14.64,-34.16,-29.28,-24.4,-48.8,-19.52,0
-39.04,4.88,43.92,19.52,-43.92,24.4,-14.64,-9.76,0,-34.16,-14.64,0
-29.28,14.64,43.92,9.76,-39.04,29.28,24.4,29.28,43.92,-4.88,-9.76,0
4.88,24.4,19.52,-14.64,-9.76,19.52,82.96,87.84,107.36,63.44,29.28,14.64
43.92,43.92,0,-43.92,19.52,19.52,146.4,151.28,195.2,165.92,92.72,39.04
82.96,92.72,9.76,-87.84,34.16,48.8,229.36,234.24,307.44,307.44,190.32,87.84
117.12,136.64,19.52,-126.88,48.8,78.08,312.32,317.2,434.32,483.12,317.2,136.64
170.8,175.68,4.88,-170.8,82.96,87.84,400.16,405.04,570.96,668.56,453.84,195.2
263.52,248.88,-14.64,-253.76,136.64,117.12,483.12,497.76,717.36,873.52,619.76,287.92
361.12,366,4.88,-361.12,175.68,185.44,536.8,546.56,834.48,1078.48,839.36,424.56
478.24,527.04,48.8,-502.64,214.72,287.92,600.24,610,990.64,1327.36,1122.4,595.36
644.16,707.6,63.44,-673.44,287.92,385.52,692.96,697.84,1185.84,1625.04,1449.36,810.08
795.44,868.64,73.2,-829.6,361.12,468.48,800.32,805.2,1376.16,1908.08,1756.8,990.64
873.52,1010.16,136.64,-941.84,366,570.96,985.76,995.52,1600.64,2152.08,2000.8,1161.44
907.68,1117.52,209.84,-1010.16,346.48,663.68,1180.96,1185.84,1761.68,2274.08,2132.56,1268.8
888.16,1112.64,224.48,-1000.4,331.84,668.56,1254.16,1259.04,1717.76,2171.6,2059.36,1254.16
824.72,961.36,136.64,-893.04,341.6,546.56,1307.84,1322.48,1571.36,1903.2,1786.08,1078.48
668.56,702.72,34.16,-683.2,317.2,366,1351.76,1366.4,1361.52,1517.68,1381.04,814.96
434.32,522.16,87.84,-478.24,170.8,302.56,1249.28,1259.04,1078.48,1054.08,1015.04,639.28
200.08,453.84,253.76,-326.96,-29.28,351.36,873.52,873.52,653.92,522.16,668.56,522.16
-14.64,375.76,390.4,-180.56,-204.96,380.64,434.32,444.08,170.8,-43.92,312.32,385.52
-190.32,317.2,507.52,-63.44,-351.36,409.92,87.84,87.84,-209.84,-473.36,19.52,292.8
-331.84,248.88,580.72,43.92,-458.72,414.8,-161.04,-156.16,-453.84,-736.88,-195.2,195.2
-419.68,165.92,585.6,126.88,-502.64,375.76,-322.08,-322.08,-595.36,-878.4,-336.72,107.36
-473.36,92.72,566.08,190.32,-522.16,326.96,-488,-488,-732,-980.88,-468.48,4.88
-463.6,24.4,488,219.6,-478.24,253.76,-605.12,-600.24,-795.44,-980.88,-512.4,-58.56
-414.8,29.28,444.08,195.2,-429.44,234.24,-624.64,-629.52,-746.64,-897.92,-463.6,-63.44
-375.76,53.68,429.44,161.04,-405.04,239.12,-629.52,-629.52,-678.32,-795.44,-395.28,-43.92
-331.84,58.56,390.4,136.64,-361.12,224.48,-624.64,-629.52,-634.4,-707.6,-336.72,-24.4
-287.92,48.8,336.72,122,-312.32,190.32,-590.48,-590.48,-585.6,-644.16,-302.56,-24.4
-258.64,4.88,263.52,126.88,-263.52,131.76,-536.8,-536.8,-536.8,-585.6,-287.92,-53.68
-224.48,-39.04,185.44,131.76,-204.96,73.2,-488,-483.12,-483.12,-531.92,-273.28,-73.2
-195.2,-82.96,112.24,141.52,-156.16,14.64,-419.68,-419.68,-424.56,-458.72,-253.76,-107.36
-170.8,-117.12,53.68,146.4,-112.24,-34.16,-356.24,-356.24,-366,-409.92,-248.88,-126.88
-141.52,-136.64,4.88,141.52,-73.2,-68.32,-312.32,-307.44,-322.08,-370.88,-244,-146.4
-122,-151.28,-29.28,136.64,-48.8,-92.72,-278.16,-268.4,-292.8,-341.6,-244,-156.16
-117.12,-175.68,-58.56,146.4,-29.28,-117.12,-239.12,-239.12,-273.28,-322.08,-239.12,-161.04
-112.24,-180.56,-68.32,146.4,-24.4,-126.88,-204.96,-204.96,-248.88,-307.44,-234.24,-165.92
-117.12,-190.32,-73.2,156.16,-24.4,-131.76,-185.44,-180.56,-239.12,-302.56,-244,-170.8
-117.12,-195.2,-78.08,156.16,-19.52,-136.64,-170.8,-165.92,-229.36,-292.8,-239.12,-175.68
-102.48,-190.32,-87.84,146.4,-9.76,-141.52,-175.68,-165.92,-224.48,-273.28,-239.12,-175.68
-92.72,-209.84,-117.12,151.28,9.76,-165.92,-170.8,-156.16,-209.84,-253.76,-234.24,-185.44
-82.96,-195.2,-112.24,141.52,14.64,-156.16,-151.28,-136.64,-190.32,-239.12,-214.72,-170.8
-68.32,-180.56,-112.24,126.88,19.52,-146.4,-131.76,-122,-170.8,-219.6,-209.84,-170.8
-63.44,-161.04,-97.6,112.24,14.64,-131.76,-97.6,-92.72,-146.4,-200.08,-185.44,-151.28
-78.08,-136.64,-58.56,107.36,-9.76,-97.6,-63.44,-58.56,-126.88,-190.32,-180.56,-131.76
-87.84,-136.64,-48.8,112.24,-19.52,-92.72,-43.92,-34.16,-107.36,-185.44,-175.68,-126.88
-97.6,-122,-24.4,112.24,-39.04,-73.2,-34.16,-24.4,-102.48,-180.56,-175.68,-131.76
-102.48,-87.84,14.64,97.6,-58.56,-39.04,-29.28,-24.4,-92.72,-175.68,-170.8,-131.76
-112.24,-78.08,34.16,97.6,-73.2,-24.4,-29.28,-19.52,-82.96,-165.92,-161.04,-126.88
-102.48,-68.32,34.16,87.84,-68.32,-19.52,-29.28,-24.4,-78.08,-156.16,-151.28,-117.12
-87.84,-58.56,29.28,73.2,-58.56,-14.64,-43.92,-39.04,-78.08,-161.04,-151.28,-117.12
-97.6,-68.32,29.28,82.96,-63.44,-19.52,-29.28,-24.4,-68.32,-156.16,-141.52,-107.36
-102.48,-68.32,34.16,87.84,-68.32,-19.52,-34.16,-24.4,-73.2,-156.16,-141.52,-102.48
-107.36,-68.32,39.04,87.84,-73.2,-14.64,-43.92,-34.16,-82.96,-170.8,-151.28,-107.36
-102.48,-58.56,43.92,82.96,-73.2,-9.76,-53.68,-43.92,-87.84,-161.04,-146.4,-102.48
-107.36,-58.56,48.8,82.96,-78.08,-4.88,-68.32,-58.56,-87.84,-156.16,-146.4,-97.6
-117.12,-63.44,53.68,92.72,-87.84,-4.88,-73.2,-68.32,-82.96,-141.52,-136.64,-87.84
-112.24,-48.8,63.44,82.96,-87.84,4.88,-78.08,-73.2,-78.08,-122,-131.76,-82.96
-97.6,-39.04,58.56,68.32,-78.08,9.76,-87.84,-82.96,-73.2,-107.36,-131.76,-78.08
-92.72,-39.04,53.68,68.32,-73.2,4.88,-82.96,-73.2,-78.08,-102.48,-131.76,-87.84
-92.72,-39.04,53.68,68.32,-73.2,4.88,-73.2,-63.44,-68.32,-78.08,-126.88,-87.84
-102.48,-63.44,39.04,82.96,-73.2,-14.64,-63.44,-53.68,-73.2,-39.04,-131.76,-92.72
-102.48,-73.2,29.28,87.84,-68.32,-24.4,-63.44,-53.68,-78.08,-39.04,-136.64,-92.72
-97.6,-73.2,24.4,87.84,-63.44,-24.4,-73.2,-63.44,-82.96,-48.8,-136.64,-102.48
-107.36,-87.84,19.52,97.6,-63.44,-34.16,-82.96,-78.08,-87.84,-34.16,-141.52,-102.48
-97.6,-97.6,0,97.6,-48.8,-48.8,-82.96,-78.08,-82.96,-14.64,-131.76,-97.6
-82.96,-87.84,-4.88,87.84,-39.04,-48.8,-92.72,-87.84,-87.84,4.88,-131.76,-92.72
-73.2,-82.96,-9.76,78.08,-34.16,-48.8,-87.84,-82.96,-87.84,14.64,-126.88,-97.6
-73.2,-73.2,0,73.2,-39.04,-39.04,-73.2,-73.2,-87.84,24.4,-126.88,-92.72
-73.2,-78.08,-4.88,78.08,-34.16,-43.92,-68.32,-73.2,-92.72,19.52,-131.76,-92.72
-78.08,-92.72,-14.64,87.84,-34.16,-53.68,-68.32,-73.2,-97.6,9.76,-141.52,-102.48
-82.96,-102.48,-19.52,92.72,-34.16,-63.44,-68.32,-78.08,-107.36,0,-146.4,-112.24
-87.84,-117.12,-29.28,102.48,-29.28,-73.2,-78.08,-82.96,-112.24,-9.76,-146.4,-122
-78.08,-117.12,-39.04,97.6,-19.52,-78.08,-78.08,-82.96,-107.36,0,-141.52,-122
-78.08,-122,-43.92,102.48,-19.52,-82.96,-63.44,-68.32,-87.84,19.52,-136.64,-112.24
-68.32,-122,-53.68,97.6,-9.76,-87.84,-68.32,-68.32,-87.84,29.28,-126.88,-112.24
-68.32,-117.12,-48.8,92.72,-9.76,-82.96,-63.44,-53.68,-78.08,43.92,-117.12,-102.48
-73.2,-112.24,-39.04,92.72,-19.52,-78.08,-53.68,-43.92,-73.2,48.8,-126.88,-97.6
-63.44,-107.36,-43.92,87.84,-9.76,-78.08,-53.68,-43.92,-73.2,39.04,-136.64,-102.48
-68.32,-102.48,-34.16,87.84,-19.52,-68.32,-53.68,-43.92,-82.96,34.16,-146.4,-112.24
-68.32,-112.24,-43.92,92.72,-14.64,-78.08,-63.44,-48.8,-87.84,24.4,-151.28,-122
-53.68,-112.24,-58.56,82.96,0,-87.84,-63.44,-48.8,-87.84,19.52,-151.28,-126.88
-43.92,-102.48,-58.56,73.2,4.88,-82.96,-53.68,-48.8,-78.08,14.64,-146.4,-122
-34.16,-112.24,-78.08,73.2,19.52,-97.6,-48.8,-39.04,-63.44,24.4,-131.76,-122
-24.4,-112.24,-87.84,68.32,29.28,-102.48,-39.04,-29.28,-58.56,34.16,-131.76,-117.12
-29.28,-126.88,-97.6,78.08,34.16,-112.24,-39.04,-19.52,-63.44,24.4,-131.76,-126.88
-34.16,-136.64,-102.48,87.84,34.16,-122,-29.28,-9.76,-58.56,19.52,-131.76,-122
-29.28,-131.76,-102.48,82.96,34.16,-117.12,-19.52,-4.88,-58.56,4.88,-146.4,-126.88
-24.4,-131.76,-107.36,78.08,39.04,-122,-34.16,-19.52,-73.2,-14.64,-151.28,-136.64
-9.76,-112.24,-102.48,63.44,43.92,-107.36,-34.16,-19.52,-68.32,-24.4,-151.28,-136.64
4.88,-107.36,-112.24,53.68,58.56,-112.24,-39.04,-24.4,-63.44,-39.04,-151.28,-131.76
9.76,-107.36,-117.12,48.8,63.44,-112.24,-39.04,-24.4,-58.56,-29.28,-141.52,-126.88
19.52,-92.72,-112.24,39.04,63.44,-102.48,-19.52,-9.76,-39.04,-29.28,-126.88,-117.12
29.28,-92.72,-122,34.16,73.2,-107.36,-19.52,-4.88,-39.04,-43.92,-126.88,-122
29.28,-102.48,-131.76,39.04,78.08,-117.12,-14.64,0,-39.04,-58.56,-126.88,-126.88
19.52,-117.12,-136.64,48.8,78.08,-126.88,-9.76,0,-39.04,-73.2,-131.76,-122
14.64,-126.88,-141.52,58.56,78.08,-136.64,-9.76,0,-48.8,-82.96,-136.64,-126.88
24.4,-122,-146.4,48.8,82.96,-136.64,-19.52,-4.88,-48.8,-87.84,-136.64,-122
24.4,-117.12,-141.52,48.8,82.96,-131.76,-19.52,-9.76,-43.92,-82.96,-131.76,-112.24
14.64,-112.24,-126.88,48.8,68.32,-122,-19.52,-4.88,-39.04,-78.08,-122,-107.36
34.16,-92.72,-126.88,29.28,78.08,-112.24,-24.4,-14.64,-39.04,-82.96,-122,-102.48
48.8,-87.84,-136.64,19.52,92.72,-112.24,-19.52,-9.76,-39.04,-82.96,-122,-97.6
53.68,-78.08,-131.76,14.64,92.72,-107.36,-9.76,4.88,-34.16,-87.84,-117.12,-92.72
53.68,-78.08,-131.76,14.64,92.72,-107.36,-14.64,0,-34.16,-92.72,-126.88,-87.84
43.92,-87.84,-131.76,24.4,87.84,-112.24,-14.64,0,-48.8,-97.6,-131.76,-97.6
29.28,-87.84,-117.12,29.28,73.2,-102.48,-19.52,-4.88,-43.92,-97.6,-126.88,-92.72
34.16,-102.48,-136.64,34.16,82.96,-122,-24.4,-19.52,-58.56,-102.48,-126.88,-97.6
43.92,-92.72,-136.64,24.4,87.84,-117.12,-29.28,-19.52,-58.56,-102.48,-126.88,-92.72
58.56,-73.2,-131.76,9.76,92.72,-102.48,-39.04,-24.4,-58.56,-92.72,-112.24,-82.96
58.56,-73.2,-131.76,9.76,92.72,-102.48,-43.92,-29.28,-58.56,-102.48,-107.36,-78.08
53.68,-73.2,-126.88,9.76,87.84,-102.48,-34.16,-19.52,-58.56,-97.6,-97.6,-63.44
63.44,-68.32,-131.76,4.88,97.6,-102.48,-39.04,-24.4,-63.44,-102.48,-97.6,-63.44
68.32,-68.32,-136.64,0,102.48,-102.48,-39.04,-24.4,-73.2,-112.24,-102.48,-68.32
68.32,-53.68,-122,-4.88,92.72,-87.84,-48.8,-39.04,-78.08,-112.24,-107.36,-58.56
63.44,-48.8,-112.24,-4.88,87.84,-82.96,-68.32,-43.92,-73.2,-112.24,-102.48,-58.56
63.44,-43.92,-107.36,-9.76,82.96,-78.08,-73.2,-48.8,-73.2,-107.36,-92.72,-58.56
78.08,-24.4,-102.48,-24.4,87.84,-63.44,-73.2,-53.68,-63.44,-82.96,-87.84,-43.92
82.96,-14.64,-97.6,-34.16,87.84,-58.56,-73.2,-48.8,-63.44,-78.08,-78.08,-39.04
87.84,-14.64,-102.48,-34.16,92.72,-58.56,-68.32,-43.92,-58.56,-68.32,-78.08,-34.16
73.2,-19.52,-92.72,-24.4,82.96,-58.56,-68.32,-39.04,-63.44,-63.44,-78.08,-39.04
58.56,-34.16,-92.72,-9.76,73.2,-63.44,-73.2,-43.92,-63.44,-73.2,-82.96,-43.92
53.68,-43.92,-97.6,-4.88,73.2,-73.2,-78.08,-43.92,-68.32,-68.32,-78.08,-43.92
34.16,-43.92,-78.08,4.88,53.68,-63.44,-73.2,-53.68,-68.32,-48.8,-68.32,-39.04
39.04,-29.28,-68.32,-4.88,53.68,-48.8,-82.96,-63.44,-73.2,-34.16,-78.08,-39.04
48.8,-14.64,-63.44,-14.64,53.68,-39.04,-73.2,-48.8,-53.68,-4.88,-63.44,-29.28
43.92,-14.64,-58.56,-14.64,48.8,-39.04,-73.2,-48.8,-48.8,14.64,-53.68,-29.28
43.92,0,-43.92,-19.52,43.92,-24.4,-63.44,-43.92,-48.8,48.8,-53.68,-24.4
34.16,9.76,-24.4,-19.52,29.28,-9.76,-58.56,-34.16,-39.04,97.6,-48.8,-19.52
14.64,4.88,-9.76,-9.76,9.76,-4.88,-53.68,-34.16,-43.92,122,-53.68,-29.28
9.76,0,-9.76,-4.88,9.76,-4.88,-58.56,-39.04,-53.68,122,-58.56,-34.16
0,-19.52,-19.52,9.76,9.76,-19.52,-68.32,-43.92,-58.56,126.88,-58.56,-39.04
4.88,-19.52,-24.4,9.76,14.64,-24.4,-73.2,-48.8,-63.44,136.64,-58.56,-39.04
0,-19.52,-19.52,9.76,9.76,-19.52,-78.08,-48.8,-58.56,165.92,-58.56,-34.16
-9.76,-24.4,-14.64,19.52,0,-19.52,-73.2,-48.8,-48.8,170.8,-43.92,-29.28
-4.88,-19.52,-14.64,14.64,4.88,-19.52,-68.32,-39.04,-43.92,170.8,-34.16,-24.4
-4.88,-24.4,-19.52,14.64,4.88,-24.4,-58.56,-39.04,-43.92,175.68,-34.16,-19.52
-19.52,-19.52,0,19.52,-9.76,-9.76,-53.68,-34.16,-39.04,175.68,-34.16,-14.64
-24.4,-9.76,14.64,19.52,-19.52,0,-58.56,-34.16,-48.8,165.92,-53.68,-19.52
-14.64,-9.76,4.88,14.64,-9.76,-4.88,-63.44,-43.92,-48.8,136.64,-63.44,-29.28
-14.64,-14.64,0,14.64,-9.76,-9.76,-73.2,-48.8,-53.68,112.24,-63.44,-29.28
-14.64,-14.64,0,14.64,-9.76,-9.76,-78.08,-53.68,-53.68,92.72,-58.56,-39.04
-14.64,-24.4,-9.76,19.52,-4.88,-19.52,-78.08,-53.68,-43.92,73.2,-48.8,-29.28
-9.76,-19.52,-9.76,14.64,0,-14.64,-68.32,-43.92,-43.92,53.68,-43.92,-24.4
-14.64,-24.4,-9.76,19.52,-4.88,-19.52,-63.44,-39.04,-39.04,29.28,-43.92,-24.4
-14.64,-43.92,-29.28,29.28,4.88,-39.04,-63.44,-34.16,-43.92,-4.88,-48.8,-29.28
-24.4,-48.8,-24.4,39.04,0,-39.04,-53.68,-24.4,-39.04,-14.64,-48.8,-24.4
-34.16,-48.8,-14.64,43.92,-9.76,-34.16,-53.68,-29.28,-39.04,-24.4,-43.92,-24.4
-29.28,-39.04,-9.76,34.16,-9.76,-24.4,-68.32,-39.04,-53.68,-39.04,-58.56,-34.16
-24.4,-19.52,4.88,24.4,-14.64,-9.76,-68.32,-39.04,-48.8,-39.04,-58.56,-34.16
-29.28,-29.28,0,29.28,-14.64,-14.64,-68.32,-43.92,-48.8,-39.04,-53.68,-29.28
-19.52,-14.64,4.88,19.52,-14.64,-4.88,-68.32,-43.92,-39.04,-34.16,-48.8,-19.52
-14.64,0,14.64,9.76,-14.64,4.88,-58.56,-29.28,-34.16,-34.16,-43.92,-14.64
-19.52,-9.76,9.76,14.64,-14.64,0,-58.56,-29.28,-43.92,-53.68,-43.92,-19.52
-19.52,-14.64,4.88,19.52,-14.64,-4.88,-58.56,-29.28,-48.8,-73.2,-53.68,-29.28
-34.16,-39.04,-4.88,39.04,-14.64,-24.4,-53.68,-29.28,-58.56,-82.96,-58.56,-34.16
-34.16,-53.68,-19.52,43.92,-9.76,-39.04,-58.56,-39.04,-63.44,-78.08,-58.56,-34.16
-19.52,-43.92,-24.4,34.16,0,-34.16,-73.2,-43.92,-68.32,-78.08,-63.44,-34.16
-19.52,-39.04,-19.52,29.28,0,-29.28,-68.32,-39.04,-53.68,-73.2,-48.8,-29.28
-14.64,-24.4,-9.76,19.52,-4.88,-19.52,-68.32,-34.16,-48.8,-73.2,-48.8,-24.4
-34.16,-19.52,14.64,29.28,-24.4,-4.88,-58.56,-34.16,-39.04,-73.2,-39.04,-24.4
-29.28,-24.4,4.88,29.28,-19.52,-9.76,-48.8,-29.28,-39.04,-78.08,-34.16,-19.52
-14.64,-9.76,4.88,14.64,-9.76,-4.88,-53.68,-34.16,-48.8,-87.84,-48.8,-24.4
-14.64,-14.64,0,14.64,-9.76,-9.76,-58.56,-34.16,-53.68,-92.72,-63.44,-34.16
-19.52,-14.64,4.88,19.52,-14.64,-4.88,-53.68,-39.04,-53.68,-92.72,-58.56,-34.16
-14.64,-19.52,-4.88,19.52,-4.88,-14.64,-58.56,-48.8,-58.56,-82.96,-68.32,-34.16
-19.52,-34.16,-14.64,29.28,-4.88,-24.4,-58.56,-48.8,-53.68,-78.08,-58.56,-34.16
-19.52,-24.4,-4.88,24.4,-9.76,-14.64,-43.92,-48.8,-39.04,-63.44,-43.92,-19.52
-19.52,-24.4,-4.88,24.4,-9.76,-14.64,-43.92,-39.04,-39.04,-53.68,-39.04,-14.64
-19.52,-29.28,-9.76,24.4,-4.88,-19.52,-34.16,-34.16,-29.28,-53.68,-29.28,-14.64
-14.64,-24.4,-9.76,19.52,-4.88,-19.52,-34.16,-34.16,-34.16,-58.56,-34.16,-9.76
-19.52,-24.4,-4.88,24.4,-9.76,-14.64,-34.16,-29.28,-34.16,-63.44,-34.16,-9.76
-29.28,-14.64,14.64,24.4,-24.4,0,-34.16,-34.16,-39.04,-53.68,-29.28,-4.88
-19.52,-14.64,4.88,19.52,-14.64,-4.88,-39.04,-39.04,-39.04,-48.8,-34.16,-9.76
-14.64,-14.64,0,14.64,-9.76,-9.76,-43.92,-48.8,-39.04,-48.8,-34.16,-14.64
-9.76,-9.76,0,9.76,-4.88,-4.88,-34.16,-39.04,-24.4,-34.16,-24.4,-14.64
-24.4,-24.4,0,24.4,-14.64,-14.64,-14.64,-14.64,-4.88,-19.52,-19.52,-9.76
-9.76,-4.88,4.88,9.76,-9.76,0,29.28,24.4,39.04,9.76,-9.76,-9.76
19.52,19.52,0,-19.52,9.76,9.76,87.84,82.96,107.36,82.96,24.4,9.76
58.56,39.04,-19.52,-48.8,39.04,9.76,151.28,146.4,180.56,170.8,82.96,24.4
87.84,78.08,-9.76,-82.96,48.8,34.16,219.6,224.48,283.04,312.32,170.8,63.44
131.76,122,-9.76,-126.88,68.32,53.68,307.44,307.44,424.56,492.88,302.56,122
200.08,180.56,-19.52,-190.32,107.36,78.08,380.64,385.52,561.2,688.08,444.08,185.44
292.8,268.4,-24.4,-278.16,156.16,122,463.6,468.48,697.84,893.04,614.88,273.28
390.4,366,-24.4,-375.76,204.96,170.8,512.4,517.28,819.84,1098,839.36,405.04
502.64,502.64,0,-502.64,248.88,248.88,570.96,570.96,956.48,1327.36,1117.52,585.6
653.92,688.08,34.16,-668.56,307.44,361.12,634.4,644.16,1132.16,1610.4,1449.36,800.32
785.68,844.24,58.56,-814.96,361.12,448.96,746.64,751.52,1327.36,1893.44,1776.32,1000.4
878.4,985.76,107.36,-932.08,385.52,546.56,907.68,907.68,1527.44,2142.32,2030.08,1166.32
912.56,1078.48,165.92,-995.52,370.88,619.76,1088.24,1088.24,1688.48,2274.08,2181.36,1273.68
897.92,1088.24,190.32,-990.64,351.36,639.28,1171.2,1166.32,1678.72,2191.12,2137.44,1278.56
839.36,956.48,117.12,-897.92,361.12,536.8,1229.76,1220,1542.08,1956.88,1873.92,1127.28
707.6,707.6,0,-707.6,351.36,351.36,1293.2,1293.2,1351.76,1600.64,1468.88,873.52
507.52,527.04,19.52,-517.28,244,273.28,1229.76,1234.64,1098,1146.8,1078.48,663.68
268.4,453.84,185.44,-361.12,39.04,317.2,917.44,912.56,712.48,644.16,732,556.32
43.92,375.76,331.84,-209.84,-146.4,351.36,512.4,507.52,248.88,92.72,361.12,424.56
-131.76,312.32,444.08,-87.84,-287.92,375.76,170.8,161.04,-131.76,-351.36,43.92,307.44
-297.68,244,541.68,29.28,-419.68,390.4,-78.08,-87.84,-385.52,-605.12,-170.8,219.6
-385.52,175.68,561.2,107.36,-473.36,366,-248.88,-248.88,-531.92,-751.52,-336.72,112.24
-439.2,92.72,531.92,175.68,-488,312.32,-405.04,-414.8,-678.32,-834.48,-478.24,9.76
-453.84,14.64,468.48,219.6,-463.6,239.12,-546.56,-561.2,-771.04,-819.84,-536.8,-68.32
-400.16,4.88,405.04,200.08,-405.04,204.96,-585.6,-595.36,-736.88,-717.36,-497.76,-68.32
-351.36,39.04,390.4,156.16,-370.88,214.72,-595.36,-605.12,-678.32,-600.24,-429.44,-48.8
-317.2,53.68,370.88,131.76,-346.48,209.84,-595.36,-600.24,-624.64,-497.76,-361.12,-24.4
-283.04,34.16,317.2,126.88,-302.56,175.68,-566.08,-580.72,-580.72,-434.32,-322.08,-24.4
-258.64,-4.88,253.76,131.76,-258.64,122,-522.16,-531.92,-541.68,-385.52,-312.32,-43.92
-224.48,-43.92,180.56,136.64,-204.96,68.32,-473.36,-483.12,-488,-326.96,-292.8,-68.32
-175.68,-68.32,107.36,122,-141.52,19.52,-405.04,-419.68,-419.68,-263.52,-287.92,-97.6
-161.04,-97.6,63.44,131.76,-112.24,-19.52,-351.36,-361.12,-370.88,-204.96,-273.28,-126.88
-136.64,-122,14.64,131.76,-78.08,-53.68,-307.44,-312.32,-317.2,-156.16,-268.4,-141.52
-122,-151.28,-29.28,136.64,-48.8,-92.72,-263.52,-268.4,-297.68,-141.52,-268.4,-156.16
-117.12,-180.56,-63.44,151.28,-29.28,-122,-219.6,-229.36,-263.52,-136.64,-258.64,-161.04
-107.36,-195.2,-87.84,151.28,-9.76,-141.52,-185.44,-200.08,-244,-141.52,-248.88,-161.04
-102.48,-204.96,-102.48,156.16,0,-156.16,-165.92,-180.56,-244,-165.92,-258.64,-175.68
-102.48,-219.6,-117.12,161.04,4.88,-170.8,-156.16,-170.8,-229.36,-180.56,-258.64,-175.68
-82.96,-214.72,-131.76,151.28,24.4,-175.68,-156.16,-170.8,-219.6,-190.32,-258.64,-190.32
-78.08,-214.72,-136.64,146.4,29.28,-175.68,-141.52,-151.28,-204.96,-185.44,-248.88,-180.56
-48.8,-185.44,-136.64,117.12,43.92,-161.04,-126.88,-136.64,-185.44,-170.8,-224.48,-165.92
-39.04,-156.16,-117.12,97.6,39.04,-136.64,-102.48,-122,-156.16,-170.8,-209.84,-156.16
-48.8,-146.4,-97.6,97.6,24.4,-122,-68.32,-87.84,-136.64,-170.8,-195.2,-146.4
-53.68,-122,-68.32,87.84,4.88,-97.6,-48.8,-58.56,-117.12,-190.32,-195.2,-141.52
-63.44,-112.24,-48.8,87.84,-9.76,-82.96,-19.52,-39.04,-112.24,-200.08,-200.08,-141.52
-82.96,-107.36,-24.4,97.6,-29.28,-68.32,-4.88,-19.52,-97.6,-204.96,-204.96,-146.4
-92.72,-92.72,0,92.72,-48.8,-48.8,-4.88,-24.4,-87.84,-200.08,-195.2,-141.52
-102.48,-92.72,9.76,97.6,-58.56,-43.92,9.76,-14.64,-73.2,-185.44,-175.68,-131.76
-92.72,-82.96,9.76,87.84,-53.68,-39.04,0,-29.28,-78.08,-180.56,-165.92,-131.76
-82.96,-78.08,4.88,82.96,-43.92,-39.04,-9.76,-34.16,-68.32,-170.8,-165.92,-122
-82.96,-78.08,4.88,82.96,-43.92,-39.04,4.88,-19.52,-63.44,-161.04,-156.16,-112.24
-78.08,-58.56,19.52,68.32,-48.8,-19.52,0,-24.4,-68.32,-161.04,-156.16,-107.36
-97.6,-58.56,39.04,78.08,-68.32,-9.76,-4.88,-34.16,-68.32,-165.92,-156.16,-107.36
-107.36,-68.32,39.04,87.84,-73.2,-14.64,-14.64,-48.8,-82.96,-165.92,-165.92,-107.36
-97.6,-53.68,43.92,78.08,-73.2,-4.88,-29.28,-63.44,-87.84,-151.28,-161.04,-102.48
-92.72,-48.8,43.92,73.2,-68.32,-4.88,-43.92,-82.96,-92.72,-146.4,-165.92,-102.48
-87.84,-43.92,43.92,68.32,-68.32,0,-53.68,-87.84,-87.84,-131.76,-161.04,-107.36
-78.08,-48.8,29.28,63.44,-53.68,-9.76,-53.68,-92.72,-73.2,-117.12,-141.52,-97.6
-82.96,-63.44,19.52,73.2,-53.68,-24.4,-39.04,-78.08,-68.32,-117.12,-136.64,-92.72
-78.08,-68.32,9.76,73.2,-43.92,-29.28,-29.28,-68.32,-63.44,-112.24,-131.76,-92.72
-87.84,-73.2,14.64,82.96,-53.68,-29.28,-19.52,-58.56,-63.44,-107.36,-136.64,-92.72
-102.48,-87.84,14.64,97.6,-58.56,-39.04,-24.4,-58.56,-73.2,-126.88,-146.4,-102.48
-102.48,-87.84,14.64,97.6,-58.56,-39.04,-34.16,-68.32,-73.2,-122,-151.28,-107.36
-87.84,-87.84,0,87.84,-43.92,-43.92,-48.8,-82.96,-87.84,-117.12,-156.16,-107.36
-73.2,-82.96,-9.76,78.08,-34.16,-48.8,-53.68,-92.72,-92.72,-117.12,-161.04,-107.36
-68.32,-68.32,0,68.32,-34.16,-34.16,-53.68,-92.72,-87.84,-102.48,-146.4,-92.72
-63.44,-73.2,-9.76,68.32,-29.28,-43.92,-48.8,-87.84,-87.84,-102.48,-141.52,-87.84
-68.32,-82.96,-14.64,78.08,-29.28,-48.8,-39.04,-78.08,-87.84,-112.24,-141.52,-87.84
-73.2,-102.48,-29.28,87.84,-24.4,-68.32,-34.16,-78.08,-92.72,-117.12,-141.52,-92.72
-68.32,-112.24,-43.92,92.72,-14.64,-78.08,-39.04,-78.08,-112.24,-131.76,-151.28,-112.24
-68.32,-112.24,-43.92,92.72,-14.64,-78.08,-39.04,-82.96,-112.24,-122,-156.16,-112.24
-82.96,-126.88,-43.92,107.36,-19.52,-87.84,-43.92,-87.84,-112.24,-102.48,-156.16,-122
-82.96,-126.88,-43.92,107.36,-19.52,-87.84,-39.04,-82.96,-107.36,-82.96,-151.28,-117.12
-68.32,-112.24,-43.92,92.72,-14.64,-78.08,-39.04,-78.08,-97.6,-63.44,-141.52,-112.24
-53.68,-107.36,-53.68,82.96,0,-82.96,-39.04,-82.96,-92.72,-48.8,-146.4,-112.24
-43.92,-97.6,-53.68,73.2,4.88,-78.08,-19.52,-63.44,-73.2,-29.28,-141.52,-102.48
-48.8,-102.48,-53.68,78.08,0,-78.08,-9.76,-53.68,-73.2,-24.4,-146.4,-102.48
-53.68,-117.12,-63.44,87.84,4.88,-92.72,0,-43.92,-78.08,-14.64,-151.28,-107.36
-53.68,-117.12,-63.44,87.84,4.88,-92.72,0,-48.8,-78.08,-4.88,-156.16,-107.36
-48.8,-117.12,-68.32,82.96,9.76,-92.72,-4.88,-53.68,-82.96,-4.88,-161.04,-117.12
-43.92,-122,-78.08,82.96,14.64,-102.48,-9.76,-58.56,-73.2,9.76,-151.28,-122
-43.92,-117.12,-73.2,82.96,14.64,-97.6,-14.64,-63.44,-73.2,24.4,-156.16,-131.76
-39.04,-122,-82.96,82.96,19.52,-102.48,-4.88,-63.44,-63.44,53.68,-146.4,-122
-24.4,-122,-97.6,73.2,34.16,-112.24,4.88,-43.92,-63.44,87.84,-136.64,-117.12
-19.52,-126.88,-107.36,73.2,43.92,-117.12,14.64,-39.04,-53.68,107.36,-136.64,-122
-24.4,-126.88,-102.48,78.08,39.04,-117.12,24.4,-24.4,-58.56,107.36,-141.52,-122
-19.52,-122,-102.48,73.2,39.04,-112.24,24.4,-29.28,-68.32,97.6,-156.16,-131.76
-19.52,-131.76,-112.24,78.08,43.92,-122,14.64,-39.04,-68.32,97.6,-165.92,-131.76
-9.76,-126.88,-117.12,68.32,53.68,-122,14.64,-39.04,-68.32,107.36,-156.16,-126.88
-9.76,-117.12,-107.36,63.44,48.8,-112.24,19.52,-34.16,-53.68,117.12,-146.4,-117.12
9.76,-112.24,-122,53.68,63.44,-117.12,19.52,-34.16,-48.8,122,-141.52,-122
34.16,-102.48,-136.64,34.16,82.96,-122,24.4,-34.16,-43.92,107.36,-141.52,-117.12
29.28,-112.24,-141.52,43.92,82.96,-126.88,34.16,-19.52,-34.16,97.6,-131.76,-117.12
24.4,-117.12,-141.52,48.8,82.96,-131.76,43.92,-9.76,-34.16,97.6,-126.88,-107.36
24.4,-117.12,-141.52,48.8,82.96,-131.76,43.92,-4.88,-39.04,92.72,-131.76,-112.24
29.28,-126.88,-156.16,48.8,92.72,-141.52,34.16,-14.64,-53.68,78.08,-136.64,-117.12
43.92,-126.88,-170.8,43.92,107.36,-151.28,24.4,-19.52,-48.8,73.2,-136.64,-117.12
39.04,-112.24,-151.28,39.04,92.72,-131.76,39.04,-14.64,-39.04,73.2,-122,-102.48
39.04,-102.48,-141.52,34.16,87.84,-122,43.92,-19.52,-34.16,68.32,-107.36,-92.72
63.44,-82.96,-146.4,9.76,102.48,-117.12,43.92,-24.4,-24.4,58.56,-107.36,-87.84
63.44,-78.08,-141.52,9.76,102.48,-112.24,48.8,-9.76,-29.28,43.92,-107.36,-82.96
53.68,-73.2,-126.88,9.76,87.84,-102.48,58.56,-9.76,-24.4,29.28,-107.36,-73.2
53.68,-78.08,-131.76,14.64,92.72,-107.36,48.8,-19.52,-39.04,-4.88,-122,-82.96
53.68,-92.72,-146.4,19.52,97.6,-122,48.8,-24.4,-48.8,-19.52,-126.88,-87.84
63.44,-78.08,-141.52,9.76,102.48,-112.24,34.16,-34.16,-53.68,-34.16,-126.88,-97.6
58.56,-73.2,-131.76,9.76,92.72,-102.48,19.52,-43.92,-58.56,-43.92,-126.88,-87.84
53.68,-82.96,-136.64,14.64,92.72,-112.24,24.4,-43.92,-63.44,-39.04,-112.24,-78.08
73.2,-63.44,-136.64,-4.88,102.48,-102.48,14.64,-43.92,-53.68,-34.16,-102.48,-68.32
78.08,-53.68,-131.76,-9.76,102.48,-92.72,34.16,-34.16,-43.92,-24.4,-92.72,-58.56
68.32,-53.68,-122,-4.88,92.72,-87.84,39.04,-24.4,-39.04,-34.16,-87.84,-53.68
97.6,-39.04,-136.64,-29.28,117.12,-87.84,19.52,-43.92,-63.44,-48.8,-107.36,-53.68
82.96,-48.8,-131.76,-14.64,107.36,-92.72,24.4,-43.92,-78.08,-63.44,-117.12,-48.8
68.32,-48.8,-117.12,-9.76,92.72,-82.96,14.64,-48.8,-78.08,-53.68,-107.36,-48.8
63.44,-39.04,-102.48,-9.76,82.96,-73.2,4.88,-63.44,-68.32,-48.8,-102.48,-34.16
78.08,-24.4,-102.48,-24.4,87.84,-63.44,-14.64,-68.32,-73.2,-48.8,-92.72,-39.04
97.6,-4.88,-102.48,-43.92,97.6,-53.68,-19.52,-78.08,-73.2,-39.04,-92.72,-48.8
92.72,-14.64,-107.36,-39.04,97.6,-63.44,-4.88,-82.96,-73.2,-39.04,-87.84,-43.92
92.72,-14.64,-107.36,-39.04,97.6,-63.44,4.88,-73.2,-68.32,-39.04,-73.2,-24.4
87.84,-9.76,-97.6,-39.04,92.72,-53.68,14.64,-63.44,-58.56,-34.16,-73.2,-19.52
63.44,-34.16,-97.6,-14.64,78.08,-68.32,9.76,-68.32,-68.32,-48.8,-73.2,-24.4
58.56,-19.52,-78.08,-19.52,68.32,-48.8,14.64,-68.32,-73.2,-39.04,-63.44,-4.88
48.8,-9.76,-58.56,-19.52,53.68,-34.16,4.88,-78.08,-68.32,-34.16,-68.32,-4.88
53.68,-4.88,-58.56,-24.4,53.68,-34.16,0,-82.96,-63.44,-29.28,-73.2,-24.4
63.44,14.64,-48.8,-39.04,53.68,-19.52,9.76,-82.96,-63.44,-19.52,-58.56,-14.64
43.92,9.76,-34.16,-24.4,39.04,-14.64,14.64,-82.96,-53.68,-19.52,-39.04,-4.88
39.04,14.64,-24.4,-24.4,29.28,-4.88,14.64,-68.32,-53.68,-24.4,-29.28,0
24.4,9.76,-14.64,-14.64,19.52,-4.88,9.76,-63.44,-53.68,-29.28,-48.8,-9.76
14.64,-14.64,-29.28,0,19.52,-24.4,9.76,-63.44,-58.56,-39.04,-53.68,-24.4
19.52,-19.52,-39.04,0,29.28,-29.28,-14.64,-43.92,-58.56,-39.04,-53.68,-14.64
0,-29.28,-29.28,14.64,14.64,-29.28,-34.16,-43.92,-63.44,-43.92,-53.68,0
-19.52,-34.16,-14.64,29.28,-4.88,-24.4,-39.04,-43.92,-63.44,-34.16,-43.92,0
-4.88,-19.52,-14.64,14.64,4.88,-19.52,-34.16,-43.92,-58.56,-24.4,-48.8,-4.88
0,-14.64,-14.64,9.76,4.88,-14.64,-39.04,-48.8,-48.8,-29.28,-43.92,-4.88
4.88,-9.76,-14.64,4.88,9.76,-14.64,-29.28,-43.92,-48.8,-34.16,-39.04,9.76
0,-9.76,-9.76,4.88,4.88,-9.76,-19.52,-48.8,-48.8,-34.16,-39.04,19.52
-14.64,-14.64,0,14.64,-9.76,-9.76,-24.4,-48.8,-53.68,-39.04,-39.04,0
-24.4,-24.4,0,24.4,-14.64,-14.64,-19.52,-43.92,-58.56,-48.8,-48.8,0
-29.28,-39.04,-9.76,34.16,-9.76,-24.4,-34.16,-58.56,-68.32,-53.68,-53.68,0
-24.4,-39.04,-14.64,34.16,-4.88,-29.28,-29.28,-53.68,-58.56,-43.92,-53.68,-4.88
-29.28,-34.16,-4.88,34.16,-14.64,-19.52,-29.28,-53.68,-48.8,-29.28,-39.04,4.88
-34.16,-39.04,-4.88,39.04,-14.64,-24.4,-39.04,-48.8,-43.92,-24.4,-34.16,4.88
-24.4,-29.28,-4.88,29.28,-9.76,-19.52,-34.16,-48.8,-43.92,-29.28,-29.28,14.64
-24.4,-29.28,-4.88,29.28,-9.76,-19.52,-19.52,-53.68,-39.04,-24.4,-34.16,14.64
-34.16,-29.28,4.88,34.16,-19.52,-14.64,-4.88,-39.04,-34.16,-34.16,-39.04,9.76
-29.28,-24.4,4.88,29.28,-19.52,-9.76,14.64,-43.92,-39.04,-29.28,-39.04,-4.88
-29.28,-29.28,0,29.28,-14.64,-14.64,19.52,-63.44,-48.8,-48.8,-48.8,-14.64
-34.16,-29.28,4.88,34.16,-19.52,-14.64,14.64,-68.32,-53.68,-48.8,-43.92,-14.64
-24.4,-24.4,0,24.4,-14.64,-14.64,34.16,-87.84,-53.68,-39.04,-43.92,-14.64
-24.4,-24.4,0,24.4,-14.64,-14.64,39.04,-82.96,-43.92,-34.16,-43.92,-19.52
-24.4,-24.4,0,24.4,-14.64,-14.64,39.04,-82.96,-39.04,-34.16,-43.92,-19.52
-19.52,-24.4,-4.88,24.4,-9.76,-14.64,24.4,-73.2,-43.92,-43.92,-39.04,-9.76
-34.16,-34.16,0,34.16,-19.52,-19.52,-14.64,-43.92,-43.92,-48.8,-34.16,-9.76
-39.04,-29.28,9.76,34.16,-24.4,-9.76,-9.76,-34.16,-43.92,-53.68,-43.92,-9.76
-48.8,-39.04,9.76,43.92,-29.28,-14.64,14.64,-34.16,-39.04,-53.68,-39.04,-14.64
-48.8,-39.04,9.76,43.92,-29.28,-14.64,9.76,-48.8,-48.8,-53.68,-48.8,-19.52
-24.4,-29.28,-4.88,29.28,-9.76,-19.52,-19.52,-53.68,-58.56,-53.68,-53.68,-24.4
-24.4,-34.16,-9.76,29.28,-9.76,-24.4,-29.28,-53.68,-53.68,-48.8,-43.92,-19.52
-19.52,-19.52,0,19.52,-9.76,-9.76,-34.16,-39.04,-43.92,-39.04,-34.16,-4.88
-19.52,-4.88,14.64,14.64,-19.52,4.88,-34.16,-34.16,-43.92,-48.8,-34.16,-24.4
-14.64,-19.52,-4.88,19.52,-4.88,-14.64,-39.04,-39.04,-48.8,-63.44,-48.8,-29.28
-14.64,-19.52,-4.88,19.52,-4.88,-14.64,-34.16,-43.92,-48.8,-68.32,-53.68,-24.4
-34.16,-34.16,0,34.16,-19.52,-19.52,-39.04,-53.68,-63.44,-92.72,-58.56,-39.04
-39.04,-43.92,-4.88,43.92,-19.52,-24.4,-34.16,-48.8,-58.56,-82.96,-58.56,-39.04
-39.04,-29.28,9.76,34.16,-24.4,-9.76,-39.04,-53.68,-63.44,-82.96,-58.56,-43.92
-43.92,-34.16,9.76,39.04,-29.28,-14.64,-34.16,-48.8,-53.68,-78.08,-48.8,-43.92
-29.28,-34.16,-4.88,34.16,-14.64,-19.52,-43.92,-58.56,-48.8,-73.2,-43.92,-29.28
-34.16,-34.16,0,34.16,-19.52,-19.52,-34.16,-48.8,-43.92,-68.32,-24.4,-19.52
-29.28,-24.4,4.88,29.28,-19.52,-9.76,-34.16,-48.8,-43.92,-82.96,-24.4,-14.64
-19.52,-19.52,0,19.52,-9.76,-9.76,-24.4,-43.92,-43.92,-82.96,-29.28,-24.4
-24.4,-29.28,-4.88,29.28,-9.76,-19.52,-19.52,-39.04,-43.92,-82.96,-29.28,-24.4
-39.04,-24.4,14.64,34.16,-29.28,-4.88,-19.52,-43.92,-39.04,-82.96,-29.28,-24.4
-43.92,-34.16,9.76,39.04,-29.28,-14.64,-29.28,-48.8,-39.04,-78.08,-24.4,-24.4
-39.04,-34.16,4.88,39.04,-24.4,-14.64,-29.28,-48.8,-39.04,-73.2,-24.4,-29.28
-24.4,-24.4,0,24.4,-14.64,-14.64,-29.28,-48.8,-34.16,-68.32,-14.64,-29.28
-29.28,-24.4,4.88,29.28,-19.52,-9.76,-19.52,-39.04,-19.52,-63.44,-14.64,-29.28
-39.04,-29.28,9.76,34.16,-24.4,-9.76,24.4,4.88,19.52,-43.92,-9.76,-29.28
-19.52,-9.76,9.76,14.64,-14.64,0,73.2,63.44,82.96,14.64,14.64,-9.76
19.52,9.76,-9.76,-14.64,14.64,0,136.64,122,156.16,97.6,58.56,-4.88
68.32,48.8,-19.52,-58.56,43.92,14.64,195.2,185.44,248.88,214.72,126.88,24.4
107.36,97.6,-9.76,-102.48,58.56,43.92,268.4,253.76,366,380.64,244,78.08
156.16,146.4,-9.76,-151.28,82.96,68.32,356.24,346.48,507.52,570.96,385.52,131.76
239.12,209.84,-29.28,-224.48,131.76,87.84,424.56,414.8,639.28,766.16,541.68,214.72
336.72,317.2,-19.52,-326.96,175.68,146.4,492.88,473.36,766.16,966.24,746.64,326.96
439.2,434.32,-4.88,-434.32,219.6,214.72,536.8,522.16,883.28,1171.2,990.64,478.24
566.08,590.48,24.4,-575.84,268.4,307.44,595.36,580.72,1039.44,1420.08,1312.72,688.08
692.96,751.52,58.56,-722.24,317.2,405.04,668.56,653.92,1210.24,1712.88,1664.08,907.68
800.32,893.04,92.72,-844.24,351.36,492.88,800.32,780.8,1420.08,1976.4,1956.88,1098
868.64,1019.92,151.28,-941.84,356.24,585.6,961.36,956.48,1610.4,2176.48,2161.84,1239.52
878.4,1093.12,214.72,-985.76,331.84,653.92,1088.24,1083.36,1678.72,2191.12,2210.64,1307.84
839.36,1034.56,195.2,-936.96,322.08,614.88,1146.8,1137.04,1586,2000.8,2044.72,1224.88
736.88,824.72,87.84,-780.8,322.08,453.84,1229.76,1220,1439.6,1693.36,1698.24,1005.28
561.2,585.6,24.4,-570.96,268.4,302.56,1259.04,1254.16,1220,1254.16,1273.68,756.4
322.08,478.24,156.16,-400.16,82.96,317.2,1078.48,1068.72,897.92,756.4,907.68,605.12
107.36,419.68,312.32,-263.52,-102.48,366,702.72,688.08,458.72,204.96,527.04,478.24
-87.84,346.48,434.32,-126.88,-263.52,390.4,341.6,331.84,43.92,-302.56,170.8,346.48
-239.12,287.92,527.04,-24.4,-385.52,405.04,29.28,19.52,-278.16,-649.04,-92.72,239.12
-351.36,209.84,561.2,73.2,-458.72,385.52,-161.04,-170.8,-473.36,-863.76,-278.16,136.64
-434.32,141.52,575.84,146.4,-507.52,356.24,-312.32,-331.84,-600.24,-976,-409.92,39.04
-463.6,63.44,527.04,200.08,-497.76,292.8,-483.12,-488,-727.12,-1029.68,-512.4,-48.8
-448.96,14.64,463.6,219.6,-458.72,239.12,-561.2,-570.96,-736.88,-990.64,-497.76,-78.08
-400.16,34.16,434.32,185.44,-419.68,234.24,-575.84,-585.6,-692.96,-902.8,-448.96,-78.08
-366,63.44,429.44,151.28,-400.16,244,-580.72,-590.48,-634.4,-805.2,-380.64,-53.68
-307.44,78.08,385.52,117.12,-346.48,229.36,-580.72,-585.6,-590.48,-727.12,-326.96,-48.8
-273.28,53.68,326.96,112.24,-302.56,190.32,-551.44,-556.32,-556.32,-678.32,-317.2,-73.2
-248.88,14.64,263.52,117.12,-258.64,136.64,-502.64,-512.4,-507.52,-610,-302.56,-97.6
-209.84,-24.4,185.44,117.12,-200.08,78.08,-453.84,-458.72,-453.84,-541.68,-292.8,-117.12
-190.32,-82.96,107.36,136.64,-151.28,9.76,-380.64,-390.4,-395.28,-478.24,-263.52,-136.64
-161.04,-107.36,53.68,136.64,-107.36,-29.28,-326.96,-336.72,-331.84,-424.56,-244,-146.4
-136.64,-136.64,0,136.64,-68.32,-68.32,-283.04,-287.92,-302.56,-409.92,-248.88,-175.68
-131.76,-180.56,-48.8,156.16,-43.92,-117.12,-239.12,-239.12,-268.4,-390.4,-248.88,-185.44
-126.88,-185.44,-58.56,156.16,-34.16,-122,-204.96,-204.96,-244,-370.88,-244,-190.32
-122,-190.32,-68.32,156.16,-29.28,-131.76,-170.8,-180.56,-234.24,-366,-244,-200.08
-126.88,-195.2,-68.32,161.04,-29.28,-131.76,-156.16,-165.92,-219.6,-351.36,-234.24,-200.08
-102.48,-175.68,-73.2,141.52,-14.64,-126.88,-161.04,-165.92,-209.84,-341.6,-248.88,-204.96
-87.84,-175.68,-87.84,131.76,0,-131.76,-156.16,-161.04,-200.08,-322.08,-248.88,-214.72
-78.08,-165.92,-87.84,122,4.88,-126.88,-136.64,-141.52,-175.68,-297.68,-229.36,-209.84
-63.44,-136.64,-73.2,102.48,4.88,-107.36,-117.12,-122,-151.28,-283.04,-224.48,-200.08
-53.68,-126.88,-73.2,92.72,9.76,-102.48,-87.84,-97.6,-141.52,-273.28,-209.84,-190.32
-63.44,-117.12,-53.68,92.72,-4.88,-87.84,-58.56,-63.44,-122,-263.52,-185.44,-175.68
-73.2,-117.12,-43.92,97.6,-14.64,-82.96,-43.92,-43.92,-112.24,-258.64,-195.2,-170.8
-92.72,-131.76,-39.04,112.24,-29.28,-87.84,-29.28,-29.28,-102.48,-253.76,-200.08,-180.56
-102.48,-102.48,0,102.48,-53.68,-53.68,-19.52,-19.52,-82.96,-229.36,-185.44,-170.8
-117.12,-87.84,29.28,102.48,-73.2,-29.28,-9.76,-9.76,-68.32,-204.96,-170.8,-161.04
-97.6,-58.56,39.04,78.08,-68.32,-9.76,-19.52,-19.52,-63.44,-190.32,-161.04,-156.16
-87.84,-39.04,48.8,63.44,-68.32,4.88,-24.4,-24.4,-58.56,-185.44,-151.28,-136.64
-92.72,-39.04,53.68,68.32,-73.2,4.88,-19.52,-14.64,-53.68,-180.56,-141.52,-131.76
-82.96,-39.04,43.92,63.44,-63.44,0,-14.64,-14.64,-53.68,-195.2,-146.4,-122
-97.6,-39.04,58.56,68.32,-78.08,9.76,-29.28,-29.28,-58.56,-200.08,-151.28,-126.88
-112.24,-48.8,63.44,82.96,-87.84,4.88,-39.04,-39.04,-78.08,-204.96,-165.92,-136.64
-107.36,-43.92,63.44,78.08,-87.84,9.76,-63.44,-53.68,-78.08,-190.32,-161.04,-141.52
-112.24,-58.56,53.68,87.84,-82.96,-4.88,-73.2,-73.2,-78.08,-180.56,-156.16,-146.4
-112.24,-63.44,48.8,87.84,-82.96,-9.76,-73.2,-78.08,-68.32,-170.8,-141.52,-131.76
-107.36,-43.92,63.44,78.08,-87.84,9.76,-78.08,-82.96,-63.44,-161.04,-126.88,-122
-107.36,-63.44,43.92,87.84,-78.08,-9.76,-68.32,-63.44,-58.56,-165.92,-126.88,-112.24
-102.48,-63.44,39.04,82.96,-73.2,-14.64,-48.8,-48.8,-48.8,-156.16,-117.12,-102.48
-112.24,-58.56,53.68,87.84,-82.96,-4.88,-39.04,-39.04,-48.8,-161.04,-117.12,-112.24
-107.36,-73.2,34.16,92.72,-73.2,-19.52,-39.04,-39.04,-58.56,-170.8,-131.76,-117.12
-92.72,-63.44,29.28,78.08,-63.44,-19.52,-48.8,-48.8,-63.44,-170.8,-146.4,-122
-97.6,-73.2,24.4,87.84,-63.44,-24.4,-53.68,-58.56,-68.32,-170.8,-141.52,-126.88
-97.6,-82.96,14.64,92.72,-58.56,-34.16,-73.2,-68.32,-73.2,-165.92,-146.4,-141.52
-82.96,-87.84,-4.88,87.84,-39.04,-48.8,-82.96,-73.2,-73.2,-165.92,-146.4,-136.64
-73.2,-92.72,-19.52,82.96,-29.28,-58.56,-78.08,-68.32,-68.32,-165.92,-126.88,-126.88
-63.44,-92.72,-29.28,78.08,-19.52,-63.44,-63.44,-53.68,-68.32,-165.92,-122,-122
-73.2,-97.6,-24.4,87.84,-24.4,-63.44,-63.44,-53.68,-78.08,-175.68,-136.64,-126.88
-82.96,-117.12,-34.16,102.48,-24.4,-78.08,-63.44,-53.68,-82.96,-180.56,-146.4,-136.64
-87.84,-126.88,-39.04,107.36,-24.4,-82.96,-53.68,-43.92,-82.96,-170.8,-151.28,-141.52
-87.84,-136.64,-48.8,112.24,-19.52,-92.72,-58.56,-53.68,-78.08,-161.04,-151.28,-141.52
-87.84,-122,-34.16,107.36,-29.28,-78.08,-53.68,-48.8,-73.2,-151.28,-151.28,-136.64
-78.08,-112.24,-34.16,97.6,-24.4,-73.2,-43.92,-43.92,-53.68,-131.76,-131.76,-136.64
-68.32,-112.24,-43.92,92.72,-14.64,-78.08,-43.92,-39.04,-48.8,-122,-122,-131.76
-63.44,-107.36,-43.92,87.84,-9.76,-78.08,-34.16,-24.4,-34.16,-112.24,-122,-122
-48.8,-97.6,-48.8,73.2,0,-73.2,-29.28,-24.4,-39.04,-117.12,-126.88,-131.76
-53.68,-107.36,-53.68,82.96,0,-82.96,-24.4,-14.64,-43.92,-126.88,-136.64,-136.64
-68.32,-126.88,-58.56,97.6,-4.88,-92.72,-9.76,-4.88,-39.04,-117.12,-146.4,-141.52
-68.32,-136.64,-68.32,102.48,0,-102.48,-34.16,-24.4,-63.44,-126.88,-156.16,-161.04
-63.44,-136.64,-73.2,102.48,4.88,-107.36,-34.16,-24.4,-53.68,-117.12,-151.28,-156.16
-68.32,-136.64,-68.32,102.48,0,-102.48,-24.4,-24.4,-39.04,-102.48,-146.4,-151.28
-58.56,-136.64,-78.08,97.6,9.76,-107.36,-24.4,-19.52,-29.28,-82.96,-136.64,-141.52
-39.04,-112.24,-73.2,78.08,14.64,-92.72,-14.64,-4.88,-14.64,-82.96,-131.76,-141.52
-43.92,-112.24,-68.32,78.08,9.76,-92.72,4.88,9.76,-9.76,-73.2,-126.88,-146.4
-43.92,-117.12,-73.2,82.96,14.64,-97.6,4.88,14.64,-14.64,-73.2,-131.76,-141.52
-29.28,-112.24,-82.96,73.2,24.4,-97.6,9.76,24.4,-14.64,-78.08,-146.4,-151.28
-24.4,-126.88,-102.48,78.08,39.04,-117.12,0,14.64,-24.4,-78.08,-156.16,-161.04
-19.52,-122,-102.48,73.2,39.04,-112.24,-9.76,4.88,-34.16,-73.2,-156.16,-161.04
-14.64,-126.88,-112.24,73.2,48.8,-122,-9.76,4.88,-29.28,-68.32,-156.16,-165.92
-14.64,-126.88,-112.24,73.2,48.8,-122,0,9.76,-14.64,-53.68,-141.52,-156.16
0,-122,-122,63.44,58.56,-122,14.64,24.4,4.88,-39.04,-122,-141.52
-4.88,-126.88,-122,68.32,58.56,-126.88,29.28,39.04,9.76,-34.16,-112.24,-136.64
4.88,-131.76,-136.64,63.44,68.32,-136.64,24.4,34.16,0,-43.92,-117.12,-141.52
9.76,-131.76,-141.52,63.44,73.2,-136.64,29.28,43.92,0,-48.8,-122,-146.4
19.52,-131.76,-151.28,58.56,82.96,-141.52,24.4,39.04,-9.76,-53.68,-126.88,-146.4
34.16,-122,-156.16,43.92,92.72,-141.52,14.64,24.4,-9.76,-43.92,-131.76,-146.4
14.64,-112.24,-126.88,48.8,68.32,-122,14.64,29.28,0,-29.28,-112.24,-131.76
24.4,-107.36,-131.76,43.92,78.08,-122,14.64,29.28,4.88,-24.4,-112.24,-122
43.92,-87.84,-131.76,24.4,87.84,-112.24,9.76,24.4,9.76,-24.4,-107.36,-117.12
29.28,-102.48,-131.76,39.04,78.08,-117.12,19.52,34.16,14.64,-24.4,-107.36,-122
24.4,-102.48,-126.88,39.04,73.2,-117.12,29.28,43.92,14.64,-19.52,-97.6,-107.36
24.4,-102.48,-126.88,39.04,73.2,-117.12,29.28,48.8,14.64,-34.16,-97.6,-102.48
19.52,-117.12,-136.64,48.8,78.08,-126.88,19.52,39.04,-4.88,-43.92,-112.24,-112.24
19.52,-117.12,-136.64,48.8,78.08,-126.88,14.64,29.28,-9.76,-48.8,-117.12,-117.12
29.28,-112.24,-141.52,43.92,82.96,-126.88,9.76,24.4,-9.76,-43.92,-112.24,-107.36
39.04,-97.6,-136.64,29.28,87.84,-117.12,0,19.52,-9.76,-39.04,-102.48,-97.6
53.68,-73.2,-126.88,9.76,87.84,-102.48,-9.76,14.64,-4.88,-29.28,-97.6,-87.84
63.44,-63.44,-126.88,0,92.72,-97.6,-9.76,9.76,-9.76,-29.28,-92.72,-82.96
63.44,-68.32,-131.76,4.88,97.6,-102.48,0,19.52,-9.76,-34.16,-87.84,-73.2
68.32,-53.68,-122,-4.88,92.72,-87.84,4.88,24.4,-9.76,-43.92,-87.84,-73.2
68.32,-58.56,-126.88,-4.88,97.6,-92.72,-4.88,14.64,-19.52,-63.44,-102.48,-78.08
58.56,-68.32,-126.88,4.88,92.72,-97.6,-9.76,9.76,-24.4,-58.56,-97.6,-82.96
48.8,-68.32,-117.12,9.76,82.96,-92.72,-29.28,-9.76,-29.28,-58.56,-97.6,-82.96
48.8,-78.08,-126.88,14.64,87.84,-102.48,-29.28,-9.76,-29.28,-58.56,-87.84,-73.2
63.44,-53.68,-117.12,-4.88,87.84,-87.84,-34.16,-9.76,-24.4,-43.92,-68.32,-53.68
73.2,-43.92,-117.12,-14.64,92.72,-82.96,-34.16,-9.76,-24.4,-39.04,-63.44,-43.92
78.08,-29.28,-107.36,-24.4,92.72,-68.32,-24.4,-4.88,-29.28,-39.04,-53.68,-39.04
73.2,-14.64,-87.84,-29.28,78.08,-53.68,-24.4,-9.76,-24.4,-43.92,-58.56,-34.16
58.56,-29.28,-87.84,-14.64,73.2,-58.56,-24.4,-9.76,-34.16,-53.68,-68.32,-39.04
48.8,-24.4,-73.2,-9.76,58.56,-48.8,-24.4,-14.64,-43.92,-58.56,-68.32,-43.92
43.92,-14.64,-58.56,-14.64,48.8,-39.04,-29.28,-29.28,-39.04,-53.68,-68.32,-39.04
39.04,-19.52,-58.56,-9.76,48.8,-39.04,-39.04,-34.16,-39.04,-48.8,-63.44,-43.92
53.68,-14.64,-68.32,-19.52,58.56,-43.92,-39.04,-39.04,-39.04,-48.8,-58.56,-43.92
39.04,-19.52,-58.56,-9.76,48.8,-39.04,-34.16,-39.04,-29.28,-43.92,-43.92,-39.04
34.16,-24.4,-58.56,-4.88,43.92,-43.92,-24.4,-29.28,-24.4,-43.92,-34.16,-34.16
24.4,-14.64,-39.04,-4.88,29.28,-29.28,-14.64,-24.4,-24.4,-48.8,-34.16,-24.4
4.88,-29.28,-34.16,14.64,19.52,-34.16,-14.64,-24.4,-24.4,-58.56,-34.16,-19.52
0,-34.16,-34.16,19.52,14.64,-34.16,-19.52,-29.28,-39.04,-73.2,-53.68,-34.16
-24.4,-29.28,-4.88,29.28,-9.76,-19.52,-19.52,-29.28,-34.16,-63.44,-48.8,-34.16
-19.52,-29.28,-9.76,24.4,-4.88,-19.52,-29.28,-39.04,-39.04,-68.32,-48.8,-39.04
-4.88,-14.64,-9.76,9.76,0,-14.64,-29.28,-39.04,-34.16,-58.56,-53.68,-34.16
-4.88,-14.64,-9.76,9.76,0,-14.64,-29.28,-43.92,-24.4,-53.68,-43.92,-29.28
-9.76,-9.76,0,9.76,-4.88,-4.88,-19.52,-34.16,-19.52,-53.68,-34.16,-19.52
-14.64,-19.52,-4.88,19.52,-4.88,-14.64,-9.76,-24.4,-24.4,-63.44,-39.04,-19.52
-24.4,-29.28,-4.88,29.28,-9.76,-19.52,-14.64,-24.4,-24.4,-73.2,-34.16,-19.52
-24.4,-34.16,-9.76,29.28,-9.76,-24.4,-14.64,-24.4,-34.16,-87.84,-48.8,-29.28
-34.16,-34.16,0,34.16,-19.52,-19.52,-24.4,-29.28,-43.92,-82.96,-53.68,-34.16
-34.16,-43.92,-9.76,39.04,-14.64,-29.28,-34.16,-39.04,-48.8,-82.96,-53.68,-39.04
-24.4,-34.16,-9.76,29.28,-9.76,-24.4,-43.92,-48.8,-48.8,-82.96,-48.8,-34.16
-24.4,-24.4,0,24.4,-14.64,-14.64,-43.92,-53.68,-48.8,-78.08,-43.92,-34.16
-14.64,-9.76,4.88,14.64,-9.76,-4.88,-39.04,-43.92,-34.16,-73.2,-39.04,-24.4
0,-9.76,-9.76,4.88,4.88,-9.76,-34.16,-39.04,-39.04,-68.32,-43.92,-24.4
-19.52,-19.52,0,19.52,-9.76,-9.76,-24.4,-29.28,-39.04,-68.32,-34.16,-24.4
-19.52,-19.52,0,19.52,-9.76,-9.76,-24.4,-34.16,-39.04,-82.96,-48.8,-24.4
-39.04,-19.52,19.52,29.28,-29.28,0,-9.76,-34.16,-43.92,-78.08,-53.68,-24.4
-43.92,-24.4,19.52,34.16,-34.16,-4.88,-24.4,-43.92,-43.92,-78.08,-48.8,-29.28
-39.04,-19.52,19.52,29.28,-29.28,0,-34.16,-53.68,-53.68,-78.08,-53.68,-34.16
-34.16,-34.16,0,34.16,-19.52,-19.52,-29.28,-48.8,-43.92,-73.2,-43.92,-29.28
-24.4,-24.4,0,24.4,-14.64,-14.64,-34.16,-53.68,-39.04,-73.2,-39.04,-29.28
-24.4,-19.52,4.88,24.4,-14.64,-9.76,-19.52,-34.16,-34.16,-73.2,-34.16,-19.52
-29.28,-24.4,4.88,29.28,-19.52,-9.76,-19.52,-34.16,-34.16,-78.08,-34.16,-19.52
-19.52,-14.64,4.88,19.52,-14.64,-4.88,-14.64,-34.16,-34.16,-82.96,-43.92,-24.4
-24.4,-29.28,-4.88,29.28,-9.76,-19.52,-19.52,-34.16,-53.68,-87.84,-53.68,-34.16
-29.28,-39.04,-9.76,34.16,-9.76,-24.4,-19.52,-43.92,-53.68,-82.96,-53.68,-34.16
-24.4,-29.28,-4.88,29.28,-9.76,-19.52,-29.28,-43.92,-53.68,-78.08,-58.56,-29.28
-29.28,-19.52,9.76,24.4,-19.52,-4.88,-34.16,-48.8,-53.68,-78.08,-53.68,-39.04
-19.52,-19.52,0,19.52,-9.76,-9.76,-34.16,-48.8,-43.92,-68.32,-43.92,-29.28
-24.4,-14.64,9.76,19.52,-19.52,-4.88,-34.16,-48.8,-43.92,-73.2,-48.8,-29.28
-24.4,-24.4,0,24.4,-14.64,-14.64,-39.04,-43.92,-43.92,-73.2,-43.92,-29.28
-19.52,-24.4,-4.88,24.4,-9.76,-14.64,-29.28,-39.04,-43.92,-78.08,-43.92,-24.4
-19.52,-34.16,-14.64,29.28,-4.88,-24.4,-29.28,-43.92,-58.56,-87.84,-58.56,-29.28
-34.16,-53.68,-19.52,43.92,-9.76,-39.04,-29.28,-39.04,-58.56,-82.96,-53.68,-29.28
-43.92,-48.8,-4.88,48.8,-19.52,-29.28,-29.28,-39.04,-53.68,-78.08,-48.8,-29.28
-39.04,-43.92,-4.88,43.92,-19.52,-24.4,-29.28,-39.04,-43.92,-63.44,-43.92,-19.52
-14.64,-24.4,-9.76,19.52,-4.88,-19.52,-48.8,-48.8,-48.8,-58.56,-43.92,-9.76
-4.88,-4.88,0,4.88,-4.88,-4.88,-48.8,-39.04,-39.04,-53.68,-39.04,-9.76
-9.76,-4.88,4.88,9.76,-9.76,0,-34.16,-34.16,-39.04,-53.68,-39.04,-9.76
-9.76,-9.76,0,9.76,-4.88,-4.88,-24.4,-43.92,-39.04,-58.56,-39.04,-9.76
-9.76,-24.4,-14.64,19.52,0,-19.52,-19.52,-43.92,-43.92,-68.32,-34.16,-14.64
-9.76,-29.28,-19.52,19.52,4.88,-24.4,-24.4,-48.8,-53.68,-68.32,-39.04,-19.52
-29.28,-24.4,4.88,29.28,-19.52,-9.76,-24.4,-48.8,-48.8,-53.68,-29.28,-14.64
-34.16,-34.16,0,34.16,-19.52,-19.52,-24.4,-48.8,-43.92,-53.68,-34.16,-14.64
-24.4,-34.16,-9.76,29.28,-9.76,-24.4,-24.4,-53.68,-43.92,-48.8,-29.28,-14.64
-29.28,-24.4,4.88,29.28,-19.52,-9.76,-9.76,-39.04,-24.4,-29.28,-14.64,-4.88
-19.52,-4.88,14.64,14.64,-19.52,4.88,24.4,0,9.76,-4.88,-9.76,-4.88
4.88,34.16,29.28,-19.52,-14.64,29.28,73.2,48.8,73.2,48.8,14.64,9.76
39.04,63.44,24.4,-48.8,4.88,43.92,126.88,102.48,141.52,126.88,53.68,24.4
87.84,92.72,4.88,-87.84,39.04,48.8,200.08,175.68,244,248.88,126.88,48.8
131.76,151.28,19.52,-141.52,53.68,82.96,273.28,248.88,366,424.56,248.88,107.36
180.56,209.84,29.28,-195.2,73.2,117.12,356.24,326.96,512.4,624.64,400.16,170.8
244,268.4,24.4,-253.76,107.36,146.4,439.2,419.68,658.8,834.48,566.08,253.76
326.96,346.48,19.52,-336.72,151.28,180.56,512.4,497.76,810.08,1039.44,761.28,366
424.56,453.84,29.28,-439.2,195.2,239.12,570.96,551.44,932.08,1249.28,1005.28,507.52
546.56,619.76,73.2,-580.72,234.24,346.48,639.28,619.76,1098,1503.04,1317.6,717.36
673.44,795.44,122,-732,273.28,458.72,692.96,663.68,1259.04,1776.32,1659.2,941.84
775.92,971.12,195.2,-873.52,287.92,580.72,805.2,785.68,1468.88,2054.48,1966.64,1137.04
849.12,1122.4,273.28,-985.76,287.92,697.84,961.36,946.72,1659.2,2254.56,2176.48,1293.2
858.88,1190.72,331.84,-1024.8,263.52,761.28,1044.32,1019.92,1683.6,2254.56,2235.04,1371.28
819.84,1156.56,336.72,-985.76,239.12,746.64,1058.96,1034.56,1556.72,2049.6,2088.64,1322.48
736.88,966.24,229.36,-849.12,253.76,595.36,1112.64,1088.24,1376.16,1727.52,1766.56,1122.4
556.32,727.12,170.8,-639.28,190.32,448.96,1093.12,1063.84,1117.52,1259.04,1327.36,863.76
326.96,595.36,268.4,-458.72,29.28,429.44,844.24,814.96,732,717.36,951.6,702.72
107.36,468.48,361.12,-287.92,-126.88,414.8,453.84,419.68,234.24,107.36,531.92,536.8
-78.08,356.24,434.32,-136.64,-258.64,395.28,126.88,92.72,-180.56,-405.04,146.4,380.64
-219.6,283.04,502.64,-29.28,-361.12,390.4,-126.88,-156.16,-448.96,-732,-131.76,253.76
-326.96,195.2,522.16,68.32,-424.56,356.24,-292.8,-312.32,-614.88,-902.8,-312.32,156.16
-380.64,102.48,483.12,141.52,-434.32,292.8,-448.96,-473.36,-751.52,-1005.28,-448.96,48.8
-419.68,43.92,463.6,190.32,-444.08,253.76,-556.32,-580.72,-814.96,-1019.92,-527.04,-34.16
-405.04,43.92,448.96,180.56,-429.44,244,-590.48,-614.88,-766.16,-927.2,-488,-39.04
-336.72,78.08,414.8,131.76,-375.76,244,-605.12,-629.52,-717.36,-834.48,-429.44,-29.28
-307.44,92.72,400.16,107.36,-356.24,244,-600.24,-629.52,-663.68,-746.64,-375.76,-19.52
-287.92,73.2,361.12,107.36,-326.96,214.72,-575.84,-600.24,-600.24,-663.68,-326.96,-14.64
-253.76,24.4,278.16,117.12,-268.4,151.28,-541.68,-566.08,-575.84,-619.76,-326.96,-48.8
-229.36,-34.16,195.2,131.76,-214.72,78.08,-492.88,-517.28,-522.16,-556.32,-302.56,-73.2
-190.32,-63.44,126.88,126.88,-161.04,29.28,-439.2,-448.96,-468.48,-488,-287.92,-92.72
-161.04,-97.6,63.44,131.76,-112.24,-19.52,-370.88,-380.64,-395.28,-414.8,-268.4,-117.12
-141.52,-131.76,9.76,136.64,-78.08,-63.44,-322.08,-331.84,-336.72,-366,-253.76,-141.52
-126.88,-151.28,-24.4,141.52,-53.68,-87.84,-273.28,-283.04,-307.44,-351.36,-248.88,-151.28
-131.76,-175.68,-43.92,156.16,-43.92,-112.24,-224.48,-234.24,-278.16,-331.84,-253.76,-156.16
-112.24,-175.68,-63.44,146.4,-24.4,-122,-200.08,-214.72,-263.52,-322.08,-258.64,-170.8
-102.48,-180.56,-78.08,141.52,-14.64,-131.76,-170.8,-195.2,-248.88,-312.32,-263.52,-180.56
-107.36,-195.2,-87.84,151.28,-9.76,-141.52,-151.28,-180.56,-239.12,-307.44,-273.28,-190.32
-82.96,-190.32,-107.36,136.64,9.76,-151.28,-141.52,-170.8,-224.48,-287.92,-263.52,-190.32
-68.32,-175.68,-107.36,122,19.52,-141.52,-141.52,-165.92,-214.72,-273.28,-263.52,-195.2
-63.44,-170.8,-107.36,117.12,19.52,-141.52,-131.76,-161.04,-200.08,-253.76,-253.76,-200.08
-53.68,-165.92,-112.24,112.24,29.28,-141.52,-107.36,-136.64,-170.8,-239.12,-234.24,-185.44
-63.44,-156.16,-92.72,112.24,14.64,-126.88,-78.08,-107.36,-156.16,-239.12,-219.6,-175.68
-73.2,-151.28,-78.08,112.24,0,-117.12,-53.68,-78.08,-131.76,-234.24,-204.96,-165.92
-68.32,-131.76,-63.44,102.48,-4.88,-97.6,-29.28,-58.56,-122,-224.48,-204.96,-165.92
-82.96,-126.88,-43.92,107.36,-19.52,-87.84,-14.64,-39.04,-117.12,-209.84,-209.84,-165.92
-87.84,-102.48,-14.64,97.6,-39.04,-58.56,-4.88,-24.4,-87.84,-190.32,-195.2,-146.4
-92.72,-82.96,9.76,87.84,-53.68,-39.04,0,-19.52,-78.08,-180.56,-185.44,-146.4
-92.72,-68.32,24.4,82.96,-58.56,-24.4,-4.88,-24.4,-68.32,-161.04,-170.8,-141.52
-73.2,-43.92,29.28,58.56,-53.68,-9.76,-4.88,-29.28,-58.56,-151.28,-156.16,-122
-73.2,-39.04,34.16,58.56,-53.68,-4.88,-9.76,-39.04,-68.32,-165.92,-165.92,-126.88
-78.08,-43.92,34.16,63.44,-58.56,-4.88,-4.88,-34.16,-68.32,-170.8,-165.92,-122
-92.72,-43.92,48.8,68.32,-73.2,0,-29.28,-39.04,-78.08,-175.68,-170.8,-126.88
-107.36,-63.44,43.92,87.84,-78.08,-9.76,-53.68,-39.04,-92.72,-190.32,-180.56,-136.64
-107.36,-58.56,48.8,82.96,-78.08,-4.88,-68.32,-58.56,-92.72,-185.44,-175.68,-126.88
-117.12,-58.56,58.56,87.84,-87.84,0,-78.08,-82.96,-87.84,-170.8,-165.92,-126.88
-112.24,-73.2,39.04,92.72,-78.08,-19.52,-82.96,-87.84,-87.84,-170.8,-165.92,-131.76
-102.48,-63.44,39.04,82.96,-73.2,-14.64,-82.96,-87.84,-78.08,-151.28,-146.4,-117.12
-97.6,-58.56,39.04,78.08,-68.32,-9.76,-97.6,-63.44,-68.32,-156.16,-141.52,-112.24
-78.08,-58.56,19.52,68.32,-48.8,-19.52,-87.84,-43.92,-68.32,-156.16,-146.4,-107.36
-82.96,-43.92,39.04,63.44,-63.44,-4.88,-48.8,-63.44,-63.44,-156.16,-151.28,-112.24
-92.72,-63.44,29.28,78.08,-63.44,-19.52,-43.92,-58.56,-73.2,-161.04,-161.04,-117.12
-92.72,-63.44,29.28,78.08,-63.44,-19.52,-73.2,-48.8,-78.08,-161.04,-161.04,-122
-92.72,-82.96,9.76,87.84,-53.68,-39.04,-112.24,-53.68,-87.84,-175.68,-170.8,-131.76
-82.96,-92.72,-9.76,87.84,-39.04,-53.68,-131.76,-48.8,-87.84,-170.8,-161.04,-131.76
-82.96,-87.84,-4.88,87.84,-39.04,-48.8,-126.88,-53.68,-78.08,-151.28,-146.4,-122
-82.96,-97.6,-14.64,92.72,-34.16,-58.56,-97.6,-63.44,-73.2,-161.04,-136.64,-117.12
-78.08,-97.6,-19.52,87.84,-29.28,-58.56,-68.32,-58.56,-78.08,-161.04,-131.76,-117.12
-73.2,-97.6,-24.4,87.84,-24.4,-63.44,-63.44,-58.56,-82.96,-165.92,-141.52,-117.12
-73.2,-112.24,-39.04,92.72,-19.52,-78.08,-53.68,-63.44,-82.96,-175.68,-151.28,-126.88
-73.2,-107.36,-34.16,92.72,-19.52,-73.2,-43.92,-68.32,-97.6,-185.44,-165.92,-136.64
-87.84,-112.24,-24.4,102.48,-34.16,-68.32,-43.92,-73.2,-82.96,-175.68,-161.04,-136.64
-92.72,-107.36,-14.64,102.48,-39.04,-63.44,-39.04,-73.2,-82.96,-170.8,-156.16,-131.76
-63.44,-87.84,-24.4,78.08,-19.52,-58.56,-43.92,-78.08,-78.08,-165.92,-156.16,-136.64
-53.68,-78.08,-24.4,68.32,-14.64,-53.68,-34.16,-68.32,-63.44,-151.28,-141.52,-131.76
-53.68,-82.96,-29.28,68.32,-14.64,-58.56,-19.52,-58.56,-58.56,-151.28,-136.64,-122
-53.68,-92.72,-39.04,73.2,-9.76,-68.32,-14.64,-43.92,-53.68,-146.4,-141.52,-126.88
-63.44,-107.36,-43.92,87.84,-9.76,-78.08,-14.64,-48.8,-63.44,-161.04,-151.28,-136.64
-63.44,-117.12,-53.68,92.72,-4.88,-87.84,-14.64,-39.04,-73.2,-170.8,-161.04,-141.52
-63.44,-117.12,-53.68,92.72,-4.88,-87.84,-19.52,-43.92,-78.08,-165.92,-161.04,-141.52
-53.68,-117.12,-63.44,87.84,4.88,-92.72,-19.52,-48.8,-73.2,-156.16,-161.04,-146.4
-43.92,-107.36,-63.44,78.08,9.76,-87.84,-14.64,-48.8,-58.56,-141.52,-156.16,-146.4
-34.16,-102.48,-68.32,68.32,14.64,-87.84,-14.64,-43.92,-43.92,-122,-146.4,-141.52
-43.92,-92.72,-48.8,68.32,0,-73.2,9.76,-24.4,-29.28,-112.24,-131.76,-131.76
-43.92,-82.96,-39.04,63.44,-4.88,-63.44,19.52,-14.64,-24.4,-112.24,-136.64,-122
-43.92,-92.72,-48.8,68.32,0,-73.2,24.4,-9.76,-29.28,-112.24,-136.64,-131.76
-39.04,-107.36,-68.32,73.2,14.64,-87.84,19.52,-9.76,-39.04,-126.88,-156.16,-151.28
-43.92,-126.88,-82.96,87.84,19.52,-107.36,14.64,-14.64,-48.8,-131.76,-161.04,-161.04
-39.04,-131.76,-92.72,87.84,24.4,-112.24,9.76,-14.64,-48.8,-126.88,-161.04,-161.04
-24.4,-126.88,-102.48,78.08,39.04,-117.12,9.76,-14.64,-43.92,-117.12,-156.16,-156.16
-14.64,-131.76,-117.12,73.2,48.8,-126.88,9.76,-9.76,-29.28,-97.6,-141.52,-151.28
-9.76,-117.12,-107.36,63.44,48.8,-112.24,19.52,-4.88,-19.52,-92.72,-126.88,-136.64
4.88,-107.36,-112.24,53.68,58.56,-112.24,29.28,9.76,-14.64,-92.72,-126.88,-136.64
4.88,-107.36,-112.24,53.68,58.56,-112.24,29.28,14.64,-19.52,-97.6,-131.76,-131.76
9.76,-97.6,-107.36,43.92,58.56,-102.48,34.16,14.64,-19.52,-102.48,-131.76,-136.64
4.88,-102.48,-107.36,48.8,53.68,-107.36,34.16,14.64,-24.4,-102.48,-136.64,-136.64
0,-102.48,-102.48,53.68,48.8,-102.48,14.64,4.88,-29.28,-102.48,-141.52,-141.52
4.88,-107.36,-112.24,53.68,58.56,-112.24,14.64,4.88,-24.4,-97.6,-136.64,-136.64
9.76,-117.12,-126.88,53.68,68.32,-122,29.28,0,-14.64,-92.72,-126.88,-136.64
24.4,-97.6,-122,39.04,73.2,-112.24,9.76,19.52,-4.88,-82.96,-112.24,-117.12
19.52,-92.72,-112.24,39.04,63.44,-102.48,-4.88,39.04,0,-87.84,-102.48,-102.48
14.64,-92.72,-107.36,39.04,58.56,-102.48,0,34.16,-14.64,-97.6,-107.36,-107.36
19.52,-87.84,-107.36,34.16,63.44,-97.6,4.88,24.4,-19.52,-107.36,-112.24,-102.48
29.28,-92.72,-122,34.16,73.2,-107.36,4.88,14.64,-29.28,-122,-131.76,-112.24
34.16,-78.08,-112.24,24.4,73.2,-97.6,4.88,0,-39.04,-126.88,-141.52,-122
34.16,-68.32,-102.48,19.52,68.32,-87.84,-4.88,-4.88,-34.16,-117.12,-131.76,-112.24
39.04,-68.32,-107.36,14.64,73.2,-87.84,-43.92,-4.88,-39.04,-117.12,-126.88,-112.24
48.8,-53.68,-102.48,4.88,73.2,-78.08,-24.4,0,-29.28,-97.6,-112.24,-97.6
53.68,-39.04,-92.72,-4.88,73.2,-68.32,-4.88,-4.88,-29.28,-102.48,-102.48,-87.84
58.56,-48.8,-107.36,-4.88,82.96,-78.08,-29.28,14.64,-24.4,-107.36,-97.6,-82.96
63.44,-48.8,-112.24,-4.88,87.84,-82.96,-78.08,29.28,-39.04,-117.12,-102.48,-73.2
58.56,-58.56,-117.12,0,87.84,-87.84,-102.48,29.28,-48.8,-141.52,-112.24,-82.96
58.56,-58.56,-117.12,0,87.84,-87.84,-141.52,34.16,-53.68,-141.52,-112.24,-87.84
63.44,-48.8,-112.24,-4.88,87.84,-82.96,-239.12,63.44,-63.44,-131.76,-102.48,-78.08
63.44,-43.92,-107.36,-9.76,82.96,-78.08,-278.16,73.2,-58.56,-131.76,-107.36,-82.96
78.08,-24.4,-102.48,-24.4,87.84,-63.44,-287.92,68.32,-53.68,-117.12,-92.72,-68.32
78.08,-14.64,-92.72,-29.28,82.96,-53.68,-224.48,19.52,-53.68,-112.24,-82.96,-53.68
78.08,-24.4,-102.48,-24.4,87.84,-63.44,-156.16,9.76,-43.92,-102.48,-68.32,-43.92
82.96,-4.88,-87.84,-39.04,82.96,-48.8,-151.28,0,-48.8,-112.24,-73.2,-39.04
73.2,-9.76,-82.96,-29.28,78.08,-48.8,-102.48,-34.16,-58.56,-126.88,-78.08,-48.8
58.56,-24.4,-82.96,-14.64,68.32,-53.68,-43.92,-63.44,-68.32,-126.88,-78.08,-53.68
43.92,-24.4,-68.32,-9.76,53.68,-48.8,-39.04,-73.2,-63.44,-131.76,-78.08,-53.68
34.16,-24.4,-58.56,-4.88,43.92,-43.92,-39.04,-78.08,-68.32,-122,-68.32,-53.68
39.04,-19.52,-58.56,-9.76,48.8,-39.04,-34.16,-82.96,-58.56,-117.12,-58.56,-43.92
34.16,-9.76,-43.92,-9.76,39.04,-29.28,-24.4,-73.2,-43.92,-107.36,-43.92,-34.16
29.28,-19.52,-48.8,-4.88,39.04,-34.16,-29.28,-58.56,-43.92,-107.36,-39.04,-29.28
24.4,-19.52,-43.92,0,34.16,-34.16,-29.28,-43.92,-43.92,-117.12,-39.04,-29.28
24.4,-24.4,-48.8,0,34.16,-39.04,-48.8,-43.92,-43.92,-122,-43.92,-29.28
29.28,-19.52,-48.8,-4.88,39.04,-34.16,-48.8,-39.04,-58.56,-126.88,-58.56,-34.16
9.76,-14.64,-24.4,4.88,14.64,-19.52,-48.8,-48.8,-53.68,-122,-58.56,-34.16
9.76,-19.52,-29.28,4.88,19.52,-24.4,-39.04,-63.44,-58.56,-122,-53.68,-39.04
9.76,-14.64,-24.4,4.88,14.64,-19.52,-39.04,-63.44,-53.68,-117.12,-53.68,-39.04
0,-24.4,-24.4,14.64,9.76,-24.4,-39.04,-68.32,-43.92,-107.36,-43.92,-34.16
-9.76,-24.4,-14.64,19.52,0,-19.52,-24.4,-48.8,-39.04,-97.6,-34.16,-19.52
-14.64,-14.64,0,14.64,-9.76,-9.76,-29.28,-43.92,-43.92,-107.36,-34.16,-19.52
-24.4,-34.16,-9.76,29.28,-9.76,-24.4,-34.16,-43.92,-43.92,-117.12,-43.92,-24.4
-29.28,-43.92,-14.64,39.04,-9.76,-29.28,-43.92,-34.16,-48.8,-122,-39.04,-19.52
-24.4,-43.92,-19.52,34.16,-4.88,-34.16,-58.56,-39.04,-58.56,-131.76,-48.8,-34.16
-29.28,-43.92,-14.64,39.04,-9.76,-29.28,-63.44,-48.8,-53.68,-126.88,-48.8,-29.28
-24.4,-29.28,-4.88,29.28,-9.76,-19.52,-63.44,-53.68,-48.8,-112.24,-43.92,-24.4
-19.52,-29.28,-9.76,24.4,-4.88,-19.52,-48.8,-53.68,-48.8,-102.48,-43.92,-29.28
-14.64,-19.52,-4.88,19.52,-4.88,-14.64,-53.68,-53.68,-43.92,-102.48,-39.04,-19.52
-4.88,-4.88,0,4.88,-4.88,-4.88,-48.8,-43.92,-48.8,-107.36,-34.16,-14.64
-14.64,-9.76,4.88,14.64,-9.76,-4.88,-43.92,-39.04,-53.68,-107.36,-43.92,-19.52
-14.64,-9.76,4.88,14.64,-9.76,-4.88,-39.04,-43.92,-58.56,-122,-53.68,-24.4
-39.04,-29.28,9.76,34.16,-24.4,-9.76,-39.04,-43.92,-68.32,-122,-58.56,-29.28
-48.8,-43.92,4.88,48.8,-29.28,-19.52,-39.04,-53.68,-63.44,-122,-53.68,-29.28
-43.92,-39.04,4.88,43.92,-24.4,-19.52,-43.92,-53.68,-63.44,-117.12,-53.68,-29.28
-34.16,-39.04,-4.88,39.04,-14.64,-24.4,-48.8,-43.92,-53.68,-107.36,-43.92,-19.52
-24.4,-24.4,0,24.4,-14.64,-14.64,-43.92,-43.92,-43.92,-97.6,-29.28,-9.76
-19.52,-14.64,4.88,19.52,-14.64,-4.88,-34.16,-43.92,-43.92,-97.6,-34.16,-9.76
-29.28,-14.64,14.64,24.4,-24.4,0,-29.28,-43.92,-48.8,-107.36,-39.04,-9.76
-19.52,-9.76,9.76,14.64,-14.64,0,-29.28,-43.92,-53.68,-112.24,-43.92,-14.64
-24.4,-4.88,19.52,14.64,-24.4,4.88,-43.92,-43.92,-58.56,-126.88,-53.68,-24.4
-34.16,-14.64,19.52,24.4,-29.28,0,-34.16,-48.8,-58.56,-122,-53.68,-24.4
-29.28,-14.64,14.64,24.4,-24.4,0,-39.04,-58.56,-63.44,-122,-53.68,-29.28
-34.16,-29.28,4.88,34.16,-19.52,-14.64,-48.8,-48.8,-58.56,-122,-48.8,-24.4
-29.28,-29.28,0,29.28,-14.64,-14.64,-48.8,-48.8,-48.8,-112.24,-39.04,-19.52
-24.4,-19.52,4.88,24.4,-14.64,-9.76,-34.16,-53.68,-43.92,-112.24,-29.28,-14.64
-29.28,-34.16,-4.88,34.16,-14.64,-19.52,-34.16,-39.04,-43.92,-112.24,-29.28,-9.76
-29.28,-39.04,-9.76,34.16,-9.76,-24.4,-34.16,-43.92,-48.8,-122,-34.16,-14.64
-34.16,-39.04,-4.88,39.04,-14.64,-24.4,-29.28,-34.16,-48.8,-126.88,-34.16,-9.76
-43.92,-39.04,4.88,43.92,-24.4,-19.52,-29.28,-43.92,-58.56,-122,-43.92,-14.64
-39.04,-24.4,14.64,34.16,-29.28,-4.88,-29.28,-58.56,-53.68,-117.12,-48.8,-14.64
-29.28,-14.64,14.64,24.4,-24.4,0,-39.04,-63.44,-63.44,-122,-53.68,-19.52
-14.64,-4.88,9.76,9.76,-14.64,0,-34.16,-68.32,-53.68,-112.24,-48.8,-14.64
-24.4,-4.88,19.52,14.64,-24.4,4.88,-29.28,-58.56,-43.92,-107.36,-34.16,-9.76
-29.28,-19.52,9.76,24.4,-19.52,-4.88,-19.52,-43.92,-39.04,-102.48,-24.4,0
-14.64,-24.4,-9.76,19.52,-4.88,-19.52,-24.4,-43.92,-39.04,-102.48,-24.4,-4.88
-19.52,-24.4,-4.88,24.4,-9.76,-14.64,-29.28,-48.8,-39.04,-112.24,-24.4,-4.88
-43.92,-39.04,4.88,43.92,-24.4,-19.52,-24.4,-43.92,-39.04,-107.36,-29.28,0
-43.92,-39.04,4.88,43.92,-24.4,-19.52,-24.4,-53.68,-43.92,-102.48,-24.4,-4.88
-43.92,-29.28,14.64,39.04,-29.28,-9.76,-29.28,-58.56,-39.04,-97.6,-29.28,0
-19.52,-14.64,4.88,19.52,-14.64,-4.88,-29.28,-58.56,-39.04,-87.84,-29.28,-4.88
-19.52,4.88,24.4,9.76,-24.4,14.64,-19.52,-43.92,-24.4,-73.2,-24.4,0
-29.28,9.76,39.04,9.76,-34.16,24.4,14.64,0,9.76,-63.44,-19.52,4.88
-14.64,34.16,48.8,-9.76,-34.16,39.04,63.44,58.56,73.2,-9.76,4.88,14.64
29.28,68.32,39.04,-48.8,-4.88,53.68,122,112.24,136.64,73.2,43.92,24.4
68.32,87.84,19.52,-78.08,24.4,53.68,185.44,175.68,229.36,175.68,117.12,53.68
102.48,136.64,34.16,-117.12,34.16,82.96,258.64,248.88,351.36,341.6,229.36,107.36
156.16,180.56,24.4,-165.92,63.44,102.48,326.96,326.96,483.12,517.28,361.12,156.16
234.24,229.36,-4.88,-229.36,117.12,112.24,414.8,400.16,619.76,717.36,522.16,234.24
326.96,326.96,0,-326.96,161.04,161.04,488,468.48,746.64,922.32,722.24,346.48
434.32,458.72,24.4,-444.08,204.96,239.12,536.8,527.04,868.64,1127.28,966.24,502.64
585.6,634.4,48.8,-610,268.4,341.6,590.48,600.24,1039.44,1390.8,1268.8,697.84
736.88,810.08,73.2,-771.04,331.84,439.2,658.8,683.2,1224.88,1678.72,1595.76,907.68
858.88,961.36,102.48,-907.68,375.76,531.92,790.56,805.2,1420.08,1932.48,1869.04,1088.24
917.44,1093.12,175.68,-1005.28,370.88,634.4,990.64,980.88,1615.28,2117.92,2054.48,1220
907.68,1156.56,248.88,-1029.68,326.96,702.72,1141.92,1107.76,1683.6,2132.56,2108.16,1288.32
863.76,1088.24,224.48,-976,317.2,653.92,1171.2,1156.56,1571.36,1947.12,1942.24,1220
766.16,878.4,112.24,-819.84,326.96,492.88,1195.6,1234.64,1390.8,1625.04,1600.64,1000.4
570.96,629.52,58.56,-600.24,253.76,341.6,1180.96,1244.4,1156.56,1180.96,1195.6,756.4
331.84,522.16,190.32,-424.56,68.32,356.24,956.48,1034.56,810.08,678.32,824.72,605.12
107.36,439.2,331.84,-273.28,-112.24,385.52,536.8,610,336.72,107.36,439.2,468.48
-97.6,356.24,453.84,-126.88,-278.16,405.04,161.04,234.24,-87.84,-385.52,112.24,336.72
-253.76,297.68,551.44,-19.52,-405.04,424.56,-131.76,-58.56,-375.76,-702.72,-122,244
-366,224.48,590.48,73.2,-478.24,405.04,-322.08,-239.12,-536.8,-878.4,-283.04,161.04
-439.2,146.4,585.6,146.4,-512.4,366,-448.96,-375.76,-658.8,-966.24,-405.04,68.32
-463.6,78.08,541.68,195.2,-502.64,307.44,-600.24,-531.92,-771.04,-1019.92,-497.76,-29.28
-434.32,43.92,478.24,195.2,-458.72,258.64,-658.8,-590.48,-761.28,-961.36,-478.24,-48.8
-385.52,58.56,444.08,165.92,-414.8,248.88,-663.68,-590.48,-702.72,-863.76,-419.68,-39.04
-351.36,73.2,424.56,141.52,-390.4,248.88,-673.44,-600.24,-649.04,-785.68,-370.88,-24.4
-312.32,68.32,380.64,122,-346.48,224.48,-668.56,-585.6,-605.12,-707.6,-322.08,-24.4
-278.16,39.04,317.2,122,-297.68,175.68,-624.64,-546.56,-566.08,-653.92,-307.44,-39.04
-248.88,-9.76,239.12,131.76,-244,112.24,-590.48,-512.4,-527.04,-600.24,-297.68,-78.08
-214.72,-48.8,165.92,131.76,-190.32,58.56,-527.04,-458.72,-473.36,-531.92,-278.16,-102.48
-185.44,-82.96,102.48,136.64,-146.4,9.76,-444.08,-370.88,-395.28,-458.72,-258.64,-117.12
-170.8,-107.36,63.44,141.52,-117.12,-24.4,-395.28,-322.08,-336.72,-400.16,-248.88,-131.76
-136.64,-126.88,9.76,131.76,-73.2,-58.56,-346.48,-273.28,-297.68,-380.64,-244,-146.4
-122,-146.4,-24.4,136.64,-48.8,-87.84,-302.56,-234.24,-283.04,-366,-248.88,-156.16
-112.24,-151.28,-39.04,131.76,-39.04,-97.6,-273.28,-200.08,-263.52,-351.36,-248.88,-165.92
-107.36,-156.16,-48.8,131.76,-29.28,-102.48,-248.88,-170.8,-244,-346.48,-258.64,-175.68
-107.36,-161.04,-53.68,136.64,-29.28,-107.36,-234.24,-165.92,-244,-346.48,-268.4,-190.32
-97.6,-170.8,-73.2,136.64,-14.64,-122,-224.48,-156.16,-224.48,-322.08,-258.64,-200.08
-92.72,-175.68,-82.96,136.64,-4.88,-131.76,-214.72,-151.28,-214.72,-302.56,-239.12,-190.32
-82.96,-175.68,-92.72,131.76,4.88,-136.64,-209.84,-141.52,-200.08,-297.68,-234.24,-195.2
-53.68,-161.04,-107.36,107.36,24.4,-136.64,-190.32,-126.88,-175.68,-287.92,-224.48,-190.32
-48.8,-146.4,-97.6,97.6,24.4,-122,-165.92,-92.72,-156.16,-278.16,-214.72,-175.68
-48.8,-122,-73.2,87.84,9.76,-97.6,-136.64,-63.44,-136.64,-268.4,-195.2,-161.04
-63.44,-112.24,-48.8,87.84,-9.76,-82.96,-107.36,-39.04,-117.12,-248.88,-190.32,-146.4
-82.96,-107.36,-24.4,97.6,-29.28,-68.32,-97.6,-34.16,-122,-253.76,-204.96,-165.92
-92.72,-78.08,14.64,87.84,-53.68,-34.16,-87.84,-24.4,-102.48,-234.24,-190.32,-156.16
-87.84,-39.04,48.8,63.44,-68.32,4.88,-82.96,-19.52,-92.72,-219.6,-190.32,-146.4
-82.96,-29.28,53.68,58.56,-68.32,9.76,-78.08,-19.52,-82.96,-204.96,-180.56,-141.52
-78.08,-9.76,68.32,43.92,-73.2,29.28,-92.72,-29.28,-73.2,-195.2,-165.92,-126.88
-87.84,-29.28,58.56,58.56,-73.2,14.64,-87.84,-24.4,-78.08,-200.08,-156.16,-122
-87.84,-34.16,53.68,63.44,-73.2,9.76,-78.08,-19.52,-78.08,-209.84,-156.16,-122
-82.96,-29.28,53.68,58.56,-68.32,9.76,-87.84,-29.28,-82.96,-214.72,-161.04,-122
-107.36,-43.92,63.44,78.08,-87.84,9.76,-97.6,-43.92,-102.48,-219.6,-170.8,-126.88
-112.24,-48.8,63.44,82.96,-87.84,4.88,-112.24,-53.68,-97.6,-209.84,-170.8,-117.12
-117.12,-34.16,82.96,78.08,-102.48,24.4,-131.76,-73.2,-92.72,-195.2,-161.04,-122
-112.24,-29.28,82.96,73.2,-97.6,24.4,-131.76,-68.32,-87.84,-175.68,-151.28,-117.12
-97.6,-4.88,92.72,53.68,-97.6,43.92,-136.64,-78.08,-78.08,-161.04,-136.64,-102.48
-87.84,4.88,92.72,43.92,-92.72,48.8,-141.52,-78.08,-82.96,-161.04,-146.4,-117.12
-92.72,-4.88,87.84,48.8,-92.72,39.04,-126.88,-63.44,-82.96,-161.04,-136.64,-112.24
-97.6,-14.64,82.96,58.56,-92.72,34.16,-117.12,-58.56,-82.96,-156.16,-141.52,-112.24
-107.36,-39.04,68.32,73.2,-87.84,14.64,-112.24,-53.68,-87.84,-161.04,-146.4,-117.12
-117.12,-43.92,73.2,82.96,-97.6,14.64,-112.24,-53.68,-92.72,-151.28,-146.4,-117.12
-112.24,-48.8,63.44,82.96,-87.84,4.88,-122,-68.32,-92.72,-146.4,-151.28,-122
-107.36,-68.32,39.04,87.84,-73.2,-14.64,-126.88,-68.32,-92.72,-141.52,-141.52,-117.12
-97.6,-63.44,34.16,82.96,-68.32,-14.64,-131.76,-73.2,-87.84,-126.88,-131.76,-112.24
-82.96,-78.08,4.88,82.96,-43.92,-39.04,-117.12,-73.2,-78.08,-122,-122,-102.48
-73.2,-82.96,-9.76,78.08,-34.16,-48.8,-112.24,-58.56,-82.96,-112.24,-117.12,-102.48
-68.32,-102.48,-34.16,87.84,-19.52,-68.32,-102.48,-53.68,-82.96,-112.24,-126.88,-102.48
-73.2,-141.52,-68.32,107.36,-4.88,-107.36,-92.72,-39.04,-78.08,-102.48,-122,-92.72
-68.32,-151.28,-82.96,112.24,4.88,-117.12,-82.96,-34.16,-82.96,-78.08,-131.76,-102.48
-63.44,-151.28,-87.84,107.36,9.76,-122,-97.6,-48.8,-82.96,-43.92,-136.64,-112.24
-78.08,-151.28,-73.2,117.12,-4.88,-112.24,-97.6,-43.92,-78.08,-4.88,-136.64,-107.36
-78.08,-136.64,-58.56,107.36,-9.76,-97.6,-92.72,-48.8,-78.08,29.28,-131.76,-107.36
-78.08,-141.52,-63.44,112.24,-9.76,-102.48,-87.84,-43.92,-63.44,63.44,-117.12,-102.48
-68.32,-131.76,-63.44,102.48,-4.88,-97.6,-73.2,-34.16,-58.56,107.36,-112.24,-97.6
-63.44,-126.88,-63.44,97.6,0,-97.6,-78.08,-29.28,-58.56,151.28,-117.12,-102.48
-68.32,-131.76,-63.44,102.48,-4.88,-97.6,-68.32,-24.4,-63.44,214.72,-122,-102.48
-58.56,-136.64,-78.08,97.6,9.76,-107.36,-78.08,-24.4,-73.2,253.76,-136.64,-117.12
-63.44,-165.92,-102.48,117.12,19.52,-136.64,-68.32,-19.52,-68.32,287.92,-131.76,-107.36
-63.44,-209.84,-146.4,136.64,39.04,-180.56,-63.44,-9.76,-58.56,307.44,-122,-102.48
-48.8,-214.72,-165.92,131.76,58.56,-190.32,-43.92,0,-39.04,312.32,-102.48,-92.72
-34.16,-219.6,-185.44,126.88,73.2,-204.96,-39.04,4.88,-19.52,312.32,-87.84,-87.84
-24.4,-224.48,-200.08,126.88,87.84,-214.72,-24.4,14.64,-9.76,336.72,-87.84,-78.08
-29.28,-229.36,-200.08,131.76,82.96,-214.72,-19.52,24.4,-4.88,356.24,-87.84,-78.08
-39.04,-224.48,-185.44,131.76,73.2,-204.96,-14.64,29.28,-14.64,317.2,-92.72,-78.08
-29.28,-195.2,-165.92,112.24,68.32,-180.56,-24.4,14.64,-34.16,253.76,-117.12,-102.48
-34.16,-175.68,-141.52,107.36,53.68,-161.04,-34.16,4.88,-48.8,200.08,-131.76,-122
-29.28,-165.92,-136.64,97.6,53.68,-151.28,-53.68,-9.76,-58.56,170.8,-146.4,-136.64
-24.4,-146.4,-122,87.84,48.8,-136.64,-48.8,-14.64,-53.68,165.92,-141.52,-131.76
-9.76,-141.52,-131.76,78.08,58.56,-136.64,-43.92,-9.76,-39.04,146.4,-126.88,-131.76
14.64,-136.64,-151.28,63.44,82.96,-146.4,-34.16,0,-29.28,126.88,-112.24,-117.12
19.52,-141.52,-161.04,63.44,87.84,-151.28,-14.64,19.52,-14.64,102.48,-102.48,-107.36
19.52,-146.4,-165.92,63.44,92.72,-156.16,-14.64,19.52,-19.52,78.08,-107.36,-107.36
19.52,-146.4,-165.92,63.44,92.72,-156.16,-14.64,19.52,-24.4,53.68,-112.24,-112.24
-4.88,-156.16,-151.28,82.96,73.2,-156.16,-14.64,24.4,-34.16,34.16,-117.12,-112.24
4.88,-156.16,-161.04,78.08,82.96,-161.04,-29.28,4.88,-39.04,24.4,-122,-117.12
24.4,-156.16,-180.56,68.32,102.48,-170.8,-24.4,9.76,-34.16,24.4,-112.24,-107.36
14.64,-156.16,-170.8,73.2,92.72,-165.92,-24.4,9.76,-29.28,29.28,-107.36,-102.48
24.4,-146.4,-170.8,63.44,97.6,-161.04,-24.4,4.88,-24.4,39.04,-97.6,-92.72
39.04,-126.88,-165.92,43.92,102.48,-146.4,-14.64,14.64,-19.52,39.04,-87.84,-82.96
43.92,-112.24,-156.16,34.16,97.6,-136.64,-9.76,19.52,-19.52,34.16,-82.96,-78.08
43.92,-92.72,-136.64,24.4,87.84,-117.12,-19.52,19.52,-24.4,29.28,-97.6,-87.84
34.16,-107.36,-141.52,39.04,87.84,-126.88,-14.64,19.52,-34.16,9.76,-107.36,-87.84
34.16,-112.24,-146.4,39.04,87.84,-131.76,-29.28,0,-39.04,4.88,-112.24,-92.72
48.8,-92.72,-141.52,24.4,92.72,-117.12,-39.04,-9.76,-53.68,0,-117.12,-92.72
48.8,-73.2,-122,14.64,82.96,-97.6,-48.8,-24.4,-53.68,0,-117.12,-87.84
58.56,-53.68,-112.24,0,82.96,-82.96,-48.8,-29.28,-48.8,0,-112.24,-82.96
63.44,-58.56,-122,0,92.72,-92.72,-43.92,-24.4,-48.8,-4.88,-97.6,-68.32
58.56,-73.2,-131.76,9.76,92.72,-102.48,-39.04,-14.64,-48.8,-14.64,-92.72,-63.44
73.2,-58.56,-131.76,-4.88,102.48,-97.6,-48.8,-24.4,-63.44,-29.28,-107.36,-68.32
73.2,-63.44,-136.64,-4.88,102.48,-102.48,-43.92,-24.4,-68.32,-34.16,-107.36,-63.44
63.44,-53.68,-117.12,-4.88,87.84,-87.84,-53.68,-29.28,-73.2,-34.16,-107.36,-58.56
68.32,-43.92,-112.24,-9.76,87.84,-78.08,-63.44,-43.92,-82.96,-39.04,-102.48,-53.68
68.32,-53.68,-122,-4.88,92.72,-87.84,-68.32,-43.92,-73.2,-29.28,-92.72,-48.8
78.08,-34.16,-112.24,-19.52,92.72,-73.2,-73.2,-43.92,-58.56,-14.64,-73.2,-39.04
87.84,-19.52,-107.36,-34.16,97.6,-63.44,-63.44,-43.92,-48.8,-4.88,-58.56,-24.4
78.08,-14.64,-92.72,-29.28,82.96,-53.68,-63.44,-39.04,-53.68,-14.64,-63.44,-29.28
78.08,-9.76,-87.84,-34.16,82.96,-48.8,-63.44,-39.04,-53.68,-19.52,-63.44,-29.28
58.56,-24.4,-82.96,-14.64,68.32,-53.68,-68.32,-43.92,-63.44,-34.16,-68.32,-39.04
53.68,-43.92,-97.6,-4.88,73.2,-73.2,-58.56,-39.04,-68.32,-39.04,-68.32,-34.16
48.8,-39.04,-87.84,-4.88,68.32,-63.44,-73.2,-53.68,-63.44,-39.04,-68.32,-34.16
43.92,-48.8,-92.72,4.88,68.32,-73.2,-73.2,-53.68,-63.44,-34.16,-63.44,-34.16
29.28,-39.04,-68.32,4.88,48.8,-53.68,-68.32,-43.92,-53.68,-24.4,-53.68,-29.28
34.16,-19.52,-53.68,-4.88,43.92,-39.04,-58.56,-43.92,-39.04,0,-39.04,-19.52
34.16,-19.52,-53.68,-4.88,43.92,-39.04,-48.8,-34.16,-39.04,14.64,-34.16,-14.64
24.4,0,-24.4,-9.76,24.4,-14.64,-43.92,-29.28,-34.16,29.28,-39.04,-9.76
14.64,0,-14.64,-4.88,14.64,-9.76,-48.8,-34.16,-39.04,19.52,-43.92,-9.76
4.88,-9.76,-14.64,4.88,9.76,-14.64,-53.68,-29.28,-48.8,0,-58.56,-24.4
-9.76,-24.4,-14.64,19.52,0,-19.52,-53.68,-39.04,-48.8,-4.88,-58.56,-24.4
-9.76,-29.28,-19.52,19.52,4.88,-24.4,-63.44,-48.8,-53.68,4.88,-58.56,-29.28
0,-19.52,-19.52,9.76,9.76,-19.52,-63.44,-53.68,-48.8,34.16,-43.92,-24.4
-14.64,-19.52,-4.88,19.52,-4.88,-14.64,-53.68,-53.68,-39.04,78.08,-24.4,-14.64
-14.64,-19.52,-4.88,19.52,-4.88,-14.64,-53.68,-48.8,-39.04,97.6,-24.4,-4.88
-9.76,-14.64,-4.88,14.64,-4.88,-9.76,-48.8,-39.04,-43.92,112.24,-24.4,-4.88
-29.28,-14.64,14.64,24.4,-24.4,0,-48.8,-34.16,-43.92,136.64,-29.28,-4.88
-29.28,-9.76,19.52,19.52,-24.4,4.88,-53.68,-39.04,-53.68,146.4,-39.04,-14.64
-34.16,-9.76,24.4,24.4,-29.28,4.88,-48.8,-39.04,-53.68,146.4,-48.8,-14.64
-39.04,-14.64,24.4,29.28,-34.16,4.88,-63.44,-53.68,-58.56,136.64,-58.56,-19.52
-34.16,0,34.16,19.52,-34.16,14.64,-63.44,-53.68,-48.8,141.52,-43.92,-14.64
-29.28,9.76,39.04,9.76,-34.16,24.4,-68.32,-53.68,-43.92,126.88,-39.04,-19.52
-19.52,0,19.52,9.76,-19.52,9.76,-63.44,-48.8,-43.92,102.48,-39.04,-19.52
-19.52,9.76,29.28,4.88,-24.4,19.52,-53.68,-43.92,-43.92,78.08,-34.16,-19.52
-34.16,-4.88,29.28,19.52,-34.16,9.76,-48.8,-43.92,-53.68,53.68,-39.04,-19.52
-39.04,-14.64,24.4,29.28,-34.16,4.88,-48.8,-43.92,-53.68,14.64,-43.92,-24.4
-39.04,-14.64,24.4,29.28,-34.16,4.88,-58.56,-48.8,-68.32,-24.4,-58.56,-29.28
-34.16,-9.76,24.4,24.4,-29.28,4.88,-63.44,-58.56,-68.32,-39.04,-63.44,-39.04
-34.16,4.88,39.04,14.64,-39.04,19.52,-58.56,-58.56,-58.56,-34.16,-58.56,-29.28
-43.92,-4.88,39.04,24.4,-43.92,14.64,-48.8,-43.92,-43.92,-34.16,-48.8,-24.4
-29.28,0,29.28,14.64,-29.28,14.64,-53.68,-48.8,-43.92,-43.92,-39.04,-19.52
-9.76,19.52,29.28,-4.88,-19.52,24.4,-43.92,-39.04,-34.16,-58.56,-43.92,-14.64
-24.4,9.76,34.16,9.76,-29.28,19.52,-39.04,-34.16,-34.16,-73.2,-43.92,-14.64
-34.16,0,34.16,19.52,-34.16,14.64,-39.04,-34.16,-39.04,-82.96,-43.92,-14.64
-39.04,-14.64,24.4,29.28,-34.16,4.88,-43.92,-43.92,-53.68,-107.36,-63.44,-34.16
-48.8,-39.04,9.76,43.92,-29.28,-14.64,-43.92,-43.92,-53.68,-107.36,-58.56,-29.28
-43.92,-34.16,9.76,39.04,-29.28,-14.64,-48.8,-48.8,-53.68,-102.48,-58.56,-24.4
-34.16,-29.28,4.88,34.16,-19.52,-14.64,-53.68,-53.68,-53.68,-102.48,-63.44,-29.28
-39.04,-34.16,4.88,39.04,-24.4,-14.64,-48.8,-48.8,-43.92,-87.84,-43.92,-24.4
-34.16,-19.52,14.64,29.28,-24.4,-4.88,-43.92,-48.8,-34.16,-82.96,-48.8,-24.4
-39.04,-14.64,24.4,29.28,-34.16,4.88,-39.04,-39.04,-34.16,-82.96,-43.92,-14.64
-34.16,-14.64,19.52,24.4,-29.28,0,-39.04,-39.04,-39.04,-87.84,-48.8,-19.52
-34.16,-9.76,24.4,24.4,-29.28,4.88,-43.92,-39.04,-53.68,-97.6,-58.56,-19.52
-43.92,-19.52,24.4,34.16,-34.16,0,-48.8,-48.8,-58.56,-97.6,-58.56,-24.4
-43.92,-19.52,24.4,34.16,-34.16,0,-48.8,-58.56,-58.56,-92.72,-58.56,-24.4
-34.16,-24.4,9.76,29.28,-24.4,-9.76,-58.56,-63.44,-58.56,-87.84,-53.68,-29.28
-34.16,-19.52,14.64,29.28,-24.4,-4.88,-53.68,-53.68,-48.8,-73.2,-39.04,-24.4
-29.28,-9.76,19.52,19.52,-24.4,4.88,-48.8,-43.92,-34.16,-63.44,-24.4,-9.76
-29.28,-4.88,24.4,19.52,-29.28,9.76,-43.92,-43.92,-39.04,-68.32,-19.52,-9.76
-34.16,-14.64,19.52,24.4,-29.28,0,-39.04,-34.16,-39.04,-63.44,-14.64,-9.76
-34.16,-14.64,19.52,24.4,-29.28,0,-34.16,-29.28,-39.04,-73.2,-19.52,-9.76
-39.04,-19.52,19.52,29.28,-29.28,0,-34.16,-29.28,-39.04,-68.32,-29.28,-9.76
-34.16,-9.76,24.4,24.4,-29.28,4.88,-43.92,-39.04,-43.92,-63.44,-19.52,-4.88
-29.28,-9.76,19.52,19.52,-24.4,4.88,-43.92,-39.04,-39.04,-58.56,-29.28,-9.76
-19.52,4.88,24.4,9.76,-24.4,14.64,-48.8,-43.92,-39.04,-53.68,-19.52,-9.76
-29.28,19.52,48.8,4.88,-39.04,34.16,-29.28,-29.28,-9.76,-34.16,0,9.76
-29.28,19.52,48.8,4.88,-39.04,34.16,4.88,4.88,14.64,-19.52,-4.88,4.88
-9.76,34.16,43.92,-9.76,-29.28,39.04,43.92,48.8,58.56,24.4,9.76,9.76
24.4,48.8,24.4,-34.16,0,34.16,97.6,102.48,122,102.48,48.8,24.4
68.32,73.2,4.88,-68.32,29.28,39.04,161.04,161.04,204.96,190.32,112.24,43.92
107.36,126.88,19.52,-117.12,43.92,73.2,239.12,239.12,331.84,351.36,234.24,97.6
156.16,175.68,19.52,-165.92,68.32,97.6,331.84,331.84,473.36,556.32,370.88,161.04
234.24,244,9.76,-239.12,112.24,126.88,409.92,409.92,614.88,756.4,522.16,229.36
336.72,346.48,9.76,-341.6,161.04,175.68,468.48,473.36,741.76,961.36,712.48,336.72
424.56,453.84,29.28,-439.2,195.2,239.12,527.04,531.92,863.76,1161.44,961.36,492.88
566.08,614.88,48.8,-590.48,258.64,331.84,595.36,595.36,1029.68,1415.2,1268.8,692.96
727.12,790.56,63.44,-756.4,331.84,424.56,673.44,678.32,1210.24,1712.88,1600.64,893.04
844.24,927.2,82.96,-883.28,380.64,502.64,805.2,810.08,1415.2,1976.4,1893.44,1078.48
912.56,1054.08,141.52,-980.88,385.52,595.36,990.64,995.52,1615.28,2191.12,2103.28,1224.88
932.08,1122.4,190.32,-1024.8,370.88,653.92,1127.28,1127.28,1688.48,2220.4,2176.48,1293.2
897.92,1078.48,180.56,-985.76,356.24,629.52,1166.32,1166.32,1595.76,2034.96,2034.96,1249.28
810.08,897.92,87.84,-854,361.12,492.88,1229.76,1229.76,1429.84,1732.4,1698.24,1039.44
624.64,649.04,24.4,-634.4,297.68,336.72,1249.28,1254.16,1215.12,1302.96,1283.44,790.56
380.64,522.16,141.52,-448.96,117.12,331.84,1068.72,1068.72,902.8,819.84,936.96,639.28
156.16,463.6,307.44,-307.44,-78.08,385.52,668.56,668.56,463.6,273.28,575.84,517.28
-58.56,380.64,439.2,-161.04,-248.88,409.92,302.56,297.68,39.04,-239.12,224.48,400.16
-219.6,307.44,527.04,-43.92,-375.76,414.8,4.88,0,-273.28,-590.48,-39.04,287.92
-336.72,244,580.72,48.8,-458.72,409.92,-195.2,-195.2,-463.6,-800.32,-229.36,190.32
-424.56,175.68,600.24,126.88,-512.4,385.52,-351.36,-356.24,-595.36,-912.56,-366,87.84
-473.36,87.84,561.2,195.2,-517.28,322.08,-507.52,-507.52,-727.12,-985.76,-483.12,-14.64
-448.96,39.04,488,204.96,-468.48,263.52,-585.6,-590.48,-741.76,-956.48,-478.24,-48.8
-385.52,58.56,444.08,165.92,-414.8,248.88,-595.36,-595.36,-697.84,-873.52,-429.44,-48.8
-351.36,68.32,419.68,141.52,-385.52,244,-600.24,-600.24,-639.28,-771.04,-366,-24.4
-326.96,53.68,380.64,136.64,-356.24,214.72,-585.6,-585.6,-590.48,-692.96,-317.2,-14.64
-283.04,24.4,307.44,131.76,-297.68,165.92,-546.56,-546.56,-556.32,-634.4,-307.44,-34.16
-248.88,-14.64,234.24,131.76,-244,107.36,-502.64,-507.52,-507.52,-570.96,-287.92,-68.32
-209.84,-39.04,170.8,126.88,-190.32,63.44,-453.84,-458.72,-453.84,-497.76,-278.16,-92.72
-180.56,-63.44,117.12,122,-151.28,24.4,-380.64,-385.52,-380.64,-419.68,-263.52,-117.12
-156.16,-92.72,63.44,126.88,-112.24,-14.64,-331.84,-336.72,-331.84,-351.36,-253.76,-141.52
-122,-107.36,14.64,117.12,-68.32,-48.8,-283.04,-287.92,-302.56,-317.2,-248.88,-151.28
-112.24,-122,-9.76,117.12,-53.68,-68.32,-244,-248.88,-273.28,-297.68,-253.76,-170.8
-112.24,-126.88,-14.64,122,-48.8,-73.2,-214.72,-214.72,-258.64,-292.8,-258.64,-180.56
-122,-136.64,-14.64,131.76,-53.68,-78.08,-185.44,-190.32,-244,-287.92,-263.52,-185.44
-126.88,-161.04,-34.16,146.4,-48.8,-97.6,-180.56,-175.68,-239.12,-283.04,-263.52,-195.2
-107.36,-156.16,-48.8,131.76,-29.28,-102.48,-175.68,-180.56,-234.24,-283.04,-273.28,-204.96
-97.6,-141.52,-43.92,122,-29.28,-92.72,-170.8,-185.44,-224.48,-273.28,-268.4,-209.84
-78.08,-141.52,-63.44,112.24,-9.76,-102.48,-151.28,-165.92,-200.08,-248.88,-244,-195.2
-58.56,-117.12,-58.56,87.84,0,-87.84,-131.76,-136.64,-165.92,-224.48,-224.48,-180.56
-63.44,-112.24,-48.8,87.84,-9.76,-82.96,-97.6,-97.6,-146.4,-209.84,-209.84,-165.92
-68.32,-102.48,-34.16,87.84,-19.52,-68.32,-68.32,-73.2,-126.88,-204.96,-200.08,-156.16
-63.44,-58.56,4.88,63.44,-34.16,-29.28,-58.56,-58.56,-131.76,-214.72,-209.84,-165.92
-92.72,-48.8,43.92,73.2,-68.32,-4.88,-43.92,-48.8,-126.88,-219.6,-214.72,-170.8
-97.6,-39.04,58.56,68.32,-78.08,9.76,-34.16,-43.92,-107.36,-200.08,-200.08,-161.04
-107.36,-39.04,68.32,73.2,-87.84,14.64,-19.52,-24.4,-87.84,-180.56,-180.56,-151.28
-107.36,-63.44,43.92,87.84,-78.08,-9.76,-9.76,-19.52,-78.08,-156.16,-175.68,-146.4
-97.6,-39.04,58.56,68.32,-78.08,9.76,-14.64,-34.16,-63.44,-131.76,-151.28,-126.88
-92.72,-4.88,87.84,48.8,-92.72,39.04,-39.04,-48.8,-82.96,-117.12,-161.04,-136.64
-102.48,-19.52,82.96,63.44,-92.72,29.28,-24.4,-29.28,-78.08,-68.32,-156.16,-131.76
-107.36,-9.76,97.6,58.56,-102.48,43.92,-29.28,-34.16,-78.08,-43.92,-156.16,-122
-122,-9.76,112.24,68.32,-117.12,48.8,-39.04,-43.92,-82.96,-19.52,-165.92,-131.76
-112.24,-4.88,107.36,58.56,-112.24,48.8,-63.44,-73.2,-92.72,58.56,-170.8,-126.88
-102.48,0,102.48,53.68,-102.48,48.8,-82.96,-87.84,-92.72,78.08,-175.68,-131.76
-97.6,-19.52,78.08,58.56,-87.84,29.28,-87.84,-87.84,-82.96,73.2,-161.04,-126.88
-87.84,-24.4,63.44,58.56,-78.08,19.52,-87.84,-92.72,-78.08,78.08,-141.52,-117.12
-102.48,-53.68,48.8,78.08,-78.08,-4.88,-73.2,-78.08,-63.44,63.44,-131.76,-107.36
-107.36,-63.44,43.92,87.84,-78.08,-9.76,-58.56,-53.68,-53.68,63.44,-117.12,-97.6
-112.24,-48.8,63.44,82.96,-87.84,4.88,-53.68,-53.68,-53.68,63.44,-131.76,-102.48
-122,-58.56,63.44,92.72,-92.72,0,-58.56,-58.56,-73.2,34.16,-151.28,-117.12
-117.12,-68.32,48.8,92.72,-82.96,-9.76,-58.56,-58.56,-78.08,34.16,-151.28,-117.12
-107.36,-63.44,43.92,87.84,-78.08,-9.76,-73.2,-78.08,-82.96,34.16,-156.16,-122
-102.48,-53.68,48.8,78.08,-78.08,-4.88,-73.2,-78.08,-78.08,58.56,-151.28,-117.12
-78.08,-43.92,34.16,63.44,-58.56,-4.88,-78.08,-87.84,-82.96,78.08,-141.52,-117.12
-78.08,-58.56,19.52,68.32,-48.8,-19.52,-82.96,-82.96,-82.96,78.08,-131.76,-112.24
-78.08,-68.32,9.76,73.2,-43.92,-29.28,-68.32,-73.2,-73.2,68.32,-126.88,-107.36
-68.32,-63.44,4.88,68.32,-39.04,-29.28,-58.56,-68.32,-78.08,39.04,-126.88,-107.36
-78.08,-68.32,9.76,73.2,-43.92,-29.28,-58.56,-63.44,-92.72,0,-146.4,-122
-82.96,-73.2,9.76,78.08,-48.8,-34.16,-73.2,-73.2,-107.36,-34.16,-161.04,-146.4
-82.96,-78.08,4.88,82.96,-43.92,-39.04,-78.08,-82.96,-107.36,-48.8,-165.92,-146.4
-87.84,-87.84,0,87.84,-43.92,-43.92,-78.08,-82.96,-112.24,-58.56,-170.8,-146.4
-73.2,-78.08,-4.88,78.08,-34.16,-43.92,-82.96,-82.96,-107.36,-63.44,-165.92,-146.4
-63.44,-73.2,-9.76,68.32,-29.28,-43.92,-73.2,-82.96,-87.84,-68.32,-146.4,-136.64
-53.68,-58.56,-4.88,58.56,-24.4,-34.16,-68.32,-68.32,-87.84,-82.96,-141.52,-131.76
-53.68,-58.56,-4.88,58.56,-24.4,-34.16,-53.68,-53.68,-78.08,-92.72,-136.64,-122
-53.68,-68.32,-14.64,63.44,-19.52,-43.92,-53.68,-53.68,-82.96,-112.24,-141.52,-131.76
-53.68,-78.08,-24.4,68.32,-14.64,-53.68,-48.8,-53.68,-92.72,-131.76,-161.04,-151.28
-58.56,-78.08,-19.52,68.32,-19.52,-48.8,-53.68,-58.56,-87.84,-131.76,-165.92,-146.4
-58.56,-73.2,-14.64,68.32,-24.4,-43.92,-63.44,-63.44,-97.6,-136.64,-175.68,-165.92
-53.68,-78.08,-24.4,68.32,-14.64,-53.68,-53.68,-58.56,-82.96,-122,-165.92,-161.04
-53.68,-82.96,-29.28,68.32,-14.64,-58.56,-53.68,-58.56,-73.2,-107.36,-151.28,-151.28
-29.28,-73.2,-43.92,53.68,4.88,-58.56,-48.8,-53.68,-73.2,-117.12,-151.28,-151.28
-14.64,-73.2,-58.56,43.92,19.52,-68.32,-34.16,-34.16,-63.44,-107.36,-146.4,-141.52
-29.28,-92.72,-63.44,63.44,14.64,-78.08,-24.4,-29.28,-58.56,-102.48,-146.4,-146.4
-29.28,-102.48,-73.2,68.32,19.52,-87.84,-29.28,-24.4,-78.08,-122,-156.16,-161.04
-24.4,-97.6,-73.2,63.44,24.4,-87.84,-29.28,-24.4,-78.08,-112.24,-161.04,-165.92
-24.4,-102.48,-78.08,63.44,24.4,-92.72,-34.16,-29.28,-78.08,-97.6,-156.16,-165.92
-4.88,-87.84,-82.96,48.8,39.04,-87.84,-29.28,-34.16,-68.32,-78.08,-156.16,-161.04
9.76,-82.96,-92.72,39.04,48.8,-87.84,-24.4,-29.28,-58.56,-63.44,-146.4,-156.16
14.64,-68.32,-82.96,29.28,48.8,-78.08,-24.4,-29.28,-48.8,-53.68,-136.64,-146.4
19.52,-68.32,-87.84,24.4,53.68,-78.08,-9.76,-14.64,-43.92,-53.68,-141.52,-151.28
14.64,-78.08,-92.72,34.16,53.68,-87.84,-9.76,-14.64,-48.8,-63.44,-136.64,-146.4
19.52,-73.2,-92.72,29.28,53.68,-82.96,-9.76,-4.88,-58.56,-68.32,-136.64,-141.52
9.76,-82.96,-92.72,39.04,48.8,-87.84,-4.88,-9.76,-63.44,-68.32,-141.52,-146.4
9.76,-92.72,-102.48,43.92,53.68,-97.6,-19.52,-19.52,-63.44,-68.32,-141.52,-146.4
29.28,-82.96,-112.24,29.28,68.32,-97.6,-19.52,-19.52,-58.56,-58.56,-141.52,-146.4
43.92,-78.08,-122,19.52,82.96,-102.48,-19.52,-24.4,-58.56,-53.68,-141.52,-141.52
53.68,-63.44,-117.12,4.88,82.96,-92.72,-19.52,-19.52,-43.92,-43.92,-126.88,-131.76
48.8,-43.92,-92.72,0,68.32,-68.32,-9.76,-14.64,-39.04,-48.8,-126.88,-122
43.92,-48.8,-92.72,4.88,68.32,-73.2,0,-9.76,-43.92,-48.8,-122,-122
48.8,-39.04,-87.84,-4.88,68.32,-63.44,0,-4.88,-43.92,-53.68,-122,-112.24
48.8,-43.92,-92.72,0,68.32,-68.32,-4.88,-4.88,-53.68,-63.44,-136.64,-112.24
39.04,-53.68,-92.72,9.76,63.44,-73.2,-4.88,-9.76,-48.8,-58.56,-131.76,-122
48.8,-63.44,-112.24,9.76,78.08,-87.84,-9.76,-9.76,-48.8,-48.8,-126.88,-107.36
53.68,-87.84,-141.52,19.52,97.6,-117.12,-19.52,-19.52,-48.8,-48.8,-117.12,-107.36
63.44,-82.96,-146.4,9.76,102.48,-117.12,-19.52,-24.4,-43.92,-39.04,-107.36,-102.48
68.32,-102.48,-170.8,19.52,117.12,-136.64,-9.76,-9.76,-29.28,-34.16,-92.72,-78.08
78.08,-136.64,-214.72,29.28,146.4,-175.68,9.76,9.76,-24.4,-29.28,-78.08,-58.56
87.84,-161.04,-248.88,39.04,165.92,-204.96,29.28,19.52,-14.64,-19.52,-68.32,-39.04
68.32,-214.72,-283.04,73.2,175.68,-248.88,43.92,39.04,-4.88,-19.52,-58.56,-19.52
53.68,-204.96,-258.64,78.08,156.16,-234.24,34.16,29.28,-14.64,-19.52,-63.44,-29.28
73.2,-175.68,-248.88,53.68,161.04,-214.72,14.64,9.76,-24.4,-24.4,-68.32,-29.28
82.96,-229.36,-312.32,73.2,195.2,-273.28,24.4,14.64,-14.64,-4.88,-48.8,-19.52
87.84,-229.36,-317.2,73.2,200.08,-273.28,19.52,14.64,-9.76,4.88,-29.28,-9.76
87.84,-131.76,-219.6,24.4,151.28,-175.68,-14.64,-14.64,-24.4,-19.52,-48.8,-19.52
82.96,-48.8,-131.76,-14.64,107.36,-92.72,-29.28,-34.16,-48.8,-48.8,-63.44,-43.92
78.08,-14.64,-92.72,-29.28,82.96,-53.68,-39.04,-43.92,-63.44,-63.44,-73.2,-53.68
63.44,-58.56,-122,0,92.72,-92.72,-29.28,-39.04,-63.44,-68.32,-68.32,-43.92
48.8,-112.24,-161.04,34.16,102.48,-136.64,-14.64,-24.4,-58.56,-63.44,-63.44,-39.04
53.68,-126.88,-180.56,39.04,117.12,-156.16,-14.64,-29.28,-43.92,-48.8,-48.8,-24.4
43.92,-156.16,-200.08,58.56,122,-180.56,-9.76,-14.64,-29.28,-24.4,-24.4,-4.88
43.92,-165.92,-209.84,63.44,126.88,-190.32,0,-4.88,-19.52,4.88,-9.76,4.88
39.04,-165.92,-204.96,63.44,122,-185.44,9.76,4.88,0,34.16,9.76,24.4
34.16,-170.8,-204.96,68.32,117.12,-190.32,19.52,14.64,9.76,48.8,14.64,24.4
34.16,-151.28,-185.44,58.56,107.36,-170.8,14.64,4.88,-4.88,43.92,0,14.64
14.64,-156.16,-170.8,73.2,92.72,-165.92,9.76,4.88,-9.76,68.32,0,9.76
-4.88,-165.92,-161.04,87.84,78.08,-165.92,19.52,14.64,-14.64,112.24,-9.76,14.64
-4.88,-156.16,-151.28,82.96,73.2,-156.16,4.88,0,-19.52,161.04,-9.76,4.88
-24.4,-151.28,-126.88,87.84,48.8,-141.52,-9.76,-14.64,-29.28,190.32,-19.52,-4.88
-19.52,-126.88,-107.36,73.2,43.92,-117.12,-19.52,-24.4,-29.28,195.2,-14.64,-4.88
-14.64,-97.6,-82.96,58.56,34.16,-92.72,-19.52,-24.4,-19.52,229.36,-4.88,0
-4.88,-82.96,-78.08,43.92,34.16,-82.96,-14.64,-24.4,-19.52,287.92,-9.76,-4.88
9.76,-53.68,-63.44,24.4,34.16,-58.56,-14.64,-19.52,-19.52,356.24,-9.76,-4.88
-9.76,-58.56,-48.8,34.16,19.52,-53.68,-14.64,-19.52,-29.28,361.12,-24.4,-14.64
-19.52,-63.44,-43.92,43.92,9.76,-53.68,-19.52,-24.4,-39.04,351.36,-29.28,-14.64
-29.28,-43.92,-14.64,39.04,-9.76,-29.28,-29.28,-29.28,-48.8,331.84,-39.04,-24.4
-34.16,-43.92,-9.76,39.04,-14.64,-29.28,-39.04,-43.92,-48.8,297.68,-43.92,-29.28
-24.4,-43.92,-19.52,34.16,-4.88,-34.16,-43.92,-48.8,-53.68,248.88,-43.92,-29.28
-29.28,-34.16,-4.88,34.16,-14.64,-19.52,-48.8,-53.68,-53.68,214.72,-43.92,-34.16
-29.28,-39.04,-9.76,34.16,-9.76,-24.4,-43.92,-43.92,-39.04,195.2,-34.16,-24.4
-19.52,-34.16,-14.64,29.28,-4.88,-24.4,-39.04,-29.28,-48.8,165.92,-34.16,-24.4
-14.64,-34.16,-19.52,24.4,0,-29.28,-34.16,-34.16,-48.8,131.76,-43.92,-24.4
-19.52,-34.16,-14.64,29.28,-4.88,-24.4,-39.04,-39.04,-53.68,97.6,-53.68,-29.28
-34.16,-24.4,9.76,29.28,-24.4,-9.76,-29.28,-29.28,-53.68,73.2,-58.56,-34.16
-39.04,-24.4,14.64,34.16,-29.28,-4.88,-39.04,-39.04,-53.68,43.92,-58.56,-39.04
-24.4,-9.76,14.64,19.52,-19.52,0,-48.8,-48.8,-53.68,34.16,-58.56,-43.92
-24.4,0,24.4,14.64,-24.4,9.76,-48.8,-43.92,-58.56,14.64,-63.44,-43.92
-19.52,-9.76,9.76,14.64,-14.64,0,-39.04,-39.04,-48.8,4.88,-43.92,-24.4
-4.88,-9.76,-4.88,9.76,0,-9.76,-39.04,-39.04,-48.8,-19.52,-43.92,-29.28
-19.52,-29.28,-9.76,24.4,-4.88,-19.52,-29.28,-29.28,-48.8,-48.8,-48.8,-29.28
-14.64,-43.92,-29.28,29.28,4.88,-39.04,-29.28,-19.52,-48.8,-53.68,-43.92,-34.16
-29.28,-48.8,-19.52,39.04,-4.88,-34.16,-24.4,-24.4,-58.56,-68.32,-53.68,-34.16
-34.16,-34.16,0,34.16,-19.52,-19.52,-39.04,-39.04,-73.2,-78.08,-58.56,-53.68
-34.16,-19.52,14.64,29.28,-24.4,-4.88,-58.56,-58.56,-78.08,-87.84,-68.32,-63.44
-19.52,0,19.52,9.76,-19.52,9.76,-58.56,-63.44,-73.2,-82.96,-73.2,-58.56
-14.64,0,14.64,9.76,-14.64,4.88,-58.56,-58.56,-68.32,-68.32,-58.56,-48.8
-19.52,14.64,34.16,4.88,-29.28,24.4,-48.8,-48.8,-53.68,-63.44,-48.8,-34.16
-24.4,0,24.4,14.64,-24.4,9.76,-34.16,-34.16,-48.8,-63.44,-43.92,-34.16
-24.4,-19.52,4.88,24.4,-14.64,-9.76,-34.16,-29.28,-53.68,-73.2,-43.92,-34.16
-29.28,-34.16,-4.88,34.16,-14.64,-19.52,-29.28,-29.28,-53.68,-82.96,-48.8,-34.16
-39.04,-48.8,-9.76,43.92,-14.64,-29.28,-34.16,-29.28,-58.56,-92.72,-58.56,-39.04
-34.16,-48.8,-14.64,43.92,-9.76,-34.16,-43.92,-43.92,-63.44,-97.6,-63.44,-43.92
-39.04,-39.04,0,39.04,-19.52,-19.52,-43.92,-43.92,-53.68,-87.84,-63.44,-39.04
-39.04,-48.8,-9.76,43.92,-14.64,-29.28,-39.04,-39.04,-48.8,-63.44,-39.04,-24.4
-19.52,-53.68,-34.16,39.04,4.88,-43.92,-43.92,-34.16,-39.04,-58.56,-24.4,-9.76
-14.64,-63.44,-48.8,39.04,14.64,-58.56,-29.28,-24.4,-34.16,-58.56,-24.4,-4.88
-14.64,-68.32,-53.68,43.92,19.52,-63.44,-19.52,-14.64,-24.4,-53.68,-9.76,9.76
-19.52,-68.32,-48.8,43.92,14.64,-58.56,-14.64,-9.76,-19.52,-48.8,-4.88,14.64
-24.4,-73.2,-48.8,48.8,9.76,-63.44,-19.52,-14.64,-29.28,-53.68,-4.88,4.88
-24.4,-58.56,-34.16,43.92,4.88,-48.8,-24.4,-19.52,-24.4,-43.92,0,14.64
-14.64,-43.92,-29.28,29.28,4.88,-39.04,-29.28,-29.28,-29.28,-39.04,-4.88,4.88
-9.76,-58.56,-48.8,34.16,19.52,-53.68,-24.4,-19.52,-14.64,-29.28,4.88,4.88
-9.76,-63.44,-53.68,39.04,19.52,-58.56,-14.64,-9.76,0,-19.52,9.76,14.64
-19.52,-82.96,-63.44,53.68,19.52,-73.2,14.64,19.52,24.4,-4.88,19.52,14.64
-19.52,-87.84,-68.32,53.68,24.4,-78.08,68.32,73.2,78.08,39.04,43.92,29.28
14.64,-87.84,-102.48,39.04,58.56,-97.6,122,117.12,141.52,107.36,78.08,39.04
63.44,-63.44,-126.88,0,92.72,-97.6,180.56,180.56,219.6,204.96,136.64,58.56
107.36,-14.64,-122,-43.92,112.24,-68.32,258.64,253.76,331.84,361.12,239.12,117.12
151.28,24.4,-126.88,-87.84,136.64,-53.68,341.6,331.84,463.6,541.68,375.76,165.92
209.84,68.32,-141.52,-136.64,175.68,-39.04,429.44,405.04,595.36,736.88,531.92,239.12
297.68,141.52,-156.16,-219.6,224.48,-9.76,502.64,483.12,736.88,951.6,722.24,346.48
400.16,239.12,-161.04,-317.2,278.16,39.04,536.8,531.92,844.24,1146.8,961.36,488
527.04,370.88,-156.16,-448.96,341.6,107.36,566.08,561.2,956.48,1351.76,1249.28,668.56
673.44,527.04,-146.4,-600.24,409.92,190.32,610,614.88,1107.76,1620.16,1590.88,893.04
800.32,663.68,-136.64,-732,468.48,263.52,712.48,697.84,1283.44,1898.32,1932.48,1098
893.04,810.08,-82.96,-849.12,488,361.12,854,839.36,1483.52,2147.2,2191.12,1268.8
936.96,932.08,-4.88,-932.08,468.48,463.6,1005.28,995.52,1625.04,2269.2,2332.64,1381.04
917.44,941.84,24.4,-927.2,444.08,483.12,1107.76,1098,1629.92,2186.24,2278.96,1381.04
868.64,814.96,-53.68,-839.36,458.72,380.64,1190.72,1166.32,1517.68,1932.48,1986.16,1210.24
732,570.96,-161.04,-649.04,444.08,204.96,1268.8,1254.16,1342,1551.84,1561.6,932.08
517.28,370.88,-146.4,-444.08,331.84,112.24,1244.4,1244.4,1122.4,1112.64,1156.56,732
278.16,307.44,29.28,-292.8,122,165.92,990.64,995.52,795.44,624.64,805.2,610
48.8,253.76,204.96,-151.28,-78.08,229.36,634.4,644.16,385.52,102.48,429.44,492.88
-131.76,209.84,341.6,-39.04,-239.12,273.28,312.32,312.32,9.76,-341.6,97.6,351.36
-278.16,151.28,429.44,63.44,-356.24,287.92,68.32,73.2,-239.12,-624.64,-131.76,239.12
-380.64,92.72,473.36,146.4,-429.44,283.04,-82.96,-78.08,-390.4,-785.68,-297.68,141.52
-444.08,34.16,478.24,204.96,-463.6,253.76,-253.76,-248.88,-541.68,-888.16,-448.96,24.4
-439.2,-39.04,400.16,239.12,-419.68,180.56,-424.56,-414.8,-673.44,-946.72,-517.28,-63.44
-400.16,-58.56,341.6,229.36,-370.88,141.52,-478.24,-478.24,-673.44,-902.8,-488,-78.08
-361.12,-29.28,331.84,195.2,-346.48,151.28,-488,-488,-624.64,-805.2,-419.68,-48.8
-322.08,0,322.08,161.04,-322.08,161.04,-512.4,-512.4,-585.6,-717.36,-356.24,-24.4
-283.04,9.76,292.8,136.64,-287.92,151.28,-497.76,-512.4,-556.32,-658.8,-331.84,-29.28
-248.88,-19.52,229.36,136.64,-239.12,102.48,-473.36,-497.76,-522.16,-595.36,-322.08,-63.44
-214.72,-48.8,165.92,131.76,-190.32,58.56,-419.68,-458.72,-468.48,-522.16,-292.8,-78.08
-180.56,-68.32,112.24,126.88,-146.4,19.52,-346.48,-405.04,-409.92,-448.96,-268.4,-97.6
-156.16,-92.72,63.44,126.88,-112.24,-14.64,-287.92,-351.36,-346.48,-380.64,-239.12,-122
-126.88,-117.12,9.76,122,-68.32,-53.68,-239.12,-297.68,-307.44,-356.24,-239.12,-136.64
-122,-161.04,-39.04,141.52,-43.92,-102.48,-204.96,-258.64,-278.16,-341.6,-248.88,-151.28
-117.12,-185.44,-68.32,151.28,-24.4,-126.88,-175.68,-219.6,-263.52,-341.6,-253.76,-156.16
-117.12,-195.2,-78.08,156.16,-19.52,-136.64,-151.28,-185.44,-248.88,-331.84,-253.76,-165.92
-122,-200.08,-78.08,161.04,-24.4,-141.52,-136.64,-161.04,-239.12,-331.84,-263.52,-170.8
-102.48,-190.32,-87.84,146.4,-9.76,-141.52,-126.88,-161.04,-224.48,-312.32,-263.52,-180.56
-82.96,-170.8,-87.84,126.88,0,-131.76,-141.52,-165.92,-214.72,-297.68,-263.52,-185.44
-82.96,-170.8,-87.84,126.88,0,-131.76,-122,-151.28,-204.96,-268.4,-248.88,-185.44
-68.32,-156.16,-87.84,112.24,9.76,-122,-97.6,-126.88,-165.92,-239.12,-209.84,-165.92
-43.92,-136.64,-92.72,92.72,24.4,-117.12,-68.32,-97.6,-146.4,-229.36,-200.08,-161.04
-53.68,-141.52,-87.84,97.6,14.64,-117.12,-34.16,-58.56,-126.88,-214.72,-185.44,-151.28
-58.56,-141.52,-82.96,102.48,9.76,-112.24,-19.52,-39.04,-112.24,-219.6,-180.56,-141.52
-78.08,-151.28,-73.2,117.12,-4.88,-112.24,0,-19.52,-102.48,-214.72,-185.44,-141.52
-92.72,-151.28,-58.56,122,-19.52,-107.36,19.52,-4.88,-82.96,-195.2,-180.56,-141.52
-92.72,-122,-29.28,107.36,-34.16,-78.08,19.52,4.88,-78.08,-190.32,-170.8,-136.64
-97.6,-107.36,-9.76,102.48,-43.92,-58.56,24.4,9.76,-68.32,-175.68,-165.92,-131.76
-92.72,-97.6,-4.88,97.6,-43.92,-53.68,19.52,4.88,-53.68,-161.04,-141.52,-112.24
-78.08,-97.6,-19.52,87.84,-29.28,-58.56,14.64,0,-48.8,-161.04,-141.52,-97.6
-97.6,-97.6,0,97.6,-48.8,-48.8,29.28,9.76,-39.04,-156.16,-126.88,-92.72
-97.6,-78.08,19.52,87.84,-58.56,-29.28,29.28,9.76,-39.04,-156.16,-136.64,-87.84
-107.36,-82.96,24.4,97.6,-68.32,-29.28,24.4,-4.88,-53.68,-170.8,-146.4,-92.72
-112.24,-92.72,19.52,102.48,-68.32,-39.04,9.76,-14.64,-58.56,-170.8,-146.4,-92.72
-107.36,-102.48,4.88,107.36,-58.56,-48.8,-9.76,-39.04,-63.44,-161.04,-146.4,-92.72
-102.48,-117.12,-14.64,112.24,-43.92,-68.32,-24.4,-48.8,-58.56,-151.28,-131.76,-87.84
-92.72,-102.48,-9.76,97.6,-43.92,-58.56,-39.04,-48.8,-53.68,-131.76,-122,-78.08
-92.72,-92.72,0,92.72,-48.8,-48.8,-39.04,-48.8,-43.92,-122,-107.36,-73.2
-97.6,-102.48,-4.88,102.48,-48.8,-53.68,-24.4,-34.16,-39.04,-122,-97.6,-68.32
-92.72,-92.72,0,92.72,-48.8,-48.8,-29.28,-34.16,-43.92,-126.88,-102.48,-68.32
-102.48,-97.6,4.88,102.48,-53.68,-48.8,-19.52,-24.4,-48.8,-136.64,-107.36,-73.2
-102.48,-92.72,9.76,97.6,-58.56,-43.92,-24.4,-34.16,-58.56,-146.4,-136.64,-87.84
-102.48,-97.6,4.88,102.48,-53.68,-48.8,-29.28,-34.16,-53.68,-131.76,-131.76,-82.96
-97.6,-112.24,-14.64,107.36,-43.92,-63.44,-39.04,-43.92,-58.56,-131.76,-126.88,-92.72
-87.84,-102.48,-14.64,97.6,-39.04,-58.56,-43.92,-43.92,-53.68,-117.12,-117.12,-82.96
-73.2,-87.84,-14.64,82.96,-29.28,-53.68,-48.8,-48.8,-48.8,-112.24,-112.24,-68.32
-63.44,-97.6,-34.16,82.96,-14.64,-68.32,-48.8,-48.8,-63.44,-126.88,-117.12,-78.08
-63.44,-107.36,-43.92,87.84,-9.76,-78.08,-43.92,-39.04,-63.44,-141.52,-117.12,-78.08
-68.32,-131.76,-63.44,102.48,-4.88,-97.6,-39.04,-39.04,-78.08,-151.28,-122,-92.72
-68.32,-146.4,-78.08,107.36,4.88,-112.24,-43.92,-34.16,-82.96,-156.16,-131.76,-102.48
-78.08,-156.16,-78.08,117.12,0,-117.12,-43.92,-39.04,-82.96,-146.4,-131.76,-102.48
-73.2,-146.4,-73.2,112.24,0,-112.24,-53.68,-53.68,-87.84,-136.64,-136.64,-112.24
-58.56,-122,-63.44,92.72,0,-92.72,-53.68,-53.68,-82.96,-117.12,-131.76,-107.36
-68.32,-122,-53.68,97.6,-9.76,-87.84,-48.8,-48.8,-63.44,-92.72,-112.24,-97.6
-48.8,-122,-73.2,87.84,9.76,-97.6,-43.92,-43.92,-63.44,-68.32,-112.24,-87.84
-48.8,-112.24,-63.44,82.96,4.88,-87.84,-29.28,-29.28,-53.68,-53.68,-107.36,-82.96
-58.56,-117.12,-58.56,87.84,0,-87.84,-24.4,-24.4,-58.56,-53.68,-112.24,-87.84
-53.68,-126.88,-73.2,92.72,9.76,-102.48,-29.28,-34.16,-73.2,-68.32,-131.76,-102.48
-48.8,-122,-73.2,87.84,9.76,-97.6,-39.04,-43.92,-82.96,-68.32,-146.4,-117.12
-53.68,-131.76,-78.08,92.72,9.76,-107.36,-48.8,-53.68,-87.84,-68.32,-146.4,-126.88
-43.92,-136.64,-92.72,92.72,24.4,-117.12,-48.8,-48.8,-82.96,-48.8,-141.52,-126.88
-34.16,-141.52,-107.36,87.84,34.16,-126.88,-39.04,-39.04,-68.32,-14.64,-126.88,-112.24
-29.28,-141.52,-112.24,87.84,39.04,-126.88,-34.16,-34.16,-58.56,-4.88,-112.24,-107.36
-34.16,-151.28,-117.12,92.72,39.04,-136.64,-14.64,-14.64,-43.92,34.16,-102.48,-92.72
-34.16,-161.04,-126.88,97.6,43.92,-146.4,-9.76,-9.76,-43.92,58.56,-107.36,-97.6
-39.04,-161.04,-122,102.48,39.04,-141.52,4.88,0,-43.92,53.68,-107.36,-102.48
-29.28,-151.28,-122,92.72,43.92,-136.64,0,0,-53.68,48.8,-117.12,-107.36
-19.52,-146.4,-126.88,82.96,53.68,-136.64,-14.64,-14.64,-58.56,43.92,-126.88,-122
-14.64,-141.52,-126.88,78.08,53.68,-136.64,-19.52,-24.4,-53.68,53.68,-131.76,-122
-9.76,-151.28,-141.52,82.96,63.44,-146.4,-24.4,-24.4,-53.68,58.56,-117.12,-122
0,-141.52,-141.52,73.2,68.32,-141.52,-19.52,-14.64,-43.92,68.32,-102.48,-112.24
9.76,-126.88,-136.64,58.56,73.2,-131.76,-9.76,-9.76,-29.28,63.44,-97.6,-107.36
9.76,-136.64,-146.4,63.44,78.08,-141.52,0,0,-34.16,58.56,-97.6,-107.36
14.64,-146.4,-161.04,68.32,87.84,-156.16,4.88,4.88,-34.16,63.44,-102.48,-107.36
9.76,-146.4,-156.16,68.32,82.96,-151.28,4.88,9.76,-39.04,82.96,-112.24,-107.36
4.88,-136.64,-141.52,68.32,73.2,-141.52,-9.76,-4.88,-43.92,122,-117.12,-107.36
24.4,-112.24,-136.64,43.92,78.08,-126.88,-14.64,-9.76,-39.04,126.88,-117.12,-107.36
34.16,-102.48,-136.64,34.16,82.96,-122,-24.4,-14.64,-39.04,117.12,-112.24,-102.48
48.8,-97.6,-146.4,24.4,97.6,-122,-19.52,-14.64,-34.16,131.76,-97.6,-87.84
58.56,-82.96,-141.52,14.64,97.6,-112.24,-4.88,0,-29.28,126.88,-87.84,-78.08
63.44,-87.84,-151.28,14.64,107.36,-122,0,4.88,-19.52,107.36,-87.84,-73.2
63.44,-92.72,-156.16,14.64,107.36,-126.88,4.88,4.88,-24.4,92.72,-87.84,-73.2
53.68,-97.6,-151.28,24.4,102.48,-126.88,0,4.88,-39.04,73.2,-102.48,-82.96
43.92,-107.36,-151.28,34.16,97.6,-131.76,-9.76,-4.88,-48.8,58.56,-112.24,-92.72
53.68,-97.6,-151.28,24.4,102.48,-126.88,-19.52,-19.52,-58.56,48.8,-112.24,-87.84
63.44,-82.96,-146.4,9.76,102.48,-117.12,-29.28,-29.28,-58.56,39.04,-112.24,-92.72
58.56,-63.44,-122,4.88,87.84,-92.72,-29.28,-24.4,-53.68,53.68,-97.6,-82.96
73.2,-48.8,-122,-9.76,97.6,-87.84,-29.28,-24.4,-43.92,48.8,-92.72,-63.44
82.96,-39.04,-122,-19.52,102.48,-82.96,-29.28,-24.4,-48.8,39.04,-87.84,-63.44
82.96,-24.4,-107.36,-29.28,92.72,-68.32,-24.4,-29.28,-53.68,19.52,-87.84,-58.56
78.08,-24.4,-102.48,-24.4,87.84,-63.44,-29.28,-29.28,-58.56,4.88,-92.72,-58.56
68.32,-34.16,-102.48,-14.64,82.96,-68.32,-34.16,-39.04,-68.32,-14.64,-107.36,-63.44
68.32,-24.4,-92.72,-19.52,78.08,-58.56,-48.8,-48.8,-73.2,-14.64,-107.36,-63.44
73.2,-39.04,-112.24,-14.64,92.72,-78.08,-58.56,-63.44,-87.84,-24.4,-97.6,-63.44
78.08,-39.04,-117.12,-19.52,97.6,-78.08,-53.68,-58.56,-73.2,-14.64,-82.96,-53.68
82.96,-9.76,-92.72,-34.16,87.84,-53.68,-58.56,-58.56,-68.32,-4.88,-68.32,-43.92
68.32,-19.52,-87.84,-24.4,78.08,-53.68,-53.68,-53.68,-63.44,-14.64,-63.44,-39.04
73.2,-29.28,-102.48,-19.52,87.84,-68.32,-43.92,-43.92,-63.44,-14.64,-58.56,-34.16
73.2,-24.4,-97.6,-24.4,82.96,-63.44,-39.04,-43.92,-63.44,-29.28,-53.68,-29.28
73.2,-34.16,-107.36,-19.52,87.84,-73.2,-48.8,-48.8,-78.08,-43.92,-73.2,-39.04
68.32,-24.4,-92.72,-19.52,78.08,-58.56,-53.68,-48.8,-78.08,-34.16,-68.32,-34.16
53.68,-24.4,-78.08,-14.64,63.44,-53.68,-58.56,-58.56,-78.08,-34.16,-68.32,-29.28
48.8,-19.52,-68.32,-14.64,58.56,-43.92,-58.56,-63.44,-73.2,-29.28,-58.56,-29.28
48.8,-14.64,-63.44,-14.64,53.68,-39.04,-63.44,-58.56,-68.32,-19.52,-48.8,-24.4
34.16,-14.64,-48.8,-9.76,39.04,-34.16,-48.8,-53.68,-53.68,-14.64,-34.16,-14.64
24.4,-9.76,-34.16,-4.88,29.28,-24.4,-39.04,-43.92,-48.8,-14.64,-24.4,-4.88
14.64,-4.88,-19.52,-4.88,14.64,-14.64,-39.04,-39.04,-53.68,-24.4,-34.16,-14.64
4.88,-24.4,-29.28,9.76,14.64,-29.28,-39.04,-39.04,-58.56,-34.16,-43.92,-19.52
4.88,-29.28,-34.16,14.64,19.52,-34.16,-39.04,-43.92,-58.56,-34.16,-43.92,-24.4
-9.76,-34.16,-24.4,24.4,4.88,-29.28,-43.92,-43.92,-58.56,-39.04,-43.92,-24.4
-4.88,-24.4,-19.52,14.64,4.88,-24.4,-53.68,-53.68,-58.56,-29.28,-39.04,-24.4
4.88,-4.88,-9.76,0,4.88,-9.76,-48.8,-53.68,-53.68,-19.52,-29.28,-19.52
0,-14.64,-14.64,9.76,4.88,-14.64,-39.04,-43.92,-39.04,-14.64,-24.4,-14.64
4.88,-4.88,-9.76,0,4.88,-9.76,-39.04,-39.04,-43.92,-19.52,-24.4,-9.76
-4.88,4.88,9.76,0,-9.76,4.88,-34.16,-34.16,-39.04,-29.28,-24.4,-9.76
-14.64,0,14.64,9.76,-14.64,4.88,-34.16,-39.04,-48.8,-43.92,-39.04,-19.52
-19.52,-4.88,14.64,14.64,-19.52,4.88,-34.16,-39.04,-53.68,-53.68,-48.8,-24.4
-24.4,-14.64,9.76,19.52,-19.52,-4.88,-48.8,-48.8,-63.44,-63.44,-58.56,-34.16
-24.4,-14.64,9.76,19.52,-19.52,-4.88,-53.68,-53.68,-63.44,-48.8,-48.8,-29.28
-19.52,-19.52,0,19.52,-9.76,-9.76,-43.92,-43.92,-43.92,-39.04,-34.16,-14.64
-19.52,-14.64,4.88,19.52,-14.64,-4.88,-43.92,-48.8,-43.92,-29.28,-24.4,-14.64
-19.52,-4.88,14.64,14.64,-19.52,4.88,-29.28,-34.16,-34.16,-19.52,-19.52,0
-24.4,-4.88,19.52,14.64,-24.4,4.88,-24.4,-29.28,-34.16,-29.28,-24.4,-4.88
-29.28,-19.52,9.76,24.4,-19.52,-4.88,-24.4,-29.28,-39.04,-43.92,-24.4,-14.64
-24.4,-24.4,0,24.4,-14.64,-14.64,-24.4,-29.28,-53.68,-48.8,-39.04,-24.4
-34.16,-19.52,14.64,29.28,-24.4,-4.88,-29.28,-34.16,-53.68,-53.68,-43.92,-29.28
-34.16,-24.4,9.76,29.28,-24.4,-9.76,-39.04,-43.92,-53.68,-48.8,-43.92,-29.28
-29.28,-34.16,-4.88,34.16,-14.64,-19.52,-39.04,-43.92,-58.56,-43.92,-43.92,-34.16
-29.28,-43.92,-14.64,39.04,-9.76,-29.28,-39.04,-43.92,-48.8,-34.16,-29.28,-24.4
-19.52,-24.4,-4.88,24.4,-9.76,-14.64,-34.16,-43.92,-43.92,-39.04,-34.16,-19.52
-24.4,-24.4,0,24.4,-14.64,-14.64,-34.16,-39.04,-48.8,-43.92,-34.16,-29.28
-34.16,-34.16,0,34.16,-19.52,-19.52,-29.28,-34.16,-48.8,-53.68,-39.04,-29.28
-34.16,-34.16,0,34.16,-19.52,-19.52,-24.4,-29.28,-58.56,-63.44,-48.8,-34.16
-48.8,-48.8,0,48.8,-24.4,-24.4,-19.52,-29.28,-53.68,-58.56,-43.92,-24.4
-39.04,-34.16,4.88,39.04,-24.4,-14.64,-34.16,-43.92,-53.68,-53.68,-48.8,-34.16
-24.4,-24.4,0,24.4,-14.64,-14.64,-43.92,-53.68,-53.68,-53.68,-53.68,-39.04
-24.4,-24.4,0,24.4,-14.64,-14.64,-43.92,-48.8,-53.68,-43.92,-48.8,-29.28
-24.4,-14.64,9.76,19.52,-19.52,-4.88,-43.92,-43.92,-48.8,-39.04,-43.92,-29.28
-34.16,-34.16,0,34.16,-19.52,-19.52,-39.04,-39.04,-48.8,-48.8,-39.04,-29.28
-29.28,-43.92,-14.64,39.04,-9.76,-29.28,-34.16,-34.16,-48.8,-53.68,-39.04,-29.28
-29.28,-48.8,-19.52,39.04,-4.88,-34.16,-29.28,-29.28,-43.92,-53.68,-43.92,-29.28
-39.04,-78.08,-39.04,58.56,0,-58.56,-24.4,-29.28,-48.8,-53.68,-48.8,-34.16
-29.28,-82.96,-53.68,58.56,9.76,-68.32,-39.04,-43.92,-58.56,-53.68,-48.8,-39.04
-39.04,-78.08,-39.04,58.56,0,-58.56,-34.16,-39.04,-48.8,-39.04,-43.92,-34.16
-29.28,-63.44,-34.16,48.8,0,-48.8,-39.04,-43.92,-43.92,-39.04,-39.04,-29.28
-34.16,-29.28,4.88,34.16,-19.52,-14.64,-39.04,-43.92,-34.16,-34.16,-24.4,-19.52
-29.28,-24.4,4.88,29.28,-19.52,-9.76,-29.28,-34.16,-29.28,-29.28,-24.4,-14.64
-29.28,-24.4,4.88,29.28,-19.52,-9.76,-19.52,-34.16,-29.28,-34.16,-24.4,-14.64
-24.4,-19.52,4.88,24.4,-14.64,-9.76,-24.4,-29.28,-29.28,-34.16,-29.28,-14.64
-24.4,-24.4,0,24.4,-14.64,-14.64,-24.4,-34.16,-34.16,-43.92,-34.16,-24.4
-29.28,-29.28,0,29.28,-14.64,-14.64,-29.28,-34.16,-43.92,-39.04,-29.28,-24.4
-34.16,-43.92,-9.76,39.04,-14.64,-29.28,-24.4,-34.16,-34.16,-29.28,-14.64,-19.52
-34.16,-43.92,-9.76,39.04,-14.64,-29.28,-29.28,-34.16,-34.16,-19.52,-14.64,-14.64
-19.52,-39.04,-19.52,29.28,0,-29.28,-29.28,-43.92,-29.28,-14.64,-9.76,-9.76
-9.76,-39.04,-29.28,24.4,9.76,-34.16,-24.4,-29.28,-19.52,-9.76,-9.76,-14.64
-9.76,-29.28,-19.52,19.52,4.88,-24.4,0,-4.88,0,4.88,-9.76,-14.64
-19.52,-4.88,14.64,14.64,-19.52,4.88,43.92,39.04,43.92,39.04,-4.88,-14.64
0,9.76,9.76,-4.88,-4.88,9.76,97.6,92.72,112.24,97.6,29.28,-4.88
58.56,39.04,-19.52,-48.8,39.04,9.76,151.28,146.4,195.2,204.96,87.84,19.52
102.48,87.84,-14.64,-92.72,58.56,34.16,214.72,204.96,297.68,341.6,185.44,53.68
141.52,131.76,-9.76,-136.64,73.2,58.56,297.68,292.8,434.32,541.68,331.84,122
204.96,180.56,-24.4,-190.32,112.24,78.08,380.64,375.76,575.84,736.88,492.88,200.08
283.04,234.24,-48.8,-258.64,165.92,92.72,444.08,444.08,702.72,932.08,673.44,287.92
370.88,331.84,-39.04,-351.36,204.96,146.4,502.64,497.76,819.84,1127.28,902.8,424.56
483.12,468.48,-14.64,-473.36,248.88,224.48,531.92,527.04,932.08,1337.12,1176.08,600.24
614.88,619.76,4.88,-614.88,302.56,312.32,585.6,575.84,1088.24,1595.76,1522.56,824.72
746.64,775.92,29.28,-761.28,356.24,400.16,668.56,668.56,1268.8,1883.68,1864.16,1029.68
844.24,927.2,82.96,-883.28,380.64,502.64,805.2,805.2,1473.76,2137.44,2132.56,1205.36
897.92,1039.44,141.52,-966.24,375.76,590.48,966.24,961.36,1629.92,2269.2,2288.72,1327.36
897.92,1078.48,180.56,-985.76,356.24,629.52,1049.2,1044.32,1615.28,2191.12,2249.68,1356.64
834.48,951.6,117.12,-893.04,356.24,531.92,1098,1098,1488.4,1937.36,1991.04,1210.24
712.48,697.84,-14.64,-702.72,361.12,341.6,1190.72,1190.72,1317.6,1556.72,1576.24,941.84
488,483.12,-4.88,-483.12,244,239.12,1166.32,1166.32,1068.72,1088.24,1151.68,722.24
248.88,385.52,136.64,-317.2,53.68,258.64,897.92,897.92,712.48,570.96,780.8,595.36
29.28,331.84,302.56,-180.56,-136.64,317.2,541.68,536.8,278.16,24.4,390.4,458.72
-161.04,268.4,429.44,-53.68,-297.68,346.48,214.72,204.96,-92.72,-405.04,63.44,331.84
-297.68,200.08,497.76,48.8,-400.16,346.48,-29.28,-34.16,-336.72,-683.2,-161.04,239.12
-366,146.4,512.4,112.24,-439.2,326.96,-195.2,-195.2,-492.88,-839.36,-326.96,136.64
-439.2,68.32,507.52,185.44,-473.36,287.92,-356.24,-356.24,-634.4,-932.08,-458.72,34.16
-439.2,4.88,444.08,219.6,-444.08,224.48,-488,-492.88,-732,-961.36,-522.16,-34.16
-395.28,9.76,405.04,195.2,-400.16,204.96,-541.68,-541.68,-717.36,-893.04,-497.76,-53.68
-361.12,24.4,385.52,170.8,-375.76,204.96,-551.44,-551.44,-658.8,-800.32,-434.32,-39.04
-322.08,39.04,361.12,141.52,-341.6,200.08,-561.2,-561.2,-610,-712.48,-370.88,-14.64
-283.04,29.28,312.32,126.88,-297.68,170.8,-541.68,-546.56,-575.84,-634.4,-336.72,-19.52
-253.76,-14.64,239.12,136.64,-248.88,112.24,-507.52,-517.28,-527.04,-570.96,-312.32,-48.8
-204.96,-53.68,151.28,131.76,-180.56,48.8,-468.48,-468.48,-483.12,-502.64,-292.8,-73.2
-180.56,-107.36,73.2,146.4,-126.88,-19.52,-400.16,-405.04,-419.68,-424.56,-263.52,-92.72
-165.92,-146.4,19.52,156.16,-92.72,-63.44,-322.08,-331.84,-351.36,-366,-248.88,-102.48
-141.52,-190.32,-48.8,165.92,-48.8,-122,-268.4,-268.4,-292.8,-322.08,-224.48,-107.36
-126.88,-229.36,-102.48,180.56,-14.64,-165.92,-234.24,-229.36,-268.4,-307.44,-234.24,-122
-107.36,-244,-136.64,175.68,14.64,-190.32,-190.32,-190.32,-239.12,-287.92,-239.12,-131.76
-112.24,-263.52,-151.28,190.32,19.52,-209.84,-161.04,-151.28,-219.6,-278.16,-234.24,-141.52
-112.24,-273.28,-161.04,195.2,24.4,-219.6,-146.4,-141.52,-209.84,-263.52,-239.12,-156.16
-97.6,-253.76,-156.16,175.68,29.28,-204.96,-136.64,-136.64,-200.08,-244,-239.12,-156.16
-78.08,-239.12,-161.04,161.04,39.04,-200.08,-136.64,-146.4,-195.2,-229.36,-239.12,-170.8
-68.32,-219.6,-151.28,146.4,39.04,-185.44,-117.12,-141.52,-180.56,-209.84,-234.24,-165.92
-58.56,-204.96,-146.4,131.76,43.92,-175.68,-107.36,-117.12,-165.92,-195.2,-214.72,-165.92
-63.44,-209.84,-146.4,136.64,39.04,-180.56,-78.08,-82.96,-141.52,-185.44,-200.08,-156.16
-63.44,-185.44,-122,126.88,29.28,-156.16,-48.8,-58.56,-122,-175.68,-200.08,-151.28
-92.72,-185.44,-92.72,141.52,0,-141.52,-24.4,-29.28,-107.36,-161.04,-195.2,-146.4
-102.48,-190.32,-87.84,146.4,-9.76,-141.52,-4.88,-9.76,-92.72,-161.04,-190.32,-141.52
-97.6,-170.8,-73.2,136.64,-14.64,-122,0,-4.88,-82.96,-136.64,-185.44,-131.76
-102.48,-151.28,-48.8,126.88,-29.28,-102.48,0,0,-68.32,-117.12,-165.92,-126.88
-92.72,-122,-29.28,107.36,-34.16,-78.08,4.88,4.88,-53.68,-102.48,-151.28,-112.24
-92.72,-102.48,-9.76,97.6,-43.92,-58.56,-9.76,-9.76,-48.8,-97.6,-151.28,-112.24
-92.72,-102.48,-9.76,97.6,-43.92,-58.56,-14.64,-14.64,-48.8,-102.48,-151.28,-107.36
-92.72,-107.36,-14.64,102.48,-39.04,-63.44,-9.76,-9.76,-48.8,-107.36,-151.28,-97.6
-97.6,-112.24,-14.64,107.36,-43.92,-63.44,-19.52,-19.52,-63.44,-131.76,-161.04,-112.24
-107.36,-112.24,-4.88,112.24,-53.68,-58.56,-34.16,-29.28,-73.2,-131.76,-165.92,-107.36
-102.48,-97.6,4.88,102.48,-53.68,-48.8,-58.56,-53.68,-82.96,-126.88,-175.68,-117.12
-107.36,-102.48,4.88,107.36,-58.56,-48.8,-68.32,-63.44,-87.84,-117.12,-165.92,-112.24
-112.24,-102.48,9.76,107.36,-63.44,-48.8,-73.2,-68.32,-82.96,-102.48,-146.4,-102.48
-117.12,-102.48,14.64,112.24,-68.32,-43.92,-73.2,-73.2,-73.2,-87.84,-136.64,-92.72
-112.24,-107.36,4.88,112.24,-58.56,-53.68,-63.44,-58.56,-53.68,-73.2,-131.76,-82.96
-102.48,-92.72,9.76,97.6,-58.56,-43.92,-39.04,-39.04,-43.92,-58.56,-126.88,-82.96
-102.48,-87.84,14.64,97.6,-58.56,-39.04,-43.92,-39.04,-48.8,-73.2,-141.52,-97.6
-102.48,-92.72,9.76,97.6,-58.56,-43.92,-48.8,-39.04,-53.68,-78.08,-151.28,-102.48
-92.72,-82.96,9.76,87.84,-53.68,-39.04,-53.68,-53.68,-63.44,-78.08,-156.16,-107.36
-87.84,-92.72,-4.88,92.72,-43.92,-48.8,-68.32,-63.44,-73.2,-82.96,-161.04,-122
-78.08,-97.6,-19.52,87.84,-29.28,-58.56,-73.2,-68.32,-73.2,-68.32,-161.04,-117.12
-78.08,-107.36,-29.28,92.72,-24.4,-68.32,-78.08,-68.32,-68.32,-68.32,-141.52,-107.36
-78.08,-112.24,-34.16,97.6,-24.4,-73.2,-73.2,-63.44,-68.32,-63.44,-136.64,-107.36
-63.44,-107.36,-43.92,87.84,-9.76,-78.08,-63.44,-58.56,-63.44,-68.32,-141.52,-102.48
-63.44,-117.12,-53.68,92.72,-4.88,-87.84,-58.56,-53.68,-73.2,-78.08,-146.4,-112.24
-78.08,-126.88,-48.8,102.48,-14.64,-87.84,-48.8,-43.92,-78.08,-78.08,-151.28,-112.24
-82.96,-126.88,-43.92,107.36,-19.52,-87.84,-53.68,-48.8,-78.08,-78.08,-161.04,-126.88
-92.72,-131.76,-39.04,112.24,-29.28,-87.84,-58.56,-48.8,-78.08,-73.2,-161.04,-131.76
-82.96,-122,-39.04,102.48,-24.4,-82.96,-58.56,-48.8,-73.2,-63.44,-156.16,-126.88
-68.32,-102.48,-34.16,87.84,-19.52,-68.32,-58.56,-48.8,-68.32,-53.68,-151.28,-126.88
-58.56,-107.36,-48.8,82.96,-4.88,-78.08,-53.68,-43.92,-58.56,-48.8,-151.28,-122
-58.56,-107.36,-48.8,82.96,-4.88,-78.08,-43.92,-34.16,-48.8,-53.68,-141.52,-112.24
-68.32,-122,-53.68,97.6,-9.76,-87.84,-34.16,-24.4,-53.68,-58.56,-141.52,-122
-63.44,-131.76,-68.32,97.6,0,-102.48,-24.4,-14.64,-48.8,-63.44,-141.52,-126.88
-68.32,-141.52,-73.2,107.36,0,-107.36,-24.4,-19.52,-53.68,-68.32,-141.52,-131.76
-73.2,-151.28,-78.08,112.24,0,-117.12,-29.28,-24.4,-58.56,-58.56,-151.28,-141.52
-68.32,-151.28,-82.96,112.24,4.88,-117.12,-39.04,-29.28,-58.56,-58.56,-161.04,-146.4
-58.56,-141.52,-82.96,102.48,9.76,-112.24,-34.16,-29.28,-53.68,-34.16,-151.28,-151.28
-48.8,-131.76,-82.96,92.72,14.64,-107.36,-24.4,-14.64,-39.04,-9.76,-141.52,-141.52
-29.28,-122,-92.72,78.08,29.28,-107.36,-19.52,-14.64,-24.4,-4.88,-141.52,-136.64
-34.16,-122,-87.84,78.08,24.4,-107.36,-4.88,4.88,-19.52,0,-136.64,-136.64
-43.92,-131.76,-87.84,87.84,19.52,-112.24,4.88,14.64,-24.4,9.76,-136.64,-136.64
-48.8,-141.52,-92.72,97.6,19.52,-117.12,9.76,14.64,-19.52,4.88,-136.64,-141.52
-48.8,-151.28,-102.48,102.48,24.4,-126.88,4.88,9.76,-24.4,0,-146.4,-146.4
-29.28,-146.4,-117.12,87.84,43.92,-131.76,4.88,9.76,-29.28,4.88,-146.4,-146.4
-39.04,-156.16,-117.12,97.6,39.04,-136.64,4.88,4.88,-14.64,14.64,-141.52,-151.28
-34.16,-161.04,-126.88,97.6,43.92,-146.4,4.88,4.88,-9.76,19.52,-126.88,-146.4
-19.52,-146.4,-126.88,82.96,53.68,-136.64,14.64,14.64,4.88,29.28,-117.12,-141.52
-9.76,-141.52,-131.76,78.08,58.56,-136.64,24.4,24.4,14.64,29.28,-117.12,-136.64
0,-126.88,-126.88,63.44,63.44,-126.88,29.28,29.28,4.88,19.52,-122,-131.76
0,-126.88,-126.88,63.44,63.44,-126.88,29.28,34.16,4.88,9.76,-131.76,-141.52
9.76,-131.76,-141.52,63.44,73.2,-136.64,24.4,29.28,-4.88,4.88,-131.76,-141.52
19.52,-122,-141.52,53.68,78.08,-131.76,24.4,24.4,-4.88,9.76,-136.64,-136.64
19.52,-112.24,-131.76,48.8,73.2,-122,24.4,24.4,4.88,19.52,-131.76,-136.64
34.16,-102.48,-136.64,34.16,82.96,-122,19.52,19.52,4.88,24.4,-126.88,-131.76
29.28,-97.6,-126.88,34.16,78.08,-112.24,19.52,19.52,14.64,34.16,-112.24,-122
29.28,-107.36,-136.64,39.04,82.96,-122,29.28,34.16,24.4,29.28,-102.48,-112.24
39.04,-97.6,-136.64,29.28,87.84,-117.12,29.28,34.16,9.76,14.64,-112.24,-117.12
43.92,-92.72,-136.64,24.4,87.84,-117.12,34.16,34.16,4.88,4.88,-117.12,-112.24
34.16,-97.6,-131.76,34.16,82.96,-117.12,24.4,29.28,-4.88,-9.76,-117.12,-117.12
43.92,-82.96,-126.88,19.52,82.96,-107.36,19.52,29.28,-4.88,-9.76,-122,-112.24
39.04,-82.96,-122,24.4,78.08,-102.48,14.64,14.64,-4.88,-9.76,-117.12,-112.24
48.8,-82.96,-131.76,19.52,87.84,-107.36,9.76,9.76,-9.76,0,-117.12,-107.36
68.32,-53.68,-122,-4.88,92.72,-87.84,4.88,4.88,-9.76,0,-112.24,-102.48
73.2,-48.8,-122,-9.76,97.6,-87.84,4.88,4.88,-9.76,0,-102.48,-97.6
68.32,-43.92,-112.24,-9.76,87.84,-78.08,9.76,9.76,-9.76,-4.88,-97.6,-92.72
63.44,-48.8,-112.24,-4.88,87.84,-82.96,4.88,4.88,-14.64,-19.52,-97.6,-87.84
58.56,-58.56,-117.12,0,87.84,-87.84,0,4.88,-24.4,-29.28,-102.48,-92.72
68.32,-58.56,-126.88,-4.88,97.6,-92.72,-4.88,0,-34.16,-39.04,-112.24,-97.6
63.44,-58.56,-122,0,92.72,-92.72,-14.64,-14.64,-39.04,-29.28,-107.36,-87.84
63.44,-63.44,-126.88,0,92.72,-97.6,-24.4,-24.4,-34.16,-29.28,-102.48,-82.96
73.2,-53.68,-126.88,-9.76,97.6,-92.72,-19.52,-19.52,-29.28,-19.52,-78.08,-58.56
68.32,-39.04,-107.36,-14.64,87.84,-73.2,-19.52,-14.64,-24.4,-14.64,-63.44,-53.68
68.32,-29.28,-97.6,-19.52,82.96,-63.44,-24.4,-19.52,-24.4,-24.4,-63.44,-43.92
73.2,-19.52,-92.72,-24.4,82.96,-58.56,-24.4,-14.64,-29.28,-24.4,-63.44,-43.92
63.44,-24.4,-87.84,-19.52,73.2,-58.56,-24.4,-19.52,-34.16,-34.16,-73.2,-53.68
58.56,-19.52,-78.08,-19.52,68.32,-48.8,-34.16,-29.28,-39.04,-48.8,-73.2,-53.68
39.04,-39.04,-78.08,0,58.56,-58.56,-39.04,-34.16,-48.8,-48.8,-73.2,-58.56
43.92,-34.16,-78.08,-4.88,58.56,-58.56,-48.8,-39.04,-48.8,-39.04,-63.44,-48.8
43.92,-24.4,-68.32,-9.76,53.68,-48.8,-43.92,-39.04,-39.04,-29.28,-43.92,-39.04
43.92,-24.4,-68.32,-9.76,53.68,-48.8,-48.8,-43.92,-39.04,-34.16,-39.04,-39.04
39.04,-24.4,-63.44,-4.88,48.8,-43.92,-39.04,-34.16,-34.16,-34.16,-34.16,-39.04
34.16,-14.64,-48.8,-9.76,39.04,-34.16,-34.16,-24.4,-34.16,-43.92,-34.16,-29.28
29.28,-24.4,-53.68,0,39.04,-39.04,-34.16,-29.28,-39.04,-48.8,-39.04,-34.16
29.28,-9.76,-39.04,-9.76,34.16,-24.4,-39.04,-34.16,-48.8,-53.68,-53.68,-34.16
19.52,-4.88,-24.4,-4.88,19.52,-14.64,-43.92,-34.16,-58.56,-63.44,-63.44,-48.8
4.88,-4.88,-9.76,0,4.88,-9.76,-43.92,-39.04,-58.56,-58.56,-53.68,-48.8
9.76,14.64,4.88,-9.76,0,9.76,-48.8,-43.92,-43.92,-48.8,-48.8,-43.92
14.64,14.64,0,-14.64,4.88,4.88,-53.68,-53.68,-53.68,-48.8,-48.8,-43.92
19.52,14.64,-4.88,-14.64,9.76,4.88,-48.8,-43.92,-43.92,-43.92,-39.04,-34.16
4.88,4.88,0,-4.88,0,0,-43.92,-39.04,-43.92,-53.68,-39.04,-34.16
-9.76,-19.52,-9.76,14.64,0,-14.64,-39.04,-34.16,-43.92,-58.56,-39.04,-34.16
-19.52,-24.4,-4.88,24.4,-9.76,-14.64,-39.04,-29.28,-48.8,-63.44,-43.92,-39.04
-24.4,-34.16,-9.76,29.28,-9.76,-24.4,-39.04,-29.28,-53.68,-68.32,-53.68,-43.92
-29.28,-29.28,0,29.28,-14.64,-14.64,-39.04,-34.16,-48.8,-58.56,-48.8,-43.92
-9.76,-9.76,0,9.76,-4.88,-4.88,-53.68,-43.92,-48.8,-53.68,-53.68,-43.92
0,0,0,0,0,0,-58.56,-53.68,-53.68,-53.68,-53.68,-43.92
-4.88,19.52,24.4,-4.88,-14.64,19.52,-53.68,-48.8,-43.92,-43.92,-48.8,-43.92
-4.88,29.28,34.16,-9.76,-19.52,29.28,-48.8,-48.8,-43.92,-48.8,-48.8,-34.16
-9.76,14.64,24.4,0,-19.52,19.52,-43.92,-48.8,-43.92,-48.8,-53.68,-39.04
-19.52,0,19.52,9.76,-19.52,9.76,-34.16,-34.16,-43.92,-58.56,-53.68,-34.16
-39.04,-19.52,19.52,29.28,-29.28,0,-39.04,-43.92,-48.8,-68.32,-58.56,-39.04
-24.4,-29.28,-4.88,29.28,-9.76,-19.52,-48.8,-48.8,-58.56,-68.32,-53.68,-48.8
-14.64,-29.28,-14.64,24.4,0,-24.4,-53.68,-53.68,-63.44,-68.32,-63.44,-53.68
-24.4,-39.04,-14.64,34.16,-4.88,-29.28,-53.68,-53.68,-53.68,-58.56,-48.8,-43.92
-9.76,-39.04,-29.28,24.4,9.76,-34.16,-58.56,-58.56,-48.8,-58.56,-43.92,-39.04
-19.52,-29.28,-9.76,24.4,-4.88,-19.52,-43.92,-43.92,-39.04,-48.8,-34.16,-29.28
-24.4,-29.28,-4.88,29.28,-9.76,-19.52,-34.16,-29.28,-29.28,-48.8,-29.28,-24.4
-19.52,-19.52,0,19.52,-9.76,-9.76,-29.28,-34.16,-39.04,-53.68,-39.04,-29.28
-4.88,-24.4,-19.52,14.64,4.88,-24.4,-43.92,-43.92,-58.56,-73.2,-63.44,-39.04
-9.76,-34.16,-24.4,24.4,4.88,-29.28,-43.92,-43.92,-63.44,-68.32,-63.44,-48.8
-19.52,-43.92,-24.4,34.16,0,-34.16,-48.8,-48.8,-63.44,-58.56,-63.44,-48.8
-19.52,-48.8,-29.28,34.16,4.88,-39.04,-43.92,-43.92,-53.68,-53.68,-48.8,-34.16
-14.64,-48.8,-34.16,34.16,9.76,-43.92,-43.92,-39.04,-48.8,-48.8,-43.92,-34.16
-14.64,-43.92,-29.28,29.28,4.88,-39.04,-39.04,-39.04,-39.04,-48.8,-29.28,-24.4
-14.64,-48.8,-34.16,34.16,9.76,-43.92,-39.04,-39.04,-43.92,-58.56,-34.16,-24.4
-14.64,-43.92,-29.28,29.28,4.88,-39.04,-34.16,-34.16,-43.92,-68.32,-39.04,-29.28
-24.4,-39.04,-14.64,34.16,-4.88,-29.28,-34.16,-34.16,-53.68,-68.32,-39.04,-34.16
-24.4,-29.28,-4.88,29.28,-9.76,-19.52,-39.04,-39.04,-58.56,-63.44,-48.8,-43.92
-19.52,-24.4,-4.88,24.4,-9.76,-14.64,-43.92,-43.92,-58.56,-58.56,-58.56,-43.92
-19.52,-24.4,-4.88,24.4,-9.76,-14.64,-43.92,-39.04,-53.68,-48.8,-53.68,-39.04
-14.64,-14.64,0,14.64,-9.76,-9.76,-43.92,-39.04,-43.92,-39.04,-39.04,-24.4
-4.88,0,4.88,4.88,-4.88,0,-43.92,-39.04,-43.92,-39.04,-34.16,-14.64
-9.76,-4.88,4.88,9.76,-9.76,0,-34.16,-29.28,-34.16,-39.04,-29.28,-9.76
-19.52,-9.76,9.76,14.64,-14.64,0,-34.16,-24.4,-34.16,-43.92,-29.28,-14.64
-24.4,-19.52,4.88,24.4,-14.64,-9.76,-29.28,-29.28,-34.16,-48.8,-34.16,-19.52
-24.4,-24.4,0,24.4,-14.64,-14.64,-29.28,-39.04,-39.04,-48.8,-39.04,-19.52
-19.52,-9.76,9.76,14.64,-14.64,0,-48.8,-43.92,-43.92,-43.92,-34.16,-24.4
-24.4,-4.88,19.52,14.64,-24.4,4.88,-48.8,-43.92,-39.04,-39.04,-29.28,-19.52
-9.76,14.64,24.4,0,-19.52,19.52,-58.56,-48.8,-39.04,-34.16,-29.28,-19.52
-9.76,14.64,24.4,0,-19.52,19.52,-48.8,-43.92,-24.4,-19.52,-24.4,-14.64
-4.88,19.52,24.4,-4.88,-14.64,19.52,-34.16,-29.28,-9.76,-14.64,-24.4,-14.64
0,43.92,43.92,-19.52,-24.4,43.92,4.88,4.88,19.52,14.64,-24.4,-19.52
4.88,53.68,48.8,-29.28,-24.4,48.8,58.56,58.56,87.84,73.2,4.88,-4.88
43.92,78.08,34.16,-58.56,4.88,53.68,107.36,112.24,165.92,170.8,53.68,9.76
82.96,107.36,24.4,-92.72,29.28,63.44,185.44,195.2,273.28,317.2,156.16,48.8
126.88,151.28,24.4,-136.64,48.8,87.84,258.64,263.52,405.04,492.88,297.68,117.12
180.56,234.24,53.68,-204.96,63.44,141.52,336.72,341.6,556.32,707.6,453.84,180.56
244,292.8,48.8,-268.4,97.6,170.8,424.56,424.56,702.72,912.56,619.76,258.64
326.96,366,39.04,-346.48,141.52,200.08,502.64,507.52,844.24,1132.16,844.24,395.28
414.8,497.76,82.96,-453.84,165.92,287.92,556.32,561.2,980.88,1342,1102.88,561.2
527.04,658.8,131.76,-590.48,195.2,395.28,605.12,614.88,1141.92,1605.52,1424.96,766.16
653.92,839.36,185.44,-746.64,234.24,512.4,649.04,653.92,1307.84,1893.44,1800.72,1005.28
751.52,1010.16,258.64,-878.4,244,634.4,751.52,756.4,1512.8,2171.6,2113.04,1215.12
795.44,1132.16,336.72,-961.36,229.36,732,897.92,897.92,1678.72,2337.52,2318,1361.52
795.44,1195.6,400.16,-995.52,195.2,795.44,951.6,956.48,1678.72,2283.84,2337.52,1424.96
756.4,1122.4,366,-936.96,195.2,741.76,951.6,956.48,1522.56,2030.08,2147.2,1346.88
673.44,907.68,234.24,-790.56,219.6,570.96,1005.28,1010.16,1322.48,1664.08,1781.2,1122.4
497.76,692.96,195.2,-595.36,151.28,444.08,980.88,985.76,1044.32,1161.44,1342,888.16
263.52,566.08,302.56,-414.8,-19.52,434.32,692.96,697.84,614.88,580.72,946.72,727.12
53.68,453.84,400.16,-253.76,-175.68,424.56,336.72,341.6,126.88,-24.4,512.4,570.96
-102.48,366,468.48,-131.76,-287.92,414.8,39.04,39.04,-273.28,-517.28,117.12,409.92
-224.48,292.8,517.28,-34.16,-370.88,405.04,-195.2,-190.32,-517.28,-814.96,-156.16,278.16
-302.56,229.36,531.92,39.04,-419.68,380.64,-341.6,-336.72,-673.44,-966.24,-336.72,180.56
-366,136.64,502.64,117.12,-434.32,317.2,-492.88,-492.88,-800.32,-1054.08,-483.12,63.44
-375.76,78.08,453.84,151.28,-414.8,263.52,-600.24,-595.36,-858.88,-1058.96,-561.2,-19.52
-336.72,87.84,424.56,126.88,-380.64,253.76,-619.76,-614.88,-805.2,-951.6,-512.4,-29.28
-302.56,112.24,414.8,97.6,-361.12,263.52,-634.4,-634.4,-751.52,-858.88,-468.48,-29.28
-283.04,122,405.04,82.96,-346.48,263.52,-629.52,-629.52,-697.84,-766.16,-409.92,-19.52
-263.52,107.36,370.88,78.08,-317.2,239.12,-610,-605.12,-644.16,-688.08,-366,-24.4
-258.64,39.04,297.68,112.24,-278.16,165.92,-551.44,-551.44,-585.6,-610,-336.72,-48.8
-204.96,4.88,209.84,102.48,-209.84,107.36,-507.52,-502.64,-527.04,-541.68,-317.2,-73.2
-156.16,-24.4,131.76,92.72,-146.4,53.68,-444.08,-439.2,-463.6,-468.48,-292.8,-102.48
-141.52,-53.68,87.84,97.6,-117.12,14.64,-366,-361.12,-380.64,-390.4,-268.4,-112.24
-117.12,-82.96,34.16,102.48,-78.08,-24.4,-307.44,-302.56,-326.96,-341.6,-253.76,-126.88
-117.12,-117.12,0,117.12,-58.56,-58.56,-273.28,-268.4,-302.56,-326.96,-268.4,-151.28
-107.36,-131.76,-24.4,122,-43.92,-78.08,-234.24,-234.24,-283.04,-322.08,-278.16,-165.92
-87.84,-141.52,-53.68,117.12,-19.52,-97.6,-204.96,-204.96,-258.64,-307.44,-278.16,-180.56
-82.96,-156.16,-73.2,122,-4.88,-117.12,-185.44,-185.44,-248.88,-312.32,-292.8,-200.08
-82.96,-161.04,-78.08,122,-4.88,-122,-170.8,-170.8,-229.36,-283.04,-287.92,-204.96
-82.96,-170.8,-87.84,126.88,0,-131.76,-165.92,-161.04,-214.72,-273.28,-278.16,-204.96
-63.44,-170.8,-107.36,117.12,19.52,-141.52,-156.16,-151.28,-200.08,-248.88,-258.64,-204.96
-43.92,-165.92,-122,107.36,39.04,-146.4,-141.52,-136.64,-180.56,-234.24,-248.88,-195.2
-43.92,-175.68,-131.76,112.24,43.92,-156.16,-112.24,-107.36,-161.04,-229.36,-234.24,-185.44
-48.8,-165.92,-117.12,107.36,34.16,-141.52,-78.08,-78.08,-141.52,-219.6,-224.48,-170.8
-53.68,-146.4,-92.72,102.48,19.52,-122,-53.68,-53.68,-122,-214.72,-219.6,-165.92
-63.44,-131.76,-68.32,97.6,0,-102.48,-39.04,-34.16,-112.24,-209.84,-214.72,-161.04
-63.44,-107.36,-43.92,87.84,-9.76,-78.08,-24.4,-24.4,-97.6,-195.2,-219.6,-165.92
-63.44,-82.96,-19.52,73.2,-24.4,-53.68,-14.64,-14.64,-82.96,-175.68,-204.96,-161.04
-73.2,-58.56,14.64,68.32,-43.92,-24.4,-9.76,-9.76,-68.32,-156.16,-195.2,-151.28
-73.2,-53.68,19.52,63.44,-48.8,-19.52,-9.76,-9.76,-53.68,-146.4,-175.68,-136.64
-68.32,-58.56,9.76,63.44,-39.04,-24.4,-19.52,-19.52,-58.56,-151.28,-170.8,-126.88
-73.2,-63.44,9.76,68.32,-43.92,-29.28,-9.76,-9.76,-53.68,-151.28,-170.8,-117.12
-78.08,-68.32,9.76,73.2,-43.92,-29.28,-29.28,-29.28,-68.32,-175.68,-180.56,-122
-92.72,-78.08,14.64,87.84,-53.68,-34.16,-39.04,-34.16,-82.96,-185.44,-180.56,-131.76
-92.72,-78.08,14.64,87.84,-53.68,-34.16,-53.68,-53.68,-92.72,-185.44,-180.56,-136.64
-97.6,-73.2,24.4,87.84,-63.44,-24.4,-68.32,-68.32,-92.72,-170.8,-175.68,-131.76
-87.84,-53.68,34.16,73.2,-63.44,-9.76,-78.08,-78.08,-92.72,-156.16,-175.68,-126.88
-78.08,-39.04,39.04,58.56,-58.56,0,-87.84,-87.84,-82.96,-146.4,-180.56,-126.88
-87.84,-43.92,43.92,68.32,-68.32,0,-73.2,-73.2,-63.44,-126.88,-156.16,-112.24
-82.96,-43.92,39.04,63.44,-63.44,-4.88,-58.56,-58.56,-58.56,-126.88,-151.28,-102.48
-73.2,-43.92,29.28,58.56,-53.68,-9.76,-53.68,-53.68,-63.44,-136.64,-156.16,-112.24
-78.08,-53.68,24.4,68.32,-53.68,-14.64,-48.8,-48.8,-63.44,-136.64,-161.04,-112.24
-82.96,-68.32,14.64,78.08,-48.8,-29.28,-53.68,-48.8,-73.2,-141.52,-165.92,-117.12
-97.6,-92.72,4.88,97.6,-53.68,-43.92,-63.44,-48.8,-73.2,-136.64,-161.04,-122
-82.96,-92.72,-9.76,87.84,-39.04,-53.68,-68.32,-58.56,-68.32,-126.88,-165.92,-131.76
-73.2,-82.96,-9.76,78.08,-34.16,-48.8,-78.08,-73.2,-68.32,-122,-156.16,-126.88
-73.2,-73.2,0,73.2,-39.04,-39.04,-68.32,-63.44,-58.56,-107.36,-146.4,-112.24
-63.44,-58.56,4.88,63.44,-34.16,-29.28,-58.56,-58.56,-58.56,-107.36,-146.4,-112.24
-53.68,-68.32,-14.64,63.44,-19.52,-43.92,-58.56,-58.56,-73.2,-117.12,-151.28,-122
-53.68,-82.96,-29.28,68.32,-14.64,-58.56,-53.68,-53.68,-78.08,-136.64,-156.16,-122
-58.56,-82.96,-24.4,73.2,-19.52,-53.68,-53.68,-53.68,-82.96,-146.4,-165.92,-126.88
-68.32,-87.84,-19.52,78.08,-24.4,-53.68,-58.56,-58.56,-87.84,-141.52,-175.68,-136.64
-68.32,-92.72,-24.4,82.96,-24.4,-58.56,-58.56,-53.68,-82.96,-131.76,-170.8,-131.76
-63.44,-97.6,-34.16,82.96,-14.64,-68.32,-63.44,-63.44,-78.08,-126.88,-170.8,-136.64
-63.44,-107.36,-43.92,87.84,-9.76,-78.08,-53.68,-48.8,-63.44,-117.12,-165.92,-131.76
-53.68,-97.6,-43.92,78.08,-4.88,-73.2,-43.92,-43.92,-53.68,-107.36,-146.4,-122
-43.92,-97.6,-53.68,73.2,4.88,-78.08,-34.16,-34.16,-53.68,-112.24,-146.4,-131.76
-53.68,-107.36,-53.68,82.96,0,-82.96,-34.16,-34.16,-63.44,-126.88,-156.16,-141.52
-53.68,-107.36,-53.68,82.96,0,-82.96,-29.28,-29.28,-63.44,-122,-156.16,-136.64
-53.68,-117.12,-63.44,87.84,4.88,-92.72,-34.16,-29.28,-68.32,-122,-170.8,-146.4
-53.68,-117.12,-63.44,87.84,4.88,-92.72,-34.16,-34.16,-58.56,-117.12,-170.8,-141.52
-43.92,-97.6,-53.68,73.2,4.88,-78.08,-34.16,-34.16,-53.68,-97.6,-170.8,-141.52
-39.04,-97.6,-58.56,68.32,9.76,-78.08,-29.28,-24.4,-39.04,-87.84,-161.04,-141.52
-29.28,-97.6,-68.32,63.44,19.52,-82.96,-19.52,-14.64,-29.28,-78.08,-141.52,-136.64
-39.04,-112.24,-73.2,78.08,14.64,-92.72,0,0,-19.52,-73.2,-136.64,-136.64
-39.04,-126.88,-87.84,82.96,24.4,-107.36,4.88,4.88,-19.52,-78.08,-141.52,-141.52
-34.16,-122,-87.84,78.08,24.4,-107.36,4.88,4.88,-24.4,-78.08,-146.4,-151.28
-48.8,-141.52,-92.72,97.6,19.52,-117.12,9.76,14.64,-29.28,-82.96,-151.28,-156.16
-43.92,-141.52,-97.6,92.72,24.4,-122,0,0,-34.16,-78.08,-165.92,-165.92
-34.16,-141.52,-107.36,87.84,34.16,-126.88,4.88,4.88,-19.52,-58.56,-151.28,-161.04
-24.4,-136.64,-112.24,82.96,43.92,-126.88,4.88,9.76,-9.76,-39.04,-141.52,-156.16
-14.64,-112.24,-97.6,63.44,39.04,-107.36,9.76,9.76,4.88,-29.28,-136.64,-151.28
-4.88,-112.24,-107.36,58.56,48.8,-112.24,24.4,24.4,19.52,-19.52,-122,-141.52
4.88,-112.24,-117.12,53.68,58.56,-117.12,24.4,29.28,9.76,-24.4,-126.88,-146.4
14.64,-107.36,-122,48.8,68.32,-117.12,34.16,34.16,4.88,-29.28,-131.76,-136.64
9.76,-107.36,-117.12,48.8,63.44,-112.24,24.4,24.4,0,-39.04,-136.64,-141.52
4.88,-112.24,-117.12,53.68,58.56,-117.12,19.52,24.4,-4.88,-34.16,-141.52,-146.4
-4.88,-117.12,-112.24,63.44,53.68,-117.12,19.52,19.52,0,-29.28,-136.64,-141.52
4.88,-117.12,-122,58.56,63.44,-122,9.76,14.64,4.88,-24.4,-136.64,-141.52
24.4,-102.48,-126.88,39.04,73.2,-117.12,19.52,19.52,9.76,-14.64,-117.12,-126.88
29.28,-92.72,-122,34.16,73.2,-107.36,14.64,14.64,4.88,-14.64,-112.24,-122
34.16,-82.96,-117.12,24.4,73.2,-102.48,24.4,24.4,4.88,-24.4,-117.12,-122
29.28,-73.2,-102.48,24.4,63.44,-87.84,29.28,29.28,4.88,-24.4,-122,-117.12
19.52,-78.08,-97.6,29.28,58.56,-87.84,24.4,29.28,-4.88,-39.04,-126.88,-117.12
29.28,-73.2,-102.48,24.4,63.44,-87.84,14.64,14.64,-14.64,-53.68,-136.64,-126.88
34.16,-58.56,-92.72,14.64,63.44,-78.08,4.88,4.88,-14.64,-53.68,-136.64,-122
48.8,-48.8,-97.6,0,73.2,-73.2,-9.76,-9.76,-24.4,-58.56,-136.64,-126.88
58.56,-43.92,-102.48,-4.88,78.08,-73.2,-9.76,-9.76,-19.52,-53.68,-131.76,-122
53.68,-53.68,-107.36,0,78.08,-82.96,-4.88,-4.88,-19.52,-48.8,-122,-112.24
53.68,-53.68,-107.36,0,78.08,-82.96,0,-4.88,-19.52,-53.68,-112.24,-102.48
63.44,-53.68,-117.12,-4.88,87.84,-87.84,0,0,-19.52,-58.56,-112.24,-92.72
48.8,-63.44,-112.24,9.76,78.08,-87.84,-4.88,-4.88,-24.4,-63.44,-107.36,-92.72
43.92,-73.2,-117.12,14.64,78.08,-97.6,-9.76,0,-34.16,-73.2,-112.24,-92.72
43.92,-63.44,-107.36,9.76,73.2,-87.84,-19.52,-24.4,-48.8,-73.2,-117.12,-92.72
39.04,-53.68,-92.72,9.76,63.44,-73.2,-24.4,-29.28,-48.8,-63.44,-102.48,-82.96
53.68,-34.16,-87.84,-9.76,68.32,-63.44,-19.52,-24.4,-43.92,-48.8,-92.72,-68.32
68.32,-29.28,-97.6,-19.52,82.96,-63.44,-29.28,-34.16,-43.92,-39.04,-82.96,-68.32
78.08,-24.4,-102.48,-24.4,87.84,-63.44,-29.28,-34.16,-43.92,-43.92,-78.08,-63.44
63.44,-24.4,-87.84,-19.52,73.2,-58.56,-29.28,-29.28,-48.8,-53.68,-73.2,-53.68
53.68,-34.16,-87.84,-9.76,68.32,-63.44,-29.28,-29.28,-48.8,-58.56,-73.2,-53.68
48.8,-34.16,-82.96,-4.88,63.44,-58.56,-29.28,-34.16,-53.68,-68.32,-78.08,-53.68
34.16,-39.04,-73.2,4.88,53.68,-58.56,-43.92,-43.92,-63.44,-68.32,-78.08,-58.56
34.16,-48.8,-82.96,9.76,58.56,-68.32,-48.8,-48.8,-63.44,-63.44,-73.2,-58.56
48.8,-39.04,-87.84,-4.88,68.32,-63.44,-53.68,-53.68,-58.56,-58.56,-68.32,-58.56
43.92,-29.28,-73.2,-4.88,58.56,-53.68,-43.92,-43.92,-48.8,-43.92,-53.68,-48.8
48.8,-9.76,-58.56,-19.52,53.68,-34.16,-43.92,-48.8,-48.8,-43.92,-53.68,-34.16
29.28,4.88,-24.4,-14.64,24.4,-9.76,-24.4,-24.4,-34.16,-39.04,-43.92,-24.4
19.52,-4.88,-24.4,-4.88,19.52,-14.64,-29.28,-29.28,-39.04,-58.56,-43.92,-34.16
19.52,-4.88,-24.4,-4.88,19.52,-14.64,-29.28,-29.28,-43.92,-58.56,-48.8,-34.16
9.76,-4.88,-14.64,0,9.76,-9.76,-39.04,-34.16,-48.8,-63.44,-53.68,-29.28
-4.88,-14.64,-9.76,9.76,0,-14.64,-43.92,-39.04,-53.68,-68.32,-58.56,-39.04
0,-14.64,-14.64,9.76,4.88,-14.64,-48.8,-48.8,-53.68,-58.56,-53.68,-39.04
-4.88,-29.28,-24.4,19.52,9.76,-29.28,-48.8,-53.68,-53.68,-53.68,-53.68,-34.16
-4.88,-24.4,-19.52,14.64,4.88,-24.4,-39.04,-39.04,-39.04,-48.8,-34.16,-24.4
-4.88,-19.52,-14.64,14.64,4.88,-19.52,-29.28,-29.28,-34.16,-43.92,-29.28,-19.52
-4.88,-24.4,-19.52,14.64,4.88,-24.4,-34.16,-29.28,-39.04,-58.56,-39.04,-29.28
-14.64,-14.64,0,14.64,-9.76,-9.76,-29.28,-29.28,-39.04,-53.68,-39.04,-29.28
-29.28,-24.4,4.88,29.28,-19.52,-9.76,-34.16,-34.16,-53.68,-73.2,-53.68,-29.28
-24.4,-29.28,-4.88,29.28,-9.76,-19.52,-39.04,-43.92,-53.68,-73.2,-53.68,-39.04
-9.76,-9.76,0,9.76,-4.88,-4.88,-53.68,-53.68,-58.56,-73.2,-58.56,-48.8
-9.76,-14.64,-4.88,14.64,-4.88,-9.76,-48.8,-48.8,-48.8,-58.56,-53.68,-39.04
-4.88,-14.64,-9.76,9.76,0,-14.64,-48.8,-48.8,-53.68,-58.56,-48.8,-43.92
-19.52,-24.4,-4.88,24.4,-9.76,-14.64,-29.28,-34.16,-39.04,-53.68,-39.04,-29.28
-29.28,-43.92,-14.64,39.04,-9.76,-29.28,-24.4,-29.28,-39.04,-53.68,-29.28,-24.4
-29.28,-39.04,-9.76,34.16,-9.76,-24.4,-29.28,-29.28,-48.8,-58.56,-39.04,-24.4
-34.16,-39.04,-4.88,39.04,-14.64,-24.4,-34.16,-34.16,-53.68,-73.2,-58.56,-39.04
-39.04,-53.68,-14.64,48.8,-14.64,-34.16,-34.16,-34.16,-53.68,-63.44,-53.68,-34.16
-39.04,-48.8,-9.76,43.92,-14.64,-29.28,-43.92,-43.92,-58.56,-58.56,-53.68,-39.04
-39.04,-39.04,0,39.04,-19.52,-19.52,-39.04,-34.16,-48.8,-58.56,-48.8,-24.4
-24.4,-29.28,-4.88,29.28,-9.76,-19.52,-34.16,-34.16,-48.8,-48.8,-48.8,-24.4
-9.76,-14.64,-4.88,14.64,-4.88,-9.76,-39.04,-39.04,-43.92,-53.68,-43.92,-24.4
-14.64,-24.4,-9.76,19.52,-4.88,-19.52,-24.4,-29.28,-43.92,-53.68,-39.04,-19.52
-29.28,-29.28,0,29.28,-14.64,-14.64,-29.28,-29.28,-39.04,-53.68,-43.92,-24.4
-43.92,-58.56,-14.64,53.68,-14.64,-39.04,-24.4,-24.4,-43.92,-58.56,-43.92,-24.4
-48.8,-63.44,-14.64,58.56,-19.52,-39.04,-24.4,-29.28,-48.8,-58.56,-48.8,-29.28
-48.8,-48.8,0,48.8,-24.4,-24.4,-29.28,-34.16,-53.68,-58.56,-48.8,-29.28
-39.04,-48.8,-9.76,43.92,-14.64,-29.28,-39.04,-39.04,-53.68,-63.44,-48.8,-29.28
-34.16,-43.92,-9.76,39.04,-14.64,-29.28,-43.92,-43.92,-58.56,-58.56,-48.8,-29.28
-29.28,-34.16,-4.88,34.16,-14.64,-19.52,-39.04,-39.04,-48.8,-53.68,-39.04,-29.28
-19.52,-34.16,-14.64,29.28,-4.88,-24.4,-39.04,-39.04,-48.8,-58.56,-39.04,-24.4
-39.04,-29.28,9.76,34.16,-24.4,-9.76,-29.28,-29.28,-43.92,-53.68,-34.16,-14.64
-39.04,-34.16,4.88,39.04,-24.4,-14.64,-24.4,-29.28,-43.92,-53.68,-39.04,-14.64
-29.28,-34.16,-4.88,34.16,-14.64,-19.52,-34.16,-34.16,-58.56,-68.32,-48.8,-29.28
-29.28,-24.4,4.88,29.28,-19.52,-9.76,-43.92,-39.04,-53.68,-58.56,-43.92,-29.28
-24.4,-19.52,4.88,24.4,-14.64,-9.76,-43.92,-43.92,-48.8,-53.68,-43.92,-24.4
-24.4,-19.52,4.88,24.4,-14.64,-9.76,-43.92,-43.92,-43.92,-43.92,-34.16,-14.64
-29.28,-14.64,14.64,24.4,-24.4,0,-48.8,-48.8,-43.92,-43.92,-29.28,-14.64
-14.64,-14.64,0,14.64,-9.76,-9.76,-34.16,-34.16,-39.04,-43.92,-24.4,-4.88
-4.88,-9.76,-4.88,9.76,0,-9.76,-29.28,-29.28,-34.16,-43.92,-19.52,0
-14.64,-9.76,4.88,14.64,-9.76,-4.88,-34.16,-34.16,-43.92,-53.68,-29.28,-4.88
-19.52,-9.76,9.76,14.64,-14.64,0,-29.28,-29.28,-39.04,-48.8,-29.28,0
-34.16,-4.88,29.28,19.52,-34.16,9.76,-29.28,-34.16,-39.04,-39.04,-29.28,-4.88
-34.16,-4.88,29.28,19.52,-34.16,9.76,-39.04,-43.92,-39.04,-43.92,-29.28,-9.76
-19.52,0,19.52,9.76,-19.52,9.76,-39.04,-39.04,-29.28,-29.28,-14.64,4.88
-14.64,14.64,29.28,0,-24.4,19.52,-29.28,-29.28,-19.52,-14.64,-9.76,9.76
-19.52,14.64,34.16,4.88,-29.28,24.4,-24.4,-24.4,-9.76,-9.76,-4.88,0
-19.52,19.52,39.04,0,-29.28,29.28,9.76,4.88,19.52,9.76,-4.88,4.88
-14.64,24.4,39.04,-4.88,-29.28,29.28,58.56,58.56,68.32,43.92,9.76,9.76
34.16,43.92,9.76,-39.04,9.76,24.4,107.36,107.36,136.64,136.64,53.68,24.4
73.2,82.96,9.76,-78.08,29.28,43.92,180.56,175.68,244,263.52,136.64,53.68
97.6,122,24.4,-107.36,34.16,73.2,253.76,253.76,370.88,424.56,253.76,112.24
146.4,165.92,19.52,-156.16,63.44,92.72,336.72,336.72,512.4,634.4,405.04,170.8
229.36,239.12,9.76,-234.24,107.36,122,419.68,414.8,663.68,834.48,575.84,253.76
322.08,317.2,-4.88,-317.2,161.04,156.16,492.88,488,800.32,1049.2,780.8,375.76
419.68,448.96,29.28,-434.32,195.2,239.12,551.44,546.56,927.2,1263.92,1034.56,541.68
536.8,610,73.2,-570.96,229.36,341.6,610,610,1093.12,1517.68,1342,741.76
673.44,785.68,112.24,-727.12,278.16,448.96,658.8,663.68,1259.04,1805.6,1693.36,956.48
771.04,936.96,165.92,-854,302.56,551.44,771.04,771.04,1454.24,2064.24,1986.16,1146.8
834.48,1054.08,219.6,-941.84,307.44,634.4,927.2,932.08,1644.56,2254.56,2196,1288.32
854,1137.04,283.04,-995.52,283.04,707.6,1019.92,1019.92,1678.72,2249.68,2244.8,1361.52
810.08,1088.24,278.16,-946.72,263.52,683.2,1034.56,1034.56,1551.84,2039.84,2083.76,1307.84
717.36,878.4,161.04,-795.44,278.16,517.28,1098,1098,1371.28,1703.12,1761.68,1107.76
541.68,658.8,117.12,-600.24,209.84,385.52,1083.36,1083.36,1102.88,1229.76,1337.12,868.64
317.2,527.04,209.84,-419.68,53.68,366,839.36,839.36,717.36,683.2,941.84,712.48
107.36,444.08,336.72,-273.28,-117.12,390.4,448.96,444.08,224.48,82.96,527.04,561.2
-78.08,366,444.08,-141.52,-263.52,405.04,107.36,102.48,-190.32,-419.68,146.4,400.16
-229.36,292.8,522.16,-29.28,-375.76,405.04,-146.4,-151.28,-458.72,-732,-122,287.92
-317.2,229.36,546.56,43.92,-434.32,385.52,-317.2,-317.2,-614.88,-902.8,-292.8,190.32
-370.88,165.92,536.8,102.48,-453.84,351.36,-463.6,-468.48,-751.52,-1000.4,-434.32,87.84
-409.92,82.96,492.88,165.92,-453.84,287.92,-585.6,-590.48,-834.48,-1024.8,-522.16,-4.88
-380.64,73.2,453.84,156.16,-419.68,263.52,-629.52,-629.52,-795.44,-951.6,-492.88,-29.28
-361.12,68.32,429.44,146.4,-395.28,248.88,-619.76,-619.76,-741.76,-849.12,-434.32,-24.4
-326.96,78.08,405.04,126.88,-366,239.12,-614.88,-619.76,-673.44,-756.4,-370.88,-9.76
-287.92,78.08,366,107.36,-326.96,219.6,-595.36,-600.24,-624.64,-673.44,-331.84,-4.88
-258.64,39.04,297.68,112.24,-278.16,165.92,-556.32,-556.32,-575.84,-614.88,-312.32,-29.28
-219.6,14.64,234.24,102.48,-229.36,122,-507.52,-507.52,-517.28,-536.8,-292.8,-48.8
-190.32,-24.4,165.92,107.36,-180.56,68.32,-448.96,-448.96,-458.72,-463.6,-273.28,-73.2
-161.04,-63.44,97.6,112.24,-131.76,14.64,-385.52,-385.52,-390.4,-405.04,-263.52,-107.36
-141.52,-78.08,63.44,112.24,-102.48,-9.76,-317.2,-322.08,-322.08,-346.48,-244,-117.12
-126.88,-112.24,14.64,122,-73.2,-48.8,-278.16,-278.16,-307.44,-331.84,-253.76,-146.4
-117.12,-141.52,-24.4,131.76,-48.8,-82.96,-244,-239.12,-287.92,-331.84,-258.64,-161.04
-107.36,-161.04,-53.68,136.64,-29.28,-107.36,-209.84,-204.96,-258.64,-317.2,-258.64,-165.92
-112.24,-185.44,-73.2,151.28,-19.52,-131.76,-175.68,-180.56,-244,-312.32,-253.76,-170.8
-117.12,-190.32,-73.2,156.16,-24.4,-131.76,-161.04,-165.92,-224.48,-292.8,-253.76,-175.68
-97.6,-190.32,-92.72,146.4,-4.88,-141.52,-161.04,-161.04,-219.6,-283.04,-248.88,-180.56
-82.96,-190.32,-107.36,136.64,9.76,-151.28,-161.04,-161.04,-209.84,-273.28,-239.12,-185.44
-68.32,-185.44,-117.12,126.88,24.4,-151.28,-136.64,-136.64,-180.56,-248.88,-224.48,-180.56
-53.68,-165.92,-112.24,112.24,29.28,-141.52,-117.12,-117.12,-170.8,-244,-219.6,-180.56
-53.68,-151.28,-97.6,102.48,19.52,-126.88,-82.96,-82.96,-146.4,-224.48,-204.96,-156.16
-58.56,-126.88,-68.32,92.72,4.88,-97.6,-53.68,-58.56,-122,-219.6,-195.2,-146.4
-63.44,-122,-58.56,92.72,-4.88,-92.72,-39.04,-39.04,-117.12,-219.6,-200.08,-151.28
-73.2,-117.12,-43.92,97.6,-14.64,-82.96,-24.4,-29.28,-102.48,-209.84,-195.2,-151.28
-97.6,-107.36,-9.76,102.48,-43.92,-58.56,-14.64,-19.52,-87.84,-190.32,-180.56,-141.52
-97.6,-92.72,4.88,97.6,-53.68,-43.92,-14.64,-9.76,-68.32,-170.8,-165.92,-126.88
-87.84,-73.2,14.64,82.96,-53.68,-29.28,-19.52,-14.64,-68.32,-156.16,-156.16,-122
-92.72,-73.2,19.52,82.96,-58.56,-29.28,-29.28,-24.4,-68.32,-161.04,-146.4,-117.12
-92.72,-73.2,19.52,82.96,-58.56,-29.28,-24.4,-24.4,-68.32,-170.8,-141.52,-112.24
-92.72,-63.44,29.28,78.08,-63.44,-19.52,-34.16,-34.16,-78.08,-180.56,-161.04,-117.12
-102.48,-63.44,39.04,82.96,-73.2,-14.64,-39.04,-34.16,-73.2,-180.56,-161.04,-107.36
-97.6,-53.68,43.92,78.08,-73.2,-4.88,-48.8,-53.68,-87.84,-185.44,-170.8,-117.12
-107.36,-53.68,53.68,82.96,-82.96,0,-78.08,-78.08,-87.84,-170.8,-165.92,-117.12
-107.36,-53.68,53.68,82.96,-82.96,0,-82.96,-82.96,-82.96,-161.04,-165.92,-112.24
-92.72,-43.92,48.8,68.32,-73.2,0,-82.96,-87.84,-73.2,-146.4,-151.28,-107.36
-92.72,-43.92,48.8,68.32,-73.2,0,-82.96,-87.84,-68.32,-131.76,-136.64,-102.48
-92.72,-53.68,39.04,73.2,-68.32,-9.76,-78.08,-78.08,-63.44,-141.52,-136.64,-92.72
-82.96,-53.68,29.28,68.32,-58.56,-14.64,-63.44,-63.44,-53.68,-136.64,-131.76,-97.6
-102.48,-68.32,34.16,87.84,-68.32,-19.52,-53.68,-58.56,-63.44,-146.4,-141.52,-102.48
-107.36,-78.08,29.28,92.72,-68.32,-24.4,-53.68,-53.68,-68.32,-151.28,-151.28,-107.36
-102.48,-78.08,24.4,92.72,-63.44,-29.28,-63.44,-63.44,-73.2,-146.4,-156.16,-117.12
-97.6,-68.32,29.28,82.96,-63.44,-19.52,-73.2,-73.2,-82.96,-136.64,-156.16,-112.24
-82.96,-58.56,24.4,73.2,-53.68,-19.52,-73.2,-78.08,-73.2,-126.88,-146.4,-112.24
-78.08,-68.32,9.76,73.2,-43.92,-29.28,-78.08,-78.08,-68.32,-117.12,-136.64,-112.24
-63.44,-58.56,4.88,63.44,-34.16,-29.28,-63.44,-68.32,-68.32,-122,-131.76,-107.36
-58.56,-63.44,-4.88,63.44,-29.28,-34.16,-53.68,-53.68,-68.32,-122,-131.76,-107.36
-63.44,-78.08,-14.64,73.2,-24.4,-48.8,-48.8,-48.8,-73.2,-122,-136.64,-102.48
-68.32,-82.96,-14.64,78.08,-29.28,-48.8,-58.56,-53.68,-87.84,-136.64,-151.28,-117.12
-78.08,-97.6,-19.52,87.84,-29.28,-58.56,-63.44,-58.56,-92.72,-141.52,-161.04,-131.76
-78.08,-102.48,-24.4,92.72,-29.28,-63.44,-68.32,-68.32,-92.72,-136.64,-161.04,-136.64
-63.44,-97.6,-34.16,82.96,-14.64,-68.32,-68.32,-63.44,-82.96,-112.24,-156.16,-131.76
-68.32,-107.36,-39.04,87.84,-14.64,-73.2,-63.44,-58.56,-68.32,-107.36,-146.4,-131.76
-53.68,-107.36,-53.68,82.96,0,-82.96,-53.68,-48.8,-53.68,-97.6,-126.88,-122
-48.8,-107.36,-58.56,78.08,4.88,-82.96,-39.04,-39.04,-53.68,-87.84,-131.76,-122
-53.68,-112.24,-58.56,82.96,0,-87.84,-34.16,-29.28,-48.8,-92.72,-131.76,-117.12
-53.68,-102.48,-48.8,78.08,-4.88,-78.08,-29.28,-29.28,-53.68,-92.72,-136.64,-117.12
-58.56,-117.12,-58.56,87.84,0,-87.84,-34.16,-29.28,-63.44,-107.36,-156.16,-131.76
-58.56,-122,-63.44,92.72,0,-92.72,-39.04,-39.04,-63.44,-97.6,-156.16,-136.64
-63.44,-117.12,-53.68,92.72,-4.88,-87.84,-34.16,-29.28,-53.68,-82.96,-151.28,-141.52
-73.2,-122,-48.8,97.6,-14.64,-87.84,-29.28,-24.4,-43.92,-73.2,-141.52,-141.52
-63.44,-112.24,-48.8,87.84,-9.76,-82.96,-24.4,-24.4,-34.16,-58.56,-131.76,-131.76
-34.16,-112.24,-78.08,73.2,19.52,-97.6,-14.64,-19.52,-34.16,-63.44,-131.76,-136.64
-29.28,-126.88,-97.6,78.08,34.16,-112.24,-9.76,-9.76,-39.04,-73.2,-126.88,-136.64
-34.16,-136.64,-102.48,87.84,34.16,-122,0,4.88,-34.16,-68.32,-136.64,-136.64
-43.92,-146.4,-102.48,97.6,29.28,-126.88,4.88,4.88,-29.28,-68.32,-141.52,-136.64
-34.16,-141.52,-107.36,87.84,34.16,-126.88,0,4.88,-29.28,-53.68,-151.28,-141.52
-19.52,-131.76,-112.24,78.08,43.92,-122,-4.88,0,-29.28,-48.8,-151.28,-146.4
-9.76,-126.88,-117.12,68.32,53.68,-122,-9.76,-4.88,-24.4,-43.92,-146.4,-151.28
0,-112.24,-112.24,58.56,53.68,-112.24,4.88,4.88,0,-14.64,-126.88,-141.52
0,-92.72,-92.72,48.8,43.92,-92.72,14.64,14.64,4.88,-14.64,-122,-131.76
-4.88,-97.6,-92.72,53.68,43.92,-97.6,24.4,24.4,9.76,-14.64,-117.12,-126.88
0,-97.6,-97.6,48.8,48.8,-97.6,24.4,29.28,4.88,-19.52,-117.12,-126.88
0,-117.12,-117.12,58.56,58.56,-117.12,24.4,24.4,-4.88,-39.04,-126.88,-131.76
0,-126.88,-126.88,63.44,63.44,-126.88,14.64,19.52,-19.52,-39.04,-141.52,-141.52
9.76,-122,-131.76,58.56,68.32,-126.88,9.76,9.76,-19.52,-34.16,-131.76,-136.64
19.52,-117.12,-136.64,48.8,78.08,-126.88,4.88,4.88,-9.76,-24.4,-122,-126.88
29.28,-87.84,-117.12,29.28,73.2,-102.48,9.76,9.76,0,-14.64,-117.12,-117.12
39.04,-78.08,-117.12,19.52,78.08,-97.6,9.76,14.64,4.88,-9.76,-107.36,-112.24
39.04,-73.2,-112.24,19.52,73.2,-92.72,19.52,24.4,9.76,-9.76,-107.36,-112.24
43.92,-63.44,-107.36,9.76,73.2,-87.84,24.4,29.28,9.76,-19.52,-102.48,-102.48
39.04,-58.56,-97.6,9.76,68.32,-78.08,19.52,24.4,-4.88,-29.28,-112.24,-107.36
39.04,-68.32,-107.36,14.64,73.2,-87.84,14.64,19.52,-19.52,-48.8,-126.88,-112.24
34.16,-78.08,-112.24,24.4,73.2,-97.6,4.88,4.88,-24.4,-43.92,-126.88,-112.24
24.4,-82.96,-107.36,29.28,63.44,-97.6,-4.88,-4.88,-24.4,-39.04,-122,-112.24
43.92,-78.08,-122,19.52,82.96,-102.48,0,0,-19.52,-34.16,-117.12,-92.72
48.8,-68.32,-117.12,9.76,82.96,-92.72,-9.76,0,-9.76,-29.28,-102.48,-82.96
43.92,-73.2,-117.12,14.64,78.08,-97.6,-4.88,4.88,-9.76,-34.16,-102.48,-82.96
53.68,-63.44,-117.12,4.88,82.96,-92.72,0,4.88,-19.52,-43.92,-102.48,-73.2
58.56,-58.56,-117.12,0,87.84,-87.84,-9.76,-4.88,-29.28,-53.68,-107.36,-73.2
58.56,-48.8,-107.36,-4.88,82.96,-78.08,-9.76,-9.76,-34.16,-58.56,-107.36,-68.32
68.32,-43.92,-112.24,-9.76,87.84,-78.08,-19.52,-19.52,-39.04,-53.68,-107.36,-78.08
63.44,-43.92,-107.36,-9.76,82.96,-78.08,-34.16,-29.28,-43.92,-48.8,-102.48,-78.08
73.2,-39.04,-112.24,-14.64,92.72,-78.08,-39.04,-34.16,-43.92,-48.8,-92.72,-73.2
68.32,-48.8,-117.12,-9.76,92.72,-82.96,-39.04,-34.16,-39.04,-43.92,-78.08,-58.56
68.32,-43.92,-112.24,-9.76,87.84,-78.08,-34.16,-29.28,-34.16,-39.04,-63.44,-48.8
73.2,-39.04,-112.24,-14.64,92.72,-78.08,-24.4,-19.52,-34.16,-39.04,-58.56,-39.04
63.44,-43.92,-107.36,-9.76,82.96,-78.08,-29.28,-24.4,-39.04,-48.8,-58.56,-39.04
58.56,-48.8,-107.36,-4.88,82.96,-78.08,-34.16,-24.4,-43.92,-58.56,-58.56,-34.16
43.92,-39.04,-82.96,0,63.44,-63.44,-39.04,-34.16,-53.68,-58.56,-68.32,-43.92
39.04,-39.04,-78.08,0,58.56,-58.56,-48.8,-43.92,-53.68,-53.68,-73.2,-43.92
48.8,-24.4,-73.2,-9.76,58.56,-48.8,-48.8,-48.8,-48.8,-43.92,-63.44,-39.04
53.68,-14.64,-68.32,-19.52,58.56,-43.92,-48.8,-48.8,-39.04,-34.16,-63.44,-39.04
58.56,-4.88,-63.44,-24.4,58.56,-34.16,-39.04,-34.16,-29.28,-29.28,-43.92,-19.52
48.8,0,-48.8,-24.4,48.8,-24.4,-29.28,-24.4,-29.28,-34.16,-39.04,-14.64
29.28,-9.76,-39.04,-9.76,34.16,-24.4,-29.28,-29.28,-24.4,-43.92,-43.92,-19.52
24.4,-9.76,-34.16,-4.88,29.28,-24.4,-34.16,-29.28,-29.28,-48.8,-48.8,-29.28
9.76,-19.52,-29.28,4.88,19.52,-24.4,-34.16,-24.4,-39.04,-53.68,-53.68,-29.28
-9.76,-29.28,-19.52,19.52,4.88,-24.4,-39.04,-34.16,-39.04,-58.56,-58.56,-34.16
-14.64,-19.52,-4.88,19.52,-4.88,-14.64,-43.92,-39.04,-39.04,-53.68,-53.68,-34.16
-4.88,-14.64,-9.76,9.76,0,-14.64,-43.92,-39.04,-39.04,-43.92,-48.8,-24.4
14.64,-4.88,-19.52,-4.88,14.64,-14.64,-48.8,-39.04,-29.28,-39.04,-43.92,-24.4
9.76,9.76,0,-9.76,4.88,4.88,-43.92,-34.16,-34.16,-43.92,-48.8,-24.4
4.88,0,-4.88,0,4.88,-4.88,-43.92,-34.16,-39.04,-63.44,-43.92,-24.4
4.88,0,-4.88,0,4.88,-4.88,-43.92,-29.28,-43.92,-68.32,-53.68,-24.4
-4.88,0,4.88,4.88,-4.88,0,-39.04,-29.28,-43.92,-68.32,-58.56,-29.28
-14.64,-14.64,0,14.64,-9.76,-9.76,-53.68,-43.92,-53.68,-73.2,-63.44,-39.04
-24.4,-14.64,9.76,19.52,-19.52,-4.88,-53.68,-43.92,-48.8,-63.44,-58.56,-34.16
-24.4,-19.52,4.88,24.4,-14.64,-9.76,-58.56,-48.8,-53.68,-68.32,-58.56,-39.04
-9.76,-14.64,-4.88,14.64,-4.88,-9.76,-58.56,-53.68,-43.92,-58.56,-48.8,-34.16
-4.88,0,4.88,4.88,-4.88,0,-53.68,-48.8,-43.92,-63.44,-48.8,-24.4
-24.4,-14.64,9.76,19.52,-19.52,-4.88,-43.92,-39.04,-39.04,-63.44,-43.92,-29.28
-29.28,-19.52,9.76,24.4,-19.52,-4.88,-43.92,-34.16,-39.04,-68.32,-43.92,-29.28
-34.16,-24.4,9.76,29.28,-24.4,-9.76,-43.92,-39.04,-48.8,-78.08,-53.68,-29.28
-39.04,-34.16,4.88,39.04,-24.4,-14.64,-39.04,-34.16,-48.8,-78.08,-53.68,-29.28
-29.28,-24.4,4.88,29.28,-19.52,-9.76,-53.68,-43.92,-53.68,-68.32,-58.56,-34.16
-24.4,-19.52,4.88,24.4,-14.64,-9.76,-53.68,-53.68,-53.68,-63.44,-63.44,-43.92
-19.52,-24.4,-4.88,24.4,-9.76,-14.64,-48.8,-48.8,-43.92,-53.68,-53.68,-39.04
-14.64,-14.64,0,14.64,-9.76,-9.76,-48.8,-43.92,-43.92,-58.56,-53.68,-39.04
-14.64,-19.52,-4.88,19.52,-4.88,-14.64,-43.92,-39.04,-43.92,-58.56,-53.68,-34.16
-19.52,-19.52,0,19.52,-9.76,-9.76,-39.04,-34.16,-48.8,-63.44,-63.44,-39.04
-24.4,-24.4,0,24.4,-14.64,-14.64,-39.04,-34.16,-48.8,-68.32,-58.56,-34.16
-43.92,-48.8,-4.88,48.8,-19.52,-29.28,-34.16,-24.4,-53.68,-73.2,-63.44,-39.04
-43.92,-53.68,-9.76,48.8,-19.52,-34.16,-39.04,-34.16,-53.68,-73.2,-58.56,-39.04
-39.04,-48.8,-9.76,43.92,-14.64,-29.28,-48.8,-39.04,-53.68,-63.44,-58.56,-29.28
-34.16,-43.92,-9.76,39.04,-14.64,-29.28,-43.92,-34.16,-39.04,-53.68,-48.8,-24.4
-19.52,-29.28,-9.76,24.4,-4.88,-19.52,-39.04,-34.16,-34.16,-48.8,-43.92,-24.4
-19.52,-29.28,-9.76,24.4,-4.88,-19.52,-34.16,-29.28,-34.16,-53.68,-43.92,-24.4
-19.52,-24.4,-4.88,24.4,-9.76,-14.64,-29.28,-29.28,-39.04,-58.56,-48.8,-19.52
-19.52,-9.76,9.76,14.64,-14.64,0,-39.04,-29.28,-48.8,-58.56,-58.56,-29.28
-29.28,-19.52,9.76,24.4,-19.52,-4.88,-39.04,-29.28,-48.8,-68.32,-53.68,-24.4
-24.4,-24.4,0,24.4,-14.64,-14.64,-43.92,-29.28,-43.92,-68.32,-58.56,-29.28
-19.52,-29.28,-9.76,24.4,-4.88,-19.52,-58.56,-48.8,-58.56,-73.2,-63.44,-39.04
-19.52,-34.16,-14.64,29.28,-4.88,-24.4,-48.8,-43.92,-43.92,-68.32,-58.56,-34.16
-19.52,-29.28,-9.76,24.4,-4.88,-19.52,-43.92,-39.04,-34.16,-48.8,-48.8,-19.52
-14.64,-24.4,-9.76,19.52,-4.88,-19.52,-39.04,-34.16,-24.4,-43.92,-39.04,-9.76
-4.88,-19.52,-14.64,14.64,4.88,-19.52,-29.28,-24.4,-24.4,-43.92,-34.16,0
-14.64,-19.52,-4.88,19.52,-4.88,-14.64,-34.16,-24.4,-29.28,-43.92,-39.04,-4.88
-19.52,-24.4,-4.88,24.4,-9.76,-14.64,-34.16,-24.4,-29.28,-43.92,-39.04,-4.88
-19.52,-14.64,4.88,19.52,-14.64,-4.88,-34.16,-29.28,-34.16,-43.92,-43.92,-9.76
-19.52,-9.76,9.76,14.64,-14.64,0,-43.92,-39.04,-39.04,-43.92,-43.92,-19.52
-19.52,-9.76,9.76,14.64,-14.64,0,-39.04,-34.16,-34.16,-39.04,-39.04,-14.64
-14.64,-4.88,9.76,9.76,-14.64,0,-39.04,-34.16,-24.4,-29.28,-39.04,-14.64
-19.52,-19.52,0,19.52,-9.76,-9.76,-14.64,-9.76,4.88,-19.52,-24.4,-4.88
-9.76,-4.88,4.88,9.76,-9.76,0,24.4,29.28,39.04,9.76,-24.4,-4.88
9.76,4.88,-4.88,-4.88,4.88,0,73.2,78.08,102.48,68.32,9.76,4.88
43.92,24.4,-19.52,-34.16,29.28,0,131.76,136.64,175.68,161.04,63.44,24.4
82.96,63.44,-19.52,-73.2,48.8,19.52,204.96,204.96,283.04,287.92,151.28,68.32
117.12,112.24,-4.88,-112.24,58.56,53.68,283.04,287.92,414.8,468.48,287.92,126.88
180.56,175.68,-4.88,-175.68,92.72,82.96,361.12,366,551.44,668.56,429.44,190.32
273.28,244,-29.28,-258.64,151.28,107.36,439.2,444.08,683.2,863.76,595.36,278.16
366,346.48,-19.52,-356.24,190.32,161.04,497.76,497.76,814.96,1068.72,810.08,405.04
468.48,488,19.52,-478.24,224.48,253.76,551.44,566.08,956.48,1293.2,1088.24,575.84
610,639.28,29.28,-624.64,287.92,331.84,619.76,624.64,1122.4,1571.36,1410.32,790.56
756.4,800.32,43.92,-775.92,356.24,419.68,702.72,712.48,1307.84,1854.4,1747.04,1005.28
854,946.72,92.72,-897.92,380.64,517.28,854,854,1507.92,2093.52,2000.8,1171.2
883.28,1049.2,165.92,-966.24,356.24,605.12,1019.92,1024.8,1668.96,2225.28,2152.08,1293.2
868.64,1083.36,214.72,-976,326.96,649.04,1088.24,1093.12,1649.44,2147.2,2132.56,1332.24
814.96,976,161.04,-893.04,326.96,566.08,1117.52,1127.28,1498.16,1898.32,1903.2,1210.24
697.84,751.52,53.68,-722.24,322.08,400.16,1166.32,1171.2,1298.08,1517.68,1507.92,961.36
492.88,575.84,82.96,-531.92,204.96,326.96,1093.12,1098,1024.8,1044.32,1107.76,751.52
258.64,478.24,219.6,-366,19.52,346.48,766.16,766.16,605.12,497.76,741.76,619.76
39.04,395.28,356.24,-214.72,-161.04,375.76,370.88,380.64,131.76,-68.32,341.6,463.6
-131.76,322.08,453.84,-92.72,-292.8,385.52,53.68,58.56,-219.6,-483.12,29.28,346.48
-263.52,253.76,517.28,4.88,-390.4,385.52,-180.56,-175.68,-448.96,-736.88,-185.44,244
-356.24,175.68,531.92,92.72,-444.08,351.36,-331.84,-326.96,-585.6,-873.52,-326.96,156.16
-434.32,78.08,512.4,180.56,-473.36,292.8,-483.12,-478.24,-717.36,-956.48,-453.84,48.8
-439.2,4.88,444.08,219.6,-444.08,224.48,-580.72,-580.72,-771.04,-961.36,-497.76,-29.28
-395.28,9.76,405.04,195.2,-400.16,204.96,-600.24,-595.36,-712.48,-868.64,-444.08,-19.52
-356.24,29.28,385.52,165.92,-370.88,204.96,-590.48,-590.48,-658.8,-771.04,-385.52,-9.76
-307.44,53.68,361.12,126.88,-336.72,204.96,-585.6,-585.6,-600.24,-688.08,-331.84,4.88
-283.04,43.92,326.96,122,-307.44,185.44,-566.08,-561.2,-561.2,-629.52,-307.44,-9.76
-253.76,0,253.76,126.88,-253.76,126.88,-522.16,-522.16,-527.04,-575.84,-307.44,-43.92
-204.96,-39.04,165.92,122,-185.44,63.44,-478.24,-478.24,-463.6,-507.52,-292.8,-68.32
-165.92,-68.32,97.6,117.12,-131.76,14.64,-419.68,-419.68,-414.8,-439.2,-283.04,-102.48
-136.64,-107.36,29.28,122,-82.96,-39.04,-351.36,-351.36,-356.24,-390.4,-273.28,-126.88
-122,-131.76,-9.76,126.88,-58.56,-73.2,-307.44,-302.56,-302.56,-351.36,-253.76,-141.52
-131.76,-175.68,-43.92,156.16,-43.92,-112.24,-263.52,-253.76,-273.28,-326.96,-253.76,-151.28
-131.76,-190.32,-58.56,161.04,-39.04,-126.88,-224.48,-219.6,-253.76,-317.2,-253.76,-156.16
-131.76,-185.44,-53.68,161.04,-39.04,-122,-190.32,-185.44,-234.24,-307.44,-253.76,-165.92
-131.76,-204.96,-73.2,170.8,-29.28,-141.52,-165.92,-161.04,-224.48,-302.56,-258.64,-170.8
-117.12,-214.72,-97.6,165.92,-9.76,-156.16,-156.16,-156.16,-209.84,-287.92,-258.64,-180.56
-92.72,-209.84,-117.12,151.28,9.76,-165.92,-165.92,-161.04,-200.08,-278.16,-258.64,-190.32
-82.96,-209.84,-126.88,146.4,19.52,-170.8,-151.28,-146.4,-185.44,-258.64,-239.12,-185.44
-68.32,-185.44,-117.12,126.88,24.4,-151.28,-136.64,-126.88,-165.92,-229.36,-224.48,-175.68
-48.8,-165.92,-117.12,107.36,34.16,-141.52,-117.12,-107.36,-151.28,-229.36,-224.48,-175.68
-53.68,-156.16,-102.48,107.36,24.4,-131.76,-78.08,-73.2,-122,-209.84,-200.08,-156.16
-68.32,-146.4,-78.08,107.36,4.88,-112.24,-48.8,-43.92,-107.36,-204.96,-200.08,-151.28
-87.84,-146.4,-58.56,117.12,-14.64,-102.48,-34.16,-29.28,-107.36,-214.72,-195.2,-146.4
-97.6,-126.88,-29.28,112.24,-34.16,-78.08,-24.4,-19.52,-97.6,-200.08,-200.08,-156.16
-102.48,-107.36,-4.88,107.36,-48.8,-58.56,-29.28,-24.4,-87.84,-185.44,-200.08,-156.16
-107.36,-97.6,9.76,102.48,-58.56,-43.92,-19.52,-14.64,-73.2,-175.68,-180.56,-146.4
-102.48,-73.2,29.28,87.84,-68.32,-24.4,-24.4,-14.64,-63.44,-161.04,-165.92,-136.64
-92.72,-53.68,39.04,73.2,-68.32,-9.76,-34.16,-34.16,-63.44,-161.04,-161.04,-126.88
-87.84,-48.8,39.04,68.32,-63.44,-4.88,-24.4,-24.4,-58.56,-156.16,-161.04,-117.12
-87.84,-43.92,43.92,68.32,-68.32,0,-29.28,-24.4,-58.56,-175.68,-165.92,-117.12
-102.48,-63.44,39.04,82.96,-73.2,-14.64,-39.04,-34.16,-63.44,-180.56,-165.92,-117.12
-102.48,-68.32,34.16,87.84,-68.32,-19.52,-43.92,-43.92,-78.08,-180.56,-170.8,-117.12
-97.6,-63.44,34.16,82.96,-68.32,-14.64,-63.44,-63.44,-73.2,-175.68,-170.8,-112.24
-112.24,-78.08,34.16,97.6,-73.2,-24.4,-63.44,-63.44,-63.44,-151.28,-156.16,-107.36
-107.36,-78.08,29.28,92.72,-68.32,-24.4,-73.2,-73.2,-63.44,-146.4,-151.28,-107.36
-87.84,-87.84,0,87.84,-43.92,-43.92,-73.2,-73.2,-58.56,-136.64,-136.64,-107.36
-92.72,-87.84,4.88,92.72,-48.8,-43.92,-53.68,-58.56,-53.68,-136.64,-131.76,-97.6
-92.72,-92.72,0,92.72,-48.8,-48.8,-39.04,-39.04,-43.92,-141.52,-131.76,-92.72
-97.6,-92.72,4.88,97.6,-53.68,-43.92,-43.92,-43.92,-48.8,-151.28,-136.64,-102.48
-82.96,-87.84,-4.88,87.84,-39.04,-48.8,-53.68,-48.8,-63.44,-161.04,-156.16,-112.24
-82.96,-92.72,-9.76,87.84,-39.04,-53.68,-58.56,-58.56,-68.32,-161.04,-161.04,-117.12
-82.96,-92.72,-9.76,87.84,-39.04,-53.68,-73.2,-68.32,-68.32,-151.28,-156.16,-117.12
-78.08,-73.2,4.88,78.08,-43.92,-34.16,-73.2,-73.2,-68.32,-141.52,-151.28,-117.12
-68.32,-78.08,-9.76,73.2,-29.28,-43.92,-78.08,-73.2,-63.44,-131.76,-146.4,-107.36
-73.2,-78.08,-4.88,78.08,-34.16,-43.92,-63.44,-58.56,-58.56,-131.76,-136.64,-107.36
-78.08,-87.84,-9.76,82.96,-34.16,-48.8,-58.56,-48.8,-63.44,-141.52,-141.52,-107.36
-82.96,-102.48,-19.52,92.72,-34.16,-63.44,-53.68,-53.68,-73.2,-156.16,-141.52,-112.24
-78.08,-112.24,-34.16,97.6,-24.4,-73.2,-53.68,-53.68,-82.96,-165.92,-151.28,-122
-82.96,-126.88,-43.92,107.36,-19.52,-87.84,-58.56,-58.56,-87.84,-165.92,-161.04,-126.88
-87.84,-131.76,-43.92,112.24,-24.4,-87.84,-68.32,-63.44,-82.96,-161.04,-161.04,-131.76
-82.96,-126.88,-43.92,107.36,-19.52,-87.84,-63.44,-58.56,-78.08,-151.28,-156.16,-131.76
-73.2,-122,-48.8,97.6,-14.64,-87.84,-58.56,-58.56,-63.44,-136.64,-146.4,-122
-48.8,-102.48,-53.68,78.08,0,-78.08,-53.68,-53.68,-58.56,-126.88,-136.64,-117.12
-53.68,-87.84,-34.16,73.2,-9.76,-63.44,-34.16,-39.04,-53.68,-126.88,-146.4,-117.12
-68.32,-97.6,-29.28,82.96,-19.52,-63.44,-24.4,-34.16,-53.68,-131.76,-146.4,-117.12
-63.44,-107.36,-43.92,87.84,-9.76,-78.08,-24.4,-34.16,-58.56,-141.52,-151.28,-126.88
-63.44,-131.76,-68.32,97.6,0,-102.48,-24.4,-29.28,-68.32,-146.4,-170.8,-146.4
-63.44,-136.64,-73.2,102.48,4.88,-107.36,-39.04,-43.92,-68.32,-146.4,-165.92,-146.4
-58.56,-131.76,-73.2,97.6,4.88,-102.48,-39.04,-43.92,-63.44,-131.76,-165.92,-151.28
-68.32,-151.28,-82.96,112.24,4.88,-117.12,-19.52,-29.28,-43.92,-117.12,-151.28,-141.52
-58.56,-156.16,-97.6,107.36,19.52,-126.88,-14.64,-19.52,-29.28,-97.6,-131.76,-126.88
-43.92,-156.16,-112.24,102.48,34.16,-136.64,4.88,0,-19.52,-87.84,-131.76,-122
-39.04,-156.16,-117.12,97.6,39.04,-136.64,0,-4.88,-29.28,-92.72,-136.64,-126.88
-34.16,-151.28,-117.12,92.72,39.04,-136.64,14.64,9.76,-19.52,-87.84,-136.64,-122
-34.16,-165.92,-131.76,102.48,48.8,-151.28,19.52,9.76,-29.28,-92.72,-146.4,-136.64
-34.16,-175.68,-141.52,107.36,53.68,-161.04,9.76,4.88,-34.16,-97.6,-151.28,-141.52
-24.4,-161.04,-136.64,92.72,53.68,-151.28,9.76,4.88,-24.4,-82.96,-151.28,-131.76
-19.52,-156.16,-136.64,87.84,58.56,-146.4,4.88,0,-24.4,-78.08,-146.4,-141.52
-4.88,-156.16,-151.28,82.96,73.2,-156.16,19.52,9.76,0,-53.68,-126.88,-131.76
4.88,-156.16,-161.04,78.08,82.96,-161.04,24.4,19.52,4.88,-58.56,-122,-126.88
0,-165.92,-165.92,82.96,82.96,-165.92,29.28,24.4,4.88,-63.44,-122,-126.88
0,-161.04,-161.04,82.96,78.08,-161.04,34.16,29.28,0,-63.44,-122,-112.24
4.88,-151.28,-156.16,73.2,78.08,-156.16,34.16,29.28,-14.64,-78.08,-131.76,-122
9.76,-131.76,-141.52,63.44,73.2,-136.64,24.4,19.52,-19.52,-82.96,-146.4,-131.76
9.76,-126.88,-136.64,58.56,73.2,-131.76,19.52,9.76,-14.64,-82.96,-141.52,-126.88
9.76,-131.76,-141.52,63.44,73.2,-136.64,14.64,9.76,-9.76,-78.08,-136.64,-131.76
29.28,-107.36,-136.64,39.04,82.96,-122,9.76,9.76,-4.88,-68.32,-122,-122
39.04,-102.48,-141.52,34.16,87.84,-122,14.64,14.64,4.88,-63.44,-112.24,-112.24
34.16,-117.12,-151.28,43.92,92.72,-136.64,34.16,29.28,14.64,-53.68,-102.48,-97.6
39.04,-117.12,-156.16,39.04,97.6,-136.64,34.16,29.28,4.88,-68.32,-102.48,-92.72
19.52,-136.64,-156.16,58.56,87.84,-146.4,34.16,29.28,-4.88,-82.96,-112.24,-87.84
9.76,-151.28,-161.04,73.2,82.96,-156.16,39.04,34.16,-4.88,-87.84,-117.12,-92.72
19.52,-136.64,-156.16,58.56,87.84,-146.4,14.64,9.76,-19.52,-97.6,-122,-92.72
24.4,-146.4,-170.8,63.44,97.6,-161.04,14.64,14.64,-14.64,-87.84,-112.24,-87.84
24.4,-126.88,-151.28,53.68,87.84,-141.52,9.76,9.76,-14.64,-87.84,-107.36,-87.84
29.28,-102.48,-131.76,39.04,78.08,-117.12,9.76,9.76,-9.76,-82.96,-92.72,-73.2
48.8,-97.6,-146.4,24.4,97.6,-122,9.76,4.88,-14.64,-92.72,-87.84,-73.2
63.44,-92.72,-156.16,14.64,107.36,-126.88,14.64,14.64,-14.64,-92.72,-87.84,-68.32
63.44,-92.72,-156.16,14.64,107.36,-126.88,0,4.88,-24.4,-97.6,-92.72,-68.32
68.32,-107.36,-175.68,19.52,122,-141.52,0,0,-34.16,-112.24,-102.48,-68.32
58.56,-122,-180.56,34.16,117.12,-151.28,-9.76,-9.76,-39.04,-107.36,-97.6,-68.32
53.68,-131.76,-185.44,39.04,117.12,-161.04,-14.64,-14.64,-29.28,-97.6,-82.96,-63.44
58.56,-117.12,-175.68,29.28,117.12,-146.4,-24.4,-29.28,-34.16,-92.72,-78.08,-58.56
58.56,-97.6,-156.16,19.52,107.36,-126.88,-14.64,-24.4,-24.4,-82.96,-63.44,-43.92
48.8,-87.84,-136.64,19.52,92.72,-112.24,-24.4,-19.52,-29.28,-78.08,-53.68,-39.04
58.56,-87.84,-146.4,14.64,102.48,-117.12,-19.52,-19.52,-24.4,-87.84,-48.8,-34.16
58.56,-82.96,-141.52,14.64,97.6,-112.24,-14.64,-14.64,-34.16,-97.6,-53.68,-34.16
48.8,-73.2,-122,14.64,82.96,-97.6,-14.64,-19.52,-39.04,-102.48,-53.68,-24.4
34.16,-63.44,-97.6,14.64,63.44,-82.96,-24.4,-29.28,-48.8,-97.6,-63.44,-34.16
29.28,-68.32,-97.6,19.52,63.44,-82.96,-29.28,-34.16,-43.92,-92.72,-58.56,-34.16
34.16,-48.8,-82.96,9.76,58.56,-68.32,-39.04,-43.92,-43.92,-92.72,-53.68,-34.16
29.28,-29.28,-58.56,0,43.92,-43.92,-39.04,-43.92,-39.04,-78.08,-48.8,-29.28
29.28,-19.52,-48.8,-4.88,39.04,-34.16,-39.04,-43.92,-34.16,-82.96,-43.92,-24.4
29.28,-19.52,-48.8,-4.88,39.04,-34.16,-24.4,-29.28,-29.28,-73.2,-34.16,-19.52
14.64,-29.28,-43.92,9.76,29.28,-39.04,-24.4,-29.28,-34.16,-87.84,-34.16,-19.52
4.88,-34.16,-39.04,14.64,19.52,-39.04,-24.4,-29.28,-39.04,-92.72,-39.04,-24.4
-14.64,-39.04,-24.4,29.28,4.88,-34.16,-34.16,-39.04,-48.8,-102.48,-43.92,-29.28
-14.64,-43.92,-29.28,29.28,4.88,-39.04,-34.16,-39.04,-43.92,-97.6,-48.8,-29.28
-9.76,-24.4,-14.64,19.52,0,-19.52,-39.04,-43.92,-48.8,-92.72,-48.8,-34.16
-9.76,-24.4,-14.64,19.52,0,-19.52,-39.04,-48.8,-43.92,-92.72,-43.92,-34.16
-9.76,-24.4,-14.64,19.52,0,-19.52,-39.04,-48.8,-29.28,-78.08,-29.28,-19.52
-4.88,-4.88,0,4.88,-4.88,-4.88,-34.16,-43.92,-34.16,-78.08,-34.16,-19.52
-14.64,-4.88,9.76,9.76,-14.64,0,-24.4,-34.16,-29.28,-82.96,-39.04,-19.52
-19.52,-9.76,9.76,14.64,-14.64,0,-34.16,-34.16,-39.04,-82.96,-39.04,-14.64
-29.28,-19.52,9.76,24.4,-19.52,-4.88,-43.92,-43.92,-53.68,-102.48,-48.8,-29.28
-43.92,-39.04,4.88,43.92,-24.4,-19.52,-39.04,-43.92,-48.8,-97.6,-48.8,-29.28
-34.16,-34.16,0,34.16,-19.52,-19.52,-53.68,-58.56,-58.56,-97.6,-48.8,-34.16
-34.16,-34.16,0,34.16,-19.52,-19.52,-58.56,-58.56,-58.56,-97.6,-48.8,-29.28
-34.16,-39.04,-4.88,39.04,-14.64,-24.4,-48.8,-48.8,-43.92,-82.96,-29.28,-19.52
-29.28,-34.16,-4.88,34.16,-14.64,-19.52,-43.92,-43.92,-39.04,-78.08,-29.28,-9.76
-34.16,-34.16,0,34.16,-19.52,-19.52,-29.28,-34.16,-34.16,-78.08,-29.28,-9.76
-24.4,-29.28,-4.88,29.28,-9.76,-19.52,-29.28,-34.16,-39.04,-82.96,-34.16,-14.64
-24.4,-24.4,0,24.4,-14.64,-14.64,-34.16,-39.04,-43.92,-87.84,-48.8,-19.52
-39.04,-34.16,4.88,39.04,-24.4,-14.64,-34.16,-39.04,-48.8,-92.72,-48.8,-24.4
-43.92,-34.16,9.76,39.04,-29.28,-14.64,-48.8,-53.68,-53.68,-87.84,-48.8,-34.16
-43.92,-43.92,0,43.92,-24.4,-24.4,-48.8,-63.44,-53.68,-87.84,-43.92,-34.16
-34.16,-43.92,-9.76,39.04,-14.64,-29.28,-48.8,-58.56,-48.8,-82.96,-39.04,-34.16
-29.28,-34.16,-4.88,34.16,-14.64,-19.52,-43.92,-53.68,-39.04,-73.2,-34.16,-19.52
-43.92,-39.04,4.88,43.92,-24.4,-19.52,-29.28,-39.04,-39.04,-82.96,-24.4,-14.64
-39.04,-48.8,-9.76,43.92,-14.64,-29.28,-29.28,-34.16,-43.92,-87.84,-29.28,-14.64
-39.04,-48.8,-9.76,43.92,-14.64,-29.28,-29.28,-34.16,-48.8,-92.72,-34.16,-14.64
-48.8,-53.68,-4.88,53.68,-24.4,-29.28,-34.16,-43.92,-53.68,-102.48,-43.92,-19.52
-48.8,-39.04,9.76,43.92,-29.28,-14.64,-39.04,-48.8,-53.68,-92.72,-43.92,-24.4
-43.92,-29.28,14.64,39.04,-29.28,-9.76,-48.8,-58.56,-63.44,-92.72,-53.68,-39.04
-39.04,-34.16,4.88,39.04,-24.4,-14.64,-48.8,-58.56,-53.68,-82.96,-43.92,-29.28
-34.16,-19.52,14.64,29.28,-24.4,-4.88,-43.92,-53.68,-39.04,-78.08,-29.28,-19.52
-19.52,-14.64,4.88,19.52,-14.64,-4.88,-39.04,-48.8,-39.04,-78.08,-34.16,-14.64
-19.52,-19.52,0,19.52,-9.76,-9.76,-34.16,-43.92,-43.92,-87.84,-34.16,-19.52
-29.28,-29.28,0,29.28,-14.64,-14.64,-34.16,-43.92,-48.8,-92.72,-39.04,-19.52
-48.8,-43.92,4.88,48.8,-29.28,-19.52,-29.28,-39.04,-48.8,-97.6,-34.16,-14.64
-48.8,-48.8,0,48.8,-24.4,-24.4,-43.92,-53.68,-53.68,-97.6,-39.04,-29.28
-43.92,-48.8,-4.88,48.8,-19.52,-29.28,-43.92,-48.8,-48.8,-87.84,-43.92,-29.28
-34.16,-29.28,4.88,34.16,-19.52,-14.64,-43.92,-48.8,-48.8,-87.84,-39.04,-24.4
-19.52,-14.64,4.88,19.52,-14.64,-4.88,-39.04,-48.8,-34.16,-73.2,-29.28,-14.64
-14.64,0,14.64,9.76,-14.64,4.88,-43.92,-48.8,-34.16,-73.2,-24.4,-14.64
-9.76,4.88,14.64,4.88,-14.64,9.76,-34.16,-39.04,-29.28,-68.32,-19.52,-4.88
-24.4,4.88,29.28,9.76,-29.28,14.64,-34.16,-39.04,-24.4,-68.32,-19.52,-4.88
-29.28,-4.88,24.4,19.52,-29.28,9.76,-39.04,-39.04,-34.16,-73.2,-24.4,-9.76
-29.28,-9.76,19.52,19.52,-24.4,4.88,-34.16,-39.04,-34.16,-68.32,-19.52,0
-34.16,-29.28,4.88,34.16,-19.52,-14.64,-43.92,-48.8,-39.04,-73.2,-24.4,-14.64
-29.28,-29.28,0,29.28,-14.64,-14.64,-43.92,-48.8,-34.16,-68.32,-19.52,-9.76
-19.52,-19.52,0,19.52,-9.76,-9.76,-39.04,-39.04,-19.52,-58.56,-14.64,-9.76
-34.16,-19.52,14.64,29.28,-24.4,-4.88,-14.64,-14.64,4.88,-43.92,-4.88,-4.88
-24.4,-4.88,19.52,14.64,-24.4,4.88,34.16,29.28,48.8,-9.76,4.88,4.88
-4.88,19.52,24.4,-4.88,-14.64,19.52,87.84,87.84,117.12,58.56,43.92,19.52
43.92,48.8,4.88,-43.92,19.52,24.4,156.16,151.28,195.2,161.04,107.36,39.04
92.72,107.36,14.64,-97.6,39.04,58.56,229.36,224.48,292.8,292.8,195.2,82.96
136.64,161.04,24.4,-146.4,53.68,92.72,302.56,297.68,439.2,473.36,326.96,131.76
200.08,214.72,14.64,-204.96,92.72,112.24,385.52,380.64,580.72,678.32,483.12,204.96
292.8,278.16,-14.64,-283.04,151.28,131.76,473.36,463.6,712.48,873.52,653.92,297.68
390.4,380.64,-9.76,-385.52,200.08,185.44,522.16,512.4,834.48,1073.6,883.28,434.32
517.28,531.92,14.64,-522.16,248.88,273.28,585.6,585.6,990.64,1322.48,1171.2,619.76
668.56,692.96,24.4,-678.32,322.08,356.24,658.8,653.92,1166.32,1600.64,1498.16,829.6
795.44,849.12,53.68,-819.84,370.88,448.96,761.28,756.4,1351.76,1878.8,1810.48,1024.8
878.4,995.52,117.12,-936.96,380.64,556.32,932.08,932.08,1551.84,2103.28,2039.84,1180.96
927.2,1098,170.8,-1010.16,375.76,634.4,1078.48,1073.6,1673.84,2186.24,2152.08,1283.44
917.44,1112.64,195.2,-1015.04,361.12,653.92,1117.52,1107.76,1600.64,2054.48,2064.24,1283.44
854,966.24,112.24,-907.68,370.88,536.8,1151.68,1146.8,1439.6,1781.2,1790.96,1117.52
702.72,717.36,14.64,-707.6,341.6,366,1190.72,1185.84,1229.76,1390.8,1390.8,863.76
478.24,566.08,87.84,-522.16,195.2,326.96,1054.08,1044.32,936.96,917.44,1024.8,688.08
248.88,502.64,253.76,-375.76,-4.88,375.76,673.44,668.56,492.88,375.76,668.56,566.08
24.4,405.04,380.64,-214.72,-180.56,390.4,297.68,287.92,53.68,-161.04,292.8,429.44
-146.4,331.84,478.24,-92.72,-312.32,405.04,-14.64,-24.4,-273.28,-551.44,4.88,307.44
-292.8,248.88,541.68,24.4,-419.68,395.28,-219.6,-224.48,-478.24,-775.92,-200.08,195.2
-380.64,170.8,551.44,107.36,-468.48,361.12,-370.88,-380.64,-610,-897.92,-331.84,107.36
-448.96,87.84,536.8,180.56,-492.88,312.32,-507.52,-527.04,-732,-976,-439.2,9.76
-439.2,39.04,478.24,200.08,-458.72,258.64,-595.36,-605.12,-761.28,-951.6,-468.48,-43.92
-380.64,63.44,444.08,161.04,-414.8,253.76,-600.24,-619.76,-712.48,-863.76,-414.8,-29.28
-346.48,78.08,424.56,136.64,-385.52,248.88,-610,-624.64,-658.8,-771.04,-361.12,-19.52
-307.44,82.96,390.4,112.24,-351.36,234.24,-595.36,-610,-610,-692.96,-307.44,-9.76
-273.28,53.68,326.96,112.24,-302.56,190.32,-556.32,-570.96,-551.44,-634.4,-287.92,-24.4
-239.12,9.76,248.88,117.12,-244,126.88,-517.28,-527.04,-517.28,-580.72,-292.8,-68.32
-214.72,-29.28,185.44,122,-200.08,78.08,-463.6,-473.36,-463.6,-517.28,-273.28,-87.84
-175.68,-73.2,102.48,126.88,-141.52,14.64,-395.28,-405.04,-400.16,-448.96,-253.76,-112.24
-170.8,-117.12,53.68,146.4,-112.24,-34.16,-326.96,-331.84,-341.6,-395.28,-248.88,-141.52
-165.92,-141.52,24.4,156.16,-97.6,-58.56,-278.16,-283.04,-297.68,-361.12,-234.24,-146.4
-151.28,-170.8,-19.52,161.04,-68.32,-97.6,-239.12,-244,-278.16,-351.36,-234.24,-161.04
-141.52,-200.08,-58.56,170.8,-43.92,-131.76,-209.84,-219.6,-253.76,-336.72,-229.36,-170.8
-122,-204.96,-82.96,165.92,-19.52,-146.4,-180.56,-190.32,-234.24,-331.84,-224.48,-165.92
-126.88,-219.6,-92.72,175.68,-19.52,-156.16,-151.28,-161.04,-224.48,-326.96,-234.24,-185.44
-107.36,-214.72,-107.36,161.04,0,-161.04,-151.28,-161.04,-219.6,-307.44,-244,-190.32
-87.84,-195.2,-107.36,141.52,9.76,-151.28,-156.16,-165.92,-214.72,-292.8,-244,-195.2
-78.08,-195.2,-117.12,136.64,19.52,-156.16,-146.4,-151.28,-200.08,-278.16,-234.24,-195.2
-73.2,-180.56,-107.36,126.88,14.64,-146.4,-126.88,-136.64,-170.8,-248.88,-209.84,-175.68
-68.32,-170.8,-102.48,122,14.64,-136.64,-102.48,-112.24,-151.28,-248.88,-200.08,-165.92
-58.56,-161.04,-102.48,112.24,19.52,-131.76,-73.2,-78.08,-136.64,-234.24,-190.32,-156.16
-68.32,-146.4,-78.08,107.36,4.88,-112.24,-48.8,-58.56,-117.12,-219.6,-175.68,-146.4
-97.6,-151.28,-53.68,126.88,-24.4,-102.48,-29.28,-39.04,-112.24,-224.48,-175.68,-146.4
-112.24,-151.28,-39.04,131.76,-39.04,-97.6,-14.64,-24.4,-102.48,-214.72,-175.68,-151.28
-112.24,-122,-9.76,117.12,-53.68,-68.32,-14.64,-24.4,-92.72,-200.08,-170.8,-141.52
-112.24,-107.36,4.88,112.24,-58.56,-53.68,-4.88,-14.64,-82.96,-185.44,-156.16,-131.76
-92.72,-82.96,9.76,87.84,-53.68,-39.04,-14.64,-19.52,-73.2,-165.92,-136.64,-122
-87.84,-68.32,19.52,78.08,-53.68,-24.4,-24.4,-29.28,-68.32,-161.04,-131.76,-107.36
-87.84,-68.32,19.52,78.08,-53.68,-24.4,-9.76,-19.52,-63.44,-161.04,-131.76,-102.48
-87.84,-58.56,29.28,73.2,-58.56,-14.64,-14.64,-24.4,-73.2,-170.8,-141.52,-112.24
-117.12,-63.44,53.68,92.72,-87.84,-4.88,-29.28,-39.04,-78.08,-175.68,-141.52,-102.48
-117.12,-63.44,53.68,92.72,-87.84,-4.88,-39.04,-48.8,-87.84,-180.56,-146.4,-112.24
-122,-68.32,53.68,97.6,-87.84,-9.76,-58.56,-68.32,-82.96,-170.8,-141.52,-112.24
-122,-73.2,48.8,97.6,-87.84,-14.64,-68.32,-78.08,-82.96,-161.04,-131.76,-112.24
-117.12,-68.32,48.8,92.72,-82.96,-9.76,-68.32,-78.08,-78.08,-151.28,-122,-107.36
-107.36,-63.44,43.92,87.84,-78.08,-9.76,-73.2,-82.96,-63.44,-136.64,-117.12,-92.72
-92.72,-58.56,34.16,78.08,-63.44,-14.64,-53.68,-63.44,-63.44,-131.76,-112.24,-92.72
-92.72,-53.68,39.04,73.2,-68.32,-9.76,-39.04,-43.92,-53.68,-122,-112.24,-87.84
-97.6,-58.56,39.04,78.08,-68.32,-9.76,-39.04,-48.8,-58.56,-141.52,-126.88,-92.72
-102.48,-58.56,43.92,82.96,-73.2,-9.76,-39.04,-53.68,-68.32,-146.4,-131.76,-97.6
-92.72,-58.56,34.16,78.08,-63.44,-14.64,-58.56,-63.44,-78.08,-151.28,-141.52,-102.48
-87.84,-68.32,19.52,78.08,-53.68,-24.4,-68.32,-78.08,-92.72,-141.52,-141.52,-112.24
-87.84,-68.32,19.52,78.08,-53.68,-24.4,-78.08,-87.84,-92.72,-141.52,-136.64,-112.24
-87.84,-78.08,9.76,82.96,-48.8,-34.16,-78.08,-87.84,-82.96,-117.12,-117.12,-102.48
-73.2,-78.08,-4.88,78.08,-34.16,-43.92,-63.44,-73.2,-82.96,-102.48,-117.12,-102.48
-73.2,-92.72,-19.52,82.96,-29.28,-58.56,-53.68,-68.32,-78.08,-82.96,-117.12,-102.48
-87.84,-112.24,-24.4,102.48,-34.16,-68.32,-53.68,-63.44,-87.84,-68.32,-122,-107.36
-87.84,-122,-34.16,107.36,-29.28,-78.08,-53.68,-68.32,-102.48,-58.56,-136.64,-122
-97.6,-117.12,-19.52,107.36,-39.04,-68.32,-53.68,-73.2,-102.48,-14.64,-146.4,-122
-92.72,-117.12,-24.4,107.36,-34.16,-73.2,-78.08,-87.84,-107.36,14.64,-151.28,-131.76
-82.96,-97.6,-14.64,92.72,-34.16,-58.56,-73.2,-82.96,-102.48,53.68,-151.28,-126.88
-68.32,-87.84,-19.52,78.08,-24.4,-53.68,-68.32,-78.08,-87.84,112.24,-141.52,-122
-63.44,-87.84,-24.4,78.08,-19.52,-58.56,-63.44,-73.2,-78.08,190.32,-131.76,-112.24
-73.2,-97.6,-24.4,87.84,-24.4,-63.44,-43.92,-48.8,-68.32,263.52,-122,-107.36
-68.32,-102.48,-34.16,87.84,-19.52,-68.32,-43.92,-48.8,-78.08,268.4,-126.88,-117.12
-53.68,-112.24,-58.56,82.96,0,-87.84,-48.8,-53.68,-92.72,244,-141.52,-131.76
-53.68,-117.12,-63.44,87.84,4.88,-92.72,-43.92,-53.68,-92.72,234.24,-156.16,-136.64
-68.32,-131.76,-63.44,102.48,-4.88,-97.6,-48.8,-53.68,-92.72,234.24,-151.28,-141.52
-68.32,-136.64,-68.32,102.48,0,-102.48,-43.92,-43.92,-82.96,258.64,-146.4,-136.64
-68.32,-126.88,-58.56,97.6,-4.88,-92.72,-39.04,-43.92,-73.2,253.76,-141.52,-141.52
-43.92,-112.24,-68.32,78.08,9.76,-92.72,-39.04,-43.92,-68.32,229.36,-126.88,-136.64
-29.28,-107.36,-78.08,68.32,24.4,-92.72,-19.52,-24.4,-53.68,195.2,-126.88,-131.76
-34.16,-112.24,-78.08,73.2,19.52,-97.6,-14.64,-19.52,-58.56,165.92,-126.88,-126.88
-24.4,-112.24,-87.84,68.32,29.28,-102.48,-4.88,-9.76,-58.56,146.4,-126.88,-131.76
-29.28,-117.12,-87.84,73.2,29.28,-102.48,-4.88,-9.76,-63.44,141.52,-136.64,-136.64
-39.04,-126.88,-87.84,82.96,24.4,-107.36,-9.76,-14.64,-63.44,146.4,-141.52,-146.4
-29.28,-117.12,-87.84,73.2,29.28,-102.48,-14.64,-19.52,-63.44,146.4,-151.28,-146.4
-14.64,-122,-107.36,68.32,43.92,-117.12,-14.64,-19.52,-53.68,136.64,-141.52,-146.4
19.52,-112.24,-131.76,48.8,73.2,-122,-14.64,-19.52,-43.92,156.16,-126.88,-141.52
19.52,-107.36,-126.88,43.92,73.2,-117.12,-4.88,-9.76,-34.16,170.8,-117.12,-131.76
14.64,-107.36,-122,48.8,68.32,-117.12,4.88,4.88,-29.28,209.84,-112.24,-126.88
24.4,-92.72,-117.12,34.16,68.32,-107.36,9.76,4.88,-34.16,239.12,-122,-126.88
14.64,-97.6,-112.24,43.92,63.44,-107.36,9.76,4.88,-43.92,219.6,-126.88,-131.76
4.88,-102.48,-107.36,48.8,53.68,-107.36,0,-4.88,-48.8,209.84,-126.88,-131.76
24.4,-92.72,-117.12,34.16,68.32,-107.36,-4.88,-4.88,-43.92,195.2,-126.88,-126.88
24.4,-87.84,-112.24,34.16,68.32,-102.48,-4.88,-9.76,-34.16,161.04,-122,-131.76
24.4,-87.84,-112.24,34.16,68.32,-102.48,-4.88,-4.88,-34.16,141.52,-117.12,-126.88
48.8,-73.2,-122,14.64,82.96,-97.6,0,-4.88,-19.52,112.24,-107.36,-112.24
53.68,-73.2,-126.88,9.76,87.84,-102.48,0,0,-34.16,73.2,-112.24,-112.24
48.8,-68.32,-117.12,9.76,82.96,-92.72,0,0,-39.04,43.92,-117.12,-112.24
34.16,-73.2,-107.36,19.52,68.32,-92.72,0,0,-43.92,24.4,-122,-107.36
29.28,-82.96,-112.24,29.28,68.32,-97.6,-4.88,-9.76,-53.68,14.64,-126.88,-117.12
34.16,-82.96,-117.12,24.4,73.2,-102.48,-14.64,-19.52,-58.56,4.88,-126.88,-107.36
34.16,-82.96,-117.12,24.4,73.2,-102.48,-19.52,-19.52,-58.56,0,-122,-112.24
63.44,-68.32,-131.76,4.88,97.6,-102.48,-24.4,-24.4,-58.56,0,-122,-102.48
78.08,-48.8,-126.88,-14.64,102.48,-87.84,-24.4,-24.4,-43.92,4.88,-107.36,-92.72
78.08,-48.8,-126.88,-14.64,102.48,-87.84,-14.64,-14.64,-48.8,4.88,-107.36,-87.84
63.44,-43.92,-107.36,-9.76,82.96,-78.08,-19.52,-24.4,-53.68,0,-102.48,-78.08
63.44,-43.92,-107.36,-9.76,82.96,-78.08,-29.28,-39.04,-68.32,-9.76,-112.24,-78.08
63.44,-53.68,-117.12,-4.88,87.84,-87.84,-29.28,-39.04,-73.2,-24.4,-112.24,-82.96
53.68,-48.8,-102.48,0,78.08,-78.08,-48.8,-48.8,-78.08,-29.28,-107.36,-78.08
58.56,-63.44,-122,4.88,87.84,-92.72,-53.68,-58.56,-78.08,-29.28,-97.6,-78.08
73.2,-58.56,-131.76,-4.88,102.48,-97.6,-53.68,-58.56,-73.2,-14.64,-92.72,-78.08
78.08,-39.04,-117.12,-19.52,97.6,-78.08,-53.68,-58.56,-63.44,0,-82.96,-68.32
78.08,-34.16,-112.24,-19.52,92.72,-73.2,-43.92,-48.8,-53.68,0,-68.32,-48.8
82.96,-24.4,-107.36,-29.28,92.72,-68.32,-43.92,-48.8,-58.56,-4.88,-68.32,-43.92
68.32,-24.4,-92.72,-19.52,78.08,-58.56,-43.92,-43.92,-63.44,-14.64,-73.2,-43.92
68.32,-29.28,-97.6,-19.52,82.96,-63.44,-63.44,-53.68,-78.08,-29.28,-87.84,-48.8
68.32,-9.76,-78.08,-29.28,73.2,-43.92,-68.32,-63.44,-82.96,-24.4,-87.84,-48.8
53.68,-9.76,-63.44,-19.52,58.56,-39.04,-73.2,-63.44,-82.96,-14.64,-82.96,-53.68
58.56,-4.88,-63.44,-24.4,58.56,-34.16,-78.08,-68.32,-78.08,-9.76,-78.08,-53.68
53.68,0,-53.68,-24.4,53.68,-29.28,-73.2,-68.32,-73.2,-14.64,-68.32,-48.8
48.8,-9.76,-58.56,-19.52,53.68,-34.16,-68.32,-63.44,-68.32,-24.4,-53.68,-39.04
48.8,-4.88,-53.68,-19.52,48.8,-29.28,-58.56,-48.8,-58.56,-14.64,-48.8,-34.16
34.16,-9.76,-43.92,-9.76,39.04,-29.28,-53.68,-43.92,-63.44,-9.76,-48.8,-24.4
24.4,-9.76,-34.16,-4.88,29.28,-24.4,-48.8,-39.04,-63.44,-14.64,-53.68,-29.28
19.52,0,-19.52,-9.76,19.52,-9.76,-53.68,-43.92,-63.44,-19.52,-63.44,-34.16
14.64,-4.88,-19.52,-4.88,14.64,-14.64,-68.32,-63.44,-73.2,-34.16,-73.2,-43.92
9.76,0,-9.76,-4.88,9.76,-4.88,-68.32,-63.44,-73.2,-24.4,-63.44,-48.8
4.88,14.64,9.76,-9.76,-4.88,9.76,-63.44,-58.56,-63.44,-4.88,-53.68,-34.16
14.64,19.52,4.88,-14.64,4.88,9.76,-63.44,-63.44,-53.68,4.88,-43.92,-34.16
14.64,14.64,0,-14.64,4.88,4.88,-53.68,-48.8,-43.92,9.76,-39.04,-29.28
-4.88,-9.76,-4.88,9.76,0,-9.76,-48.8,-48.8,-53.68,-4.88,-43.92,-29.28
-9.76,-14.64,-4.88,14.64,-4.88,-9.76,-43.92,-43.92,-58.56,-9.76,-43.92,-29.28
-24.4,-29.28,-4.88,29.28,-9.76,-19.52,-39.04,-39.04,-53.68,-14.64,-53.68,-34.16
-29.28,-39.04,-9.76,34.16,-9.76,-24.4,-48.8,-48.8,-53.68,-19.52,-53.68,-34.16
-29.28,-39.04,-9.76,34.16,-9.76,-24.4,-48.8,-53.68,-53.68,-14.64,-43.92,-34.16
-34.16,-29.28,4.88,34.16,-19.52,-14.64,-48.8,-53.68,-58.56,-14.64,-48.8,-34.16
-19.52,-24.4,-4.88,24.4,-9.76,-14.64,-53.68,-53.68,-43.92,-4.88,-43.92,-29.28
-4.88,-4.88,0,4.88,-4.88,-4.88,-43.92,-43.92,-43.92,-9.76,-39.04,-14.64
-19.52,-4.88,14.64,14.64,-19.52,4.88,-43.92,-39.04,-48.8,-34.16,-43.92,-19.52
-24.4,-9.76,14.64,19.52,-19.52,0,-48.8,-48.8,-53.68,-53.68,-48.8,-24.4
-29.28,-24.4,4.88,29.28,-19.52,-9.76,-53.68,-53.68,-63.44,-73.2,-58.56,-29.28
-43.92,-43.92,0,43.92,-24.4,-24.4,-53.68,-53.68,-63.44,-87.84,-58.56,-34.16
-34.16,-43.92,-9.76,39.04,-14.64,-29.28,-53.68,-53.68,-58.56,-78.08,-58.56,-29.28
-43.92,-43.92,0,43.92,-24.4,-24.4,-58.56,-53.68,-58.56,-78.08,-58.56,-34.16
-48.8,-48.8,0,48.8,-24.4,-24.4,-53.68,-48.8,-48.8,-63.44,-48.8,-29.28
-43.92,-39.04,4.88,43.92,-24.4,-19.52,-43.92,-43.92,-43.92,-58.56,-39.04,-24.4
-34.16,-29.28,4.88,34.16,-19.52,-14.64,-39.04,-39.04,-43.92,-63.44,-48.8,-29.28
-24.4,-24.4,0,24.4,-14.64,-14.64,-39.04,-39.04,-48.8,-68.32,-53.68,-34.16
-29.28,-19.52,9.76,24.4,-19.52,-4.88,-43.92,-39.04,-53.68,-73.2,-63.44,-34.16
-34.16,-29.28,4.88,34.16,-19.52,-14.64,-53.68,-48.8,-63.44,-82.96,-73.2,-39.04
-29.28,-34.16,-4.88,34.16,-14.64,-19.52,-58.56,-58.56,-58.56,-73.2,-68.32,-43.92
-19.52,-19.52,0,19.52,-9.76,-9.76,-63.44,-58.56,-58.56,-73.2,-73.2,-39.04
-19.52,-24.4,-4.88,24.4,-9.76,-14.64,-63.44,-58.56,-58.56,-68.32,-63.44,-43.92
-29.28,-24.4,4.88,29.28,-19.52,-9.76,-58.56,-53.68,-43.92,-48.8,-43.92,-29.28
-34.16,-39.04,-4.88,39.04,-14.64,-24.4,-48.8,-53.68,-43.92,-58.56,-43.92,-24.4
-29.28,-39.04,-9.76,34.16,-9.76,-24.4,-43.92,-43.92,-43.92,-58.56,-39.04,-19.52
-43.92,-29.28,14.64,39.04,-29.28,-9.76,-43.92,-48.8,-53.68,-68.32,-43.92,-24.4
-39.04,-39.04,0,39.04,-19.52,-19.52,-48.8,-43.92,-58.56,-78.08,-48.8,-34.16
-34.16,-19.52,14.64,29.28,-24.4,-4.88,-58.56,-53.68,-58.56,-82.96,-53.68,-34.16
-39.04,-19.52,19.52,29.28,-29.28,0,-58.56,-58.56,-63.44,-78.08,-53.68,-39.04
-34.16,-9.76,24.4,24.4,-29.28,4.88,-53.68,-53.68,-53.68,-78.08,-48.8,-34.16
-19.52,4.88,24.4,9.76,-24.4,14.64,-58.56,-48.8,-43.92,-63.44,-34.16,-19.52
-9.76,4.88,14.64,4.88,-14.64,9.76,-48.8,-39.04,-39.04,-53.68,-24.4,-9.76
-4.88,9.76,14.64,0,-9.76,9.76,-43.92,-34.16,-39.04,-63.44,-24.4,-9.76
-34.16,-9.76,24.4,24.4,-29.28,4.88,-43.92,-34.16,-34.16,-68.32,-14.64,-9.76
-39.04,-24.4,14.64,34.16,-29.28,-4.88,-43.92,-34.16,-43.92,-78.08,-19.52,-14.64
-34.16,-19.52,14.64,29.28,-24.4,-4.88,-43.92,-39.04,-43.92,-73.2,-19.52,-14.64
-34.16,-19.52,14.64,29.28,-24.4,-4.88,-58.56,-48.8,-48.8,-78.08,-24.4,-24.4
-34.16,-24.4,9.76,29.28,-24.4,-9.76,-53.68,-48.8,-48.8,-73.2,-19.52,-24.4
-29.28,-14.64,14.64,24.4,-24.4,0,-43.92,-39.04,-29.28,-53.68,-14.64,-19.52
-24.4,-9.76,14.64,19.52,-19.52,0,-14.64,-4.88,4.88,-39.04,-4.88,-9.76
-14.64,9.76,24.4,4.88,-19.52,14.64,29.28,39.04,48.8,-4.88,0,0
14.64,24.4,9.76,-19.52,0,14.64,78.08,87.84,107.36,53.68,29.28,4.88
58.56,43.92,-14.64,-48.8,34.16,14.64,131.76,136.64,170.8,131.76,78.08,14.64
82.96,82.96,0,-82.96,39.04,39.04,204.96,214.72,283.04,273.28,180.56,63.44
126.88,122,-4.88,-122,63.44,58.56,273.28,283.04,400.16,444.08,307.44,107.36
190.32,175.68,-14.64,-180.56,102.48,78.08,351.36,356.24,527.04,619.76,453.84,180.56
292.8,253.76,-39.04,-273.28,165.92,107.36,414.8,424.56,653.92,814.96,629.52,273.28
375.76,346.48,-29.28,-361.12,200.08,156.16,458.72,463.6,761.28,1010.16,863.76,409.92
478.24,478.24,0,-478.24,239.12,239.12,502.64,507.52,883.28,1229.76,1141.92,600.24
649.04,649.04,0,-649.04,322.08,322.08,561.2,566.08,1044.32,1498.16,1478.64,810.08
790.56,805.2,14.64,-795.44,385.52,409.92,653.92,658.8,1229.76,1766.56,1795.84,1019.92
907.68,951.6,43.92,-927.2,429.44,497.76,790.56,800.32,1410.32,2000.8,2044.72,1180.96
956.48,1054.08,97.6,-1005.28,429.44,575.84,956.48,966.24,1571.36,2132.56,2181.36,1298.08
932.08,1073.6,141.52,-1000.4,395.28,605.12,1063.84,1073.6,1586,2059.36,2127.68,1298.08
878.4,946.72,68.32,-912.56,405.04,507.52,1132.16,1137.04,1459.12,1810.48,1859.28,1137.04
741.76,712.48,-29.28,-727.12,385.52,341.6,1200.48,1210.24,1288.32,1444.48,1454.24,883.28
517.28,527.04,9.76,-522.16,253.76,268.4,1180.96,1185.84,1063.84,995.52,1063.84,683.2
268.4,448.96,180.56,-356.24,43.92,312.32,922.32,927.2,722.24,512.4,727.12,575.84
43.92,395.28,351.36,-219.6,-156.16,370.88,546.56,551.44,312.32,0,375.76,458.72
-136.64,351.36,488,-107.36,-312.32,419.68,229.36,224.48,-48.8,-414.8,82.96,361.12
-283.04,283.04,566.08,0,-424.56,424.56,-24.4,-19.52,-287.92,-688.08,-126.88,263.52
-380.64,219.6,600.24,82.96,-492.88,409.92,-170.8,-165.92,-419.68,-834.48,-283.04,170.8
-458.72,141.52,600.24,161.04,-531.92,370.88,-312.32,-312.32,-551.44,-927.2,-409.92,68.32
-458.72,48.8,507.52,204.96,-483.12,278.16,-463.6,-463.6,-673.44,-971.12,-488,-24.4
-395.28,39.04,434.32,180.56,-414.8,234.24,-527.04,-531.92,-668.56,-927.2,-468.48,-43.92
-351.36,63.44,414.8,146.4,-385.52,239.12,-527.04,-527.04,-614.88,-829.6,-405.04,-34.16
-317.2,78.08,395.28,122,-356.24,234.24,-546.56,-551.44,-585.6,-756.4,-336.72,-19.52
-307.44,63.44,370.88,122,-341.6,214.72,-527.04,-531.92,-541.68,-692.96,-297.68,-9.76
-273.28,9.76,283.04,131.76,-278.16,146.4,-497.76,-502.64,-512.4,-644.16,-292.8,-43.92
-224.48,-39.04,185.44,131.76,-204.96,73.2,-458.72,-458.72,-468.48,-585.6,-278.16,-68.32
-190.32,-68.32,122,131.76,-156.16,24.4,-409.92,-409.92,-414.8,-512.4,-268.4,-102.48
-170.8,-122,48.8,146.4,-112.24,-39.04,-341.6,-341.6,-351.36,-448.96,-248.88,-117.12
-161.04,-151.28,9.76,156.16,-87.84,-73.2,-292.8,-292.8,-302.56,-414.8,-229.36,-122
-141.52,-175.68,-34.16,161.04,-53.68,-107.36,-253.76,-248.88,-283.04,-395.28,-234.24,-136.64
-126.88,-180.56,-53.68,156.16,-39.04,-117.12,-219.6,-219.6,-263.52,-380.64,-234.24,-146.4
-122,-165.92,-43.92,146.4,-39.04,-107.36,-190.32,-180.56,-239.12,-366,-229.36,-156.16
-126.88,-175.68,-48.8,151.28,-39.04,-112.24,-165.92,-165.92,-229.36,-361.12,-244,-165.92
-112.24,-190.32,-78.08,151.28,-19.52,-136.64,-161.04,-156.16,-214.72,-336.72,-244,-170.8
-97.6,-185.44,-87.84,141.52,-4.88,-136.64,-165.92,-161.04,-214.72,-312.32,-244,-175.68
-87.84,-204.96,-117.12,146.4,14.64,-161.04,-151.28,-146.4,-195.2,-287.92,-224.48,-180.56
-68.32,-180.56,-112.24,126.88,19.52,-146.4,-136.64,-131.76,-165.92,-258.64,-209.84,-170.8
-58.56,-170.8,-112.24,117.12,24.4,-141.52,-102.48,-97.6,-141.52,-244,-185.44,-156.16
-68.32,-180.56,-112.24,126.88,19.52,-146.4,-63.44,-58.56,-117.12,-234.24,-170.8,-141.52
-68.32,-151.28,-82.96,112.24,4.88,-117.12,-48.8,-48.8,-102.48,-229.36,-165.92,-131.76
-82.96,-141.52,-58.56,112.24,-14.64,-102.48,-34.16,-29.28,-102.48,-219.6,-180.56,-136.64
-102.48,-126.88,-24.4,117.12,-39.04,-78.08,-9.76,-4.88,-82.96,-175.68,-170.8,-126.88
-107.36,-102.48,4.88,107.36,-58.56,-48.8,-4.88,0,-73.2,-112.24,-165.92,-122
-102.48,-87.84,14.64,97.6,-58.56,-39.04,-4.88,0,-68.32,-63.44,-156.16,-126.88
-92.72,-63.44,29.28,78.08,-63.44,-19.52,-4.88,0,-53.68,-29.28,-136.64,-112.24
-92.72,-53.68,39.04,73.2,-68.32,-9.76,-14.64,-14.64,-58.56,-43.92,-146.4,-112.24
-92.72,-58.56,34.16,78.08,-63.44,-14.64,-9.76,-9.76,-58.56,-68.32,-141.52,-107.36
-92.72,-68.32,24.4,82.96,-58.56,-24.4,-9.76,-4.88,-58.56,-82.96,-146.4,-102.48
-117.12,-82.96,34.16,102.48,-78.08,-24.4,-14.64,-14.64,-63.44,-112.24,-151.28,-97.6
-131.76,-87.84,43.92,112.24,-87.84,-24.4,-19.52,-19.52,-73.2,-122,-156.16,-102.48
-117.12,-78.08,39.04,97.6,-78.08,-19.52,-48.8,-48.8,-68.32,-112.24,-151.28,-97.6
-117.12,-68.32,48.8,92.72,-82.96,-9.76,-63.44,-58.56,-68.32,-107.36,-146.4,-92.72
-112.24,-53.68,58.56,82.96,-87.84,0,-63.44,-63.44,-63.44,-92.72,-131.76,-87.84
-97.6,-48.8,48.8,73.2,-73.2,0,-68.32,-68.32,-53.68,-82.96,-117.12,-82.96
-97.6,-48.8,48.8,73.2,-73.2,0,-58.56,-58.56,-53.68,-82.96,-117.12,-82.96
-97.6,-48.8,48.8,73.2,-73.2,0,-53.68,-48.8,-48.8,-87.84,-117.12,-78.08
-92.72,-58.56,34.16,78.08,-63.44,-14.64,-43.92,-39.04,-48.8,-87.84,-126.88,-87.84
-107.36,-73.2,34.16,92.72,-73.2,-19.52,-39.04,-34.16,-58.56,-87.84,-136.64,-97.6
-112.24,-92.72,19.52,102.48,-68.32,-39.04,-48.8,-43.92,-53.68,-68.32,-126.88,-92.72
-102.48,-97.6,4.88,102.48,-53.68,-48.8,-58.56,-53.68,-63.44,-68.32,-131.76,-97.6
-92.72,-97.6,-4.88,97.6,-43.92,-53.68,-68.32,-63.44,-63.44,-48.8,-122,-92.72
-92.72,-87.84,4.88,92.72,-48.8,-43.92,-73.2,-73.2,-63.44,-34.16,-117.12,-87.84
-92.72,-102.48,-9.76,97.6,-43.92,-58.56,-68.32,-58.56,-63.44,-39.04,-112.24,-87.84
-82.96,-107.36,-24.4,97.6,-29.28,-68.32,-53.68,-53.68,-68.32,-39.04,-112.24,-82.96
-82.96,-117.12,-34.16,102.48,-24.4,-78.08,-58.56,-53.68,-78.08,-58.56,-122,-87.84
-82.96,-117.12,-34.16,102.48,-24.4,-78.08,-58.56,-58.56,-92.72,-78.08,-141.52,-97.6
-82.96,-112.24,-29.28,97.6,-29.28,-73.2,-63.44,-58.56,-97.6,-82.96,-146.4,-102.48
-82.96,-122,-39.04,102.48,-24.4,-82.96,-73.2,-68.32,-97.6,-82.96,-151.28,-117.12
-87.84,-122,-34.16,107.36,-29.28,-78.08,-68.32,-63.44,-82.96,-53.68,-131.76,-102.48
-82.96,-131.76,-48.8,107.36,-19.52,-92.72,-63.44,-58.56,-68.32,-48.8,-122,-102.48
-73.2,-131.76,-58.56,102.48,-9.76,-97.6,-58.56,-53.68,-58.56,-34.16,-117.12,-102.48
-73.2,-126.88,-53.68,102.48,-9.76,-92.72,-39.04,-34.16,-53.68,-19.52,-112.24,-92.72
-63.44,-141.52,-78.08,102.48,4.88,-112.24,-43.92,-39.04,-63.44,-29.28,-122,-102.48
-63.44,-151.28,-87.84,107.36,9.76,-122,-29.28,-34.16,-63.44,-34.16,-126.88,-107.36
-73.2,-151.28,-78.08,112.24,0,-117.12,-29.28,-29.28,-68.32,-34.16,-131.76,-112.24
-68.32,-156.16,-87.84,112.24,9.76,-122,-39.04,-39.04,-73.2,-39.04,-126.88,-122
-53.68,-151.28,-97.6,102.48,19.52,-126.88,-39.04,-39.04,-68.32,-39.04,-131.76,-117.12
-53.68,-151.28,-97.6,102.48,19.52,-126.88,-34.16,-34.16,-58.56,-24.4,-122,-112.24
-39.04,-146.4,-107.36,92.72,34.16,-126.88,-34.16,-34.16,-53.68,-24.4,-117.12,-107.36
-29.28,-141.52,-112.24,87.84,39.04,-126.88,-24.4,-14.64,-43.92,-24.4,-112.24,-102.48
-19.52,-131.76,-112.24,78.08,43.92,-122,-14.64,-14.64,-48.8,-34.16,-112.24,-102.48
-14.64,-131.76,-117.12,73.2,48.8,-126.88,-9.76,-9.76,-48.8,-39.04,-122,-112.24
-19.52,-146.4,-126.88,82.96,53.68,-136.64,-14.64,-9.76,-63.44,-53.68,-136.64,-126.88
-34.16,-170.8,-136.64,102.48,48.8,-156.16,-9.76,-9.76,-63.44,-34.16,-131.76,-122
-29.28,-161.04,-131.76,97.6,48.8,-146.4,-14.64,-14.64,-58.56,-4.88,-131.76,-126.88
-14.64,-151.28,-136.64,82.96,58.56,-146.4,-19.52,-14.64,-53.68,19.52,-126.88,-126.88
-4.88,-136.64,-131.76,73.2,63.44,-136.64,-14.64,-9.76,-39.04,34.16,-117.12,-112.24
14.64,-131.76,-146.4,58.56,78.08,-141.52,-9.76,4.88,-29.28,29.28,-112.24,-107.36
24.4,-131.76,-156.16,53.68,87.84,-146.4,0,4.88,-29.28,19.52,-112.24,-112.24
39.04,-126.88,-165.92,43.92,102.48,-146.4,4.88,9.76,-39.04,0,-117.12,-112.24
34.16,-122,-156.16,43.92,92.72,-141.52,4.88,14.64,-34.16,-14.64,-122,-112.24
19.52,-122,-141.52,53.68,78.08,-131.76,0,9.76,-43.92,-24.4,-126.88,-117.12
19.52,-122,-141.52,53.68,78.08,-131.76,-4.88,0,-39.04,-24.4,-117.12,-117.12
19.52,-136.64,-156.16,58.56,87.84,-146.4,-4.88,0,-39.04,-19.52,-112.24,-117.12
29.28,-126.88,-156.16,48.8,92.72,-141.52,-4.88,0,-24.4,-9.76,-102.48,-102.48
43.92,-112.24,-156.16,34.16,97.6,-136.64,4.88,9.76,-14.64,14.64,-87.84,-87.84
48.8,-117.12,-165.92,34.16,107.36,-141.52,9.76,14.64,-14.64,63.44,-87.84,-82.96
58.56,-117.12,-175.68,29.28,117.12,-146.4,9.76,14.64,-24.4,117.12,-92.72,-82.96
29.28,-126.88,-156.16,48.8,92.72,-141.52,14.64,19.52,-19.52,131.76,-92.72,-73.2
24.4,-126.88,-151.28,53.68,87.84,-141.52,9.76,14.64,-34.16,112.24,-107.36,-78.08
29.28,-107.36,-136.64,39.04,82.96,-122,0,0,-43.92,112.24,-112.24,-78.08
39.04,-102.48,-141.52,34.16,87.84,-122,-14.64,-4.88,-43.92,107.36,-117.12,-82.96
58.56,-87.84,-146.4,14.64,102.48,-117.12,-19.52,-14.64,-39.04,92.72,-112.24,-82.96
68.32,-82.96,-151.28,9.76,107.36,-117.12,-19.52,-14.64,-39.04,87.84,-97.6,-68.32
58.56,-87.84,-146.4,14.64,102.48,-117.12,-14.64,-4.88,-34.16,87.84,-87.84,-63.44
53.68,-87.84,-141.52,19.52,97.6,-117.12,-9.76,0,-34.16,107.36,-87.84,-53.68
48.8,-87.84,-136.64,19.52,92.72,-112.24,-14.64,-9.76,-43.92,102.48,-87.84,-48.8
48.8,-102.48,-151.28,29.28,97.6,-126.88,-14.64,-14.64,-58.56,68.32,-97.6,-58.56
48.8,-102.48,-151.28,29.28,97.6,-126.88,-24.4,-24.4,-68.32,63.44,-87.84,-53.68
48.8,-107.36,-156.16,29.28,102.48,-131.76,-29.28,-29.28,-58.56,53.68,-82.96,-48.8
63.44,-82.96,-146.4,9.76,102.48,-117.12,-34.16,-34.16,-53.68,53.68,-82.96,-43.92
78.08,-58.56,-136.64,-9.76,107.36,-97.6,-43.92,-39.04,-53.68,63.44,-68.32,-29.28
63.44,-58.56,-122,0,92.72,-92.72,-39.04,-34.16,-53.68,73.2,-68.32,-29.28
53.68,-48.8,-102.48,0,78.08,-78.08,-29.28,-24.4,-48.8,58.56,-63.44,-24.4
63.44,-34.16,-97.6,-14.64,78.08,-68.32,-34.16,-24.4,-53.68,34.16,-73.2,-24.4
63.44,-43.92,-107.36,-9.76,82.96,-78.08,-39.04,-34.16,-68.32,9.76,-82.96,-29.28
58.56,-43.92,-102.48,-4.88,78.08,-73.2,-43.92,-43.92,-73.2,9.76,-82.96,-34.16
43.92,-53.68,-97.6,4.88,68.32,-78.08,-58.56,-58.56,-73.2,-9.76,-78.08,-34.16
43.92,-48.8,-92.72,4.88,68.32,-73.2,-58.56,-58.56,-63.44,0,-63.44,-29.28
43.92,-43.92,-87.84,0,63.44,-68.32,-48.8,-48.8,-48.8,4.88,-53.68,-24.4
43.92,-29.28,-73.2,-4.88,58.56,-53.68,-43.92,-39.04,-39.04,4.88,-43.92,-14.64
29.28,-14.64,-43.92,-4.88,34.16,-29.28,-24.4,-19.52,-24.4,4.88,-29.28,0
14.64,-14.64,-29.28,0,19.52,-24.4,-29.28,-19.52,-29.28,-14.64,-34.16,-4.88
4.88,-29.28,-34.16,14.64,19.52,-34.16,-29.28,-24.4,-39.04,-29.28,-39.04,-9.76
0,-24.4,-24.4,14.64,9.76,-24.4,-29.28,-24.4,-43.92,-34.16,-43.92,-14.64
0,-29.28,-29.28,14.64,14.64,-29.28,-34.16,-29.28,-39.04,-29.28,-43.92,-19.52
-14.64,-29.28,-14.64,24.4,0,-24.4,-39.04,-34.16,-39.04,-14.64,-39.04,-14.64
-24.4,-29.28,-4.88,29.28,-9.76,-19.52,-43.92,-39.04,-39.04,-9.76,-39.04,-19.52
-4.88,-29.28,-24.4,19.52,9.76,-29.28,-48.8,-43.92,-34.16,-4.88,-34.16,-14.64
0,-29.28,-29.28,14.64,14.64,-29.28,-34.16,-24.4,-29.28,4.88,-19.52,-4.88
-4.88,-19.52,-14.64,14.64,4.88,-19.52,-34.16,-29.28,-34.16,-19.52,-34.16,-4.88
-19.52,-39.04,-19.52,29.28,0,-29.28,-34.16,-29.28,-29.28,-19.52,-29.28,-9.76
-29.28,-48.8,-19.52,39.04,-4.88,-34.16,-34.16,-29.28,-39.04,-34.16,-43.92,-24.4
-39.04,-48.8,-9.76,43.92,-14.64,-29.28,-34.16,-29.28,-39.04,-43.92,-48.8,-24.4
-29.28,-48.8,-19.52,39.04,-4.88,-34.16,-39.04,-34.16,-39.04,-43.92,-43.92,-24.4
-19.52,-34.16,-14.64,29.28,-4.88,-24.4,-43.92,-34.16,-39.04,-48.8,-48.8,-24.4
-14.64,-39.04,-24.4,29.28,4.88,-34.16,-43.92,-39.04,-34.16,-48.8,-34.16,-19.52
-19.52,-34.16,-14.64,29.28,-4.88,-24.4,-39.04,-29.28,-29.28,-48.8,-29.28,-9.76
-34.16,-48.8,-14.64,43.92,-9.76,-34.16,-19.52,-9.76,-24.4,-58.56,-19.52,-4.88
-34.16,-58.56,-24.4,48.8,-4.88,-43.92,-24.4,-9.76,-34.16,-73.2,-34.16,-9.76
-29.28,-53.68,-24.4,43.92,-4.88,-39.04,-24.4,-19.52,-48.8,-82.96,-43.92,-14.64
-53.68,-63.44,-9.76,58.56,-24.4,-39.04,-29.28,-24.4,-48.8,-73.2,-43.92,-19.52
-48.8,-68.32,-19.52,58.56,-14.64,-43.92,-39.04,-34.16,-48.8,-68.32,-48.8,-19.52
-29.28,-53.68,-24.4,43.92,-4.88,-39.04,-48.8,-43.92,-53.68,-68.32,-48.8,-24.4
-39.04,-53.68,-14.64,48.8,-14.64,-34.16,-39.04,-34.16,-39.04,-43.92,-39.04,-14.64
-34.16,-39.04,-4.88,39.04,-14.64,-24.4,-43.92,-34.16,-34.16,-48.8,-39.04,-14.64
-34.16,-39.04,-4.88,39.04,-14.64,-24.4,-39.04,-29.28,-43.92,-58.56,-43.92,-19.52
-24.4,-39.04,-14.64,34.16,-4.88,-29.28,-39.04,-24.4,-48.8,-63.44,-48.8,-24.4
-24.4,-39.04,-14.64,34.16,-4.88,-29.28,-34.16,-24.4,-43.92,-68.32,-53.68,-24.4
-34.16,-48.8,-14.64,43.92,-9.76,-34.16,-29.28,-19.52,-48.8,-63.44,-58.56,-24.4
-58.56,-58.56,0,58.56,-29.28,-29.28,-39.04,-29.28,-53.68,-73.2,-63.44,-34.16
-39.04,-48.8,-9.76,43.92,-14.64,-29.28,-53.68,-43.92,-63.44,-73.2,-68.32,-43.92
-24.4,-48.8,-24.4,39.04,0,-39.04,-53.68,-43.92,-58.56,-73.2,-58.56,-34.16
-34.16,-39.04,-4.88,39.04,-14.64,-24.4,-48.8,-39.04,-48.8,-68.32,-39.04,-19.52
-29.28,-39.04,-9.76,34.16,-9.76,-24.4,-39.04,-29.28,-43.92,-63.44,-43.92,-9.76
-14.64,-29.28,-14.64,24.4,0,-24.4,-34.16,-29.28,-43.92,-68.32,-43.92,-9.76
-29.28,-29.28,0,29.28,-14.64,-14.64,-34.16,-29.28,-43.92,-63.44,-53.68,-14.64
-34.16,-39.04,-4.88,39.04,-14.64,-24.4,-34.16,-34.16,-53.68,-73.2,-58.56,-29.28
-39.04,-39.04,0,39.04,-19.52,-19.52,-34.16,-29.28,-48.8,-63.44,-58.56,-29.28
-29.28,-29.28,0,29.28,-14.64,-14.64,-34.16,-29.28,-43.92,-48.8,-48.8,-19.52
-19.52,-29.28,-9.76,24.4,-4.88,-19.52,-43.92,-39.04,-48.8,-53.68,-53.68,-29.28
-14.64,-24.4,-9.76,19.52,-4.88,-19.52,-48.8,-39.04,-39.04,-48.8,-39.04,-19.52
-14.64,-34.16,-19.52,24.4,0,-29.28,-48.8,-43.92,-43.92,-58.56,-43.92,-19.52
-14.64,-39.04,-24.4,29.28,4.88,-34.16,-34.16,-29.28,-34.16,-48.8,-34.16,-14.64
-24.4,-34.16,-9.76,29.28,-9.76,-24.4,-24.4,-19.52,-24.4,-48.8,-29.28,-9.76
-29.28,-53.68,-24.4,43.92,-4.88,-39.04,-19.52,-14.64,-29.28,-53.68,-39.04,-14.64
-39.04,-58.56,-19.52,48.8,-9.76,-39.04,-24.4,-19.52,-29.28,-48.8,-39.04,-19.52
-34.16,-48.8,-14.64,43.92,-9.76,-34.16,-34.16,-29.28,-29.28,-43.92,-34.16,-14.64
-34.16,-48.8,-14.64,43.92,-9.76,-34.16,-39.04,-34.16,-29.28,-39.04,-29.28,-14.64
-29.28,-24.4,4.88,29.28,-19.52,-9.76,-34.16,-29.28,-19.52,-24.4,-19.52,-9.76
-9.76,-9.76,0,9.76,-4.88,-4.88,-29.28,-19.52,-14.64,-19.52,-19.52,-14.64
-14.64,-4.88,9.76,9.76,-14.64,0,-4.88,0,9.76,-4.88,-24.4,-9.76
-39.04,-4.88,34.16,24.4,-39.04,14.64,48.8,53.68,63.44,43.92,0,0
-9.76,4.88,14.64,4.88,-14.64,9.76,102.48,102.48,122,102.48,39.04,4.88
53.68,29.28,-24.4,-39.04,39.04,0,156.16,165.92,204.96,200.08,92.72,24.4
78.08,78.08,0,-78.08,39.04,39.04,219.6,224.48,312.32,346.48,209.84,78.08
122,122,0,-122,58.56,58.56,292.8,302.56,444.08,541.68,356.24,141.52
195.2,180.56,-14.64,-185.44,102.48,82.96,380.64,385.52,580.72,741.76,522.16,219.6
292.8,258.64,-34.16,-273.28,161.04,112.24,444.08,448.96,707.6,956.48,722.24,326.96
405.04,375.76,-29.28,-390.4,214.72,170.8,488,497.76,824.72,1156.56,961.36,478.24
527.04,531.92,4.88,-527.04,258.64,268.4,522.16,531.92,941.84,1381.04,1254.16,668.56
668.56,678.32,9.76,-673.44,326.96,341.6,570.96,585.6,1093.12,1649.44,1590.88,873.52
810.08,834.48,24.4,-819.84,390.4,429.44,658.8,663.68,1263.92,1922.72,1908.08,1073.6
902.8,980.88,78.08,-941.84,409.92,527.04,795.44,805.2,1454.24,2161.84,2161.84,1234.64
941.84,1068.72,126.88,-1005.28,405.04,595.36,951.6,961.36,1595.76,2274.08,2298.48,1346.88
936.96,1058.96,122,-995.52,405.04,590.48,1024.8,1039.44,1566.48,2156.96,2210.64,1327.36
868.64,897.92,29.28,-883.28,419.68,463.6,1088.24,1098,1439.6,1888.56,1898.32,1141.92
732,649.04,-82.96,-688.08,405.04,283.04,1176.08,1180.96,1268.8,1507.92,1483.52,878.4
507.52,478.24,-29.28,-492.88,268.4,224.48,1127.28,1122.4,1024.8,1054.08,1093.12,697.84
273.28,424.56,151.28,-346.48,58.56,287.92,834.48,844.24,678.32,566.08,756.4,595.36
53.68,385.52,331.84,-219.6,-141.52,356.24,497.76,502.64,278.16,58.56,385.52,478.24
-136.64,317.2,453.84,-87.84,-297.68,385.52,190.32,200.08,-78.08,-336.72,73.2,356.24
-268.4,253.76,522.16,9.76,-395.28,385.52,-24.4,-14.64,-292.8,-580.72,-146.4,248.88
-351.36,204.96,556.32,73.2,-453.84,380.64,-156.16,-156.16,-419.68,-683.2,-307.44,151.28
-419.68,112.24,531.92,156.16,-478.24,322.08,-312.32,-312.32,-561.2,-761.28,-434.32,43.92
-409.92,39.04,448.96,185.44,-429.44,244,-458.72,-453.84,-663.68,-785.68,-507.52,-39.04
-375.76,24.4,400.16,175.68,-390.4,209.84,-492.88,-492.88,-658.8,-732,-473.36,-58.56
-341.6,34.16,375.76,156.16,-361.12,204.96,-512.4,-507.52,-619.76,-653.92,-414.8,-39.04
-297.68,58.56,356.24,122,-326.96,204.96,-527.04,-522.16,-580.72,-570.96,-351.36,-19.52
-263.52,34.16,297.68,117.12,-283.04,165.92,-512.4,-517.28,-546.56,-507.52,-317.2,-29.28
-248.88,-4.88,244,126.88,-248.88,117.12,-478.24,-478.24,-507.52,-448.96,-297.68,-53.68
-209.84,-34.16,175.68,122,-195.2,68.32,-434.32,-439.2,-448.96,-375.76,-283.04,-73.2
-180.56,-78.08,102.48,131.76,-141.52,9.76,-366,-366,-390.4,-312.32,-258.64,-97.6
-146.4,-102.48,43.92,126.88,-97.6,-29.28,-312.32,-302.56,-326.96,-253.76,-244,-117.12
-141.52,-117.12,24.4,131.76,-82.96,-48.8,-258.64,-248.88,-283.04,-214.72,-234.24,-126.88
-156.16,-165.92,-9.76,161.04,-73.2,-87.84,-214.72,-204.96,-253.76,-200.08,-224.48,-136.64
-126.88,-180.56,-53.68,156.16,-39.04,-117.12,-175.68,-175.68,-229.36,-190.32,-234.24,-146.4
-141.52,-204.96,-63.44,175.68,-39.04,-136.64,-151.28,-146.4,-219.6,-195.2,-239.12,-161.04
-141.52,-214.72,-73.2,180.56,-34.16,-146.4,-126.88,-122,-209.84,-185.44,-234.24,-165.92
-131.76,-209.84,-78.08,170.8,-29.28,-146.4,-136.64,-126.88,-195.2,-170.8,-234.24,-170.8
-122,-224.48,-102.48,175.68,-9.76,-165.92,-131.76,-122,-185.44,-165.92,-234.24,-175.68
-97.6,-209.84,-112.24,156.16,4.88,-161.04,-117.12,-112.24,-156.16,-161.04,-224.48,-170.8
-87.84,-185.44,-97.6,136.64,4.88,-141.52,-78.08,-73.2,-122,-131.76,-204.96,-151.28
-73.2,-170.8,-97.6,122,9.76,-136.64,-53.68,-48.8,-112.24,-122,-195.2,-146.4
-63.44,-141.52,-78.08,102.48,4.88,-112.24,-34.16,-29.28,-97.6,-112.24,-190.32,-141.52
-78.08,-141.52,-63.44,112.24,-9.76,-102.48,-14.64,-4.88,-82.96,-117.12,-190.32,-141.52
-97.6,-136.64,-39.04,117.12,-29.28,-87.84,9.76,14.64,-68.32,-112.24,-175.68,-131.76
-92.72,-107.36,-14.64,102.48,-39.04,-63.44,19.52,24.4,-63.44,-97.6,-165.92,-126.88
-102.48,-92.72,9.76,97.6,-58.56,-43.92,29.28,29.28,-48.8,-78.08,-151.28,-117.12
-107.36,-92.72,14.64,102.48,-63.44,-39.04,24.4,24.4,-39.04,-68.32,-151.28,-117.12
-112.24,-87.84,24.4,102.48,-68.32,-34.16,24.4,24.4,-34.16,-68.32,-141.52,-112.24
-102.48,-87.84,14.64,97.6,-58.56,-39.04,19.52,19.52,-34.16,-82.96,-141.52,-107.36
-102.48,-92.72,9.76,97.6,-58.56,-43.92,24.4,24.4,-29.28,-97.6,-141.52,-102.48
-107.36,-92.72,14.64,102.48,-63.44,-39.04,19.52,4.88,-43.92,-117.12,-151.28,-107.36
-112.24,-82.96,29.28,97.6,-73.2,-29.28,9.76,0,-53.68,-122,-156.16,-102.48
-117.12,-73.2,43.92,97.6,-82.96,-14.64,-9.76,-14.64,-53.68,-112.24,-151.28,-97.6
-112.24,-68.32,43.92,92.72,-78.08,-14.64,-29.28,-34.16,-58.56,-112.24,-146.4,-107.36
-102.48,-58.56,43.92,82.96,-73.2,-9.76,-34.16,-39.04,-48.8,-92.72,-141.52,-97.6
-107.36,-48.8,58.56,78.08,-82.96,4.88,-48.8,-48.8,-39.04,-82.96,-126.88,-92.72
-107.36,-43.92,63.44,78.08,-87.84,9.76,-43.92,-43.92,-39.04,-78.08,-117.12,-82.96
-97.6,-43.92,53.68,73.2,-78.08,4.88,-34.16,-34.16,-43.92,-82.96,-122,-82.96
-107.36,-68.32,39.04,87.84,-73.2,-14.64,-29.28,-29.28,-43.92,-102.48,-126.88,-87.84
-112.24,-73.2,39.04,92.72,-78.08,-19.52,-29.28,-29.28,-53.68,-117.12,-136.64,-92.72
-112.24,-78.08,34.16,97.6,-73.2,-24.4,-34.16,-39.04,-63.44,-117.12,-141.52,-97.6
-112.24,-97.6,14.64,107.36,-63.44,-43.92,-48.8,-48.8,-63.44,-117.12,-146.4,-102.48
-117.12,-102.48,14.64,112.24,-68.32,-43.92,-43.92,-48.8,-58.56,-107.36,-126.88,-97.6
-107.36,-97.6,9.76,102.48,-58.56,-43.92,-48.8,-53.68,-58.56,-97.6,-117.12,-92.72
-97.6,-97.6,0,97.6,-48.8,-48.8,-43.92,-53.68,-53.68,-97.6,-112.24,-82.96
-78.08,-87.84,-9.76,82.96,-34.16,-48.8,-43.92,-48.8,-53.68,-97.6,-112.24,-73.2
-87.84,-97.6,-9.76,92.72,-39.04,-53.68,-34.16,-43.92,-63.44,-102.48,-126.88,-87.84
-107.36,-112.24,-4.88,112.24,-53.68,-58.56,-34.16,-34.16,-68.32,-117.12,-136.64,-97.6
-102.48,-112.24,-9.76,107.36,-48.8,-63.44,-43.92,-39.04,-82.96,-126.88,-151.28,-112.24
-87.84,-122,-34.16,107.36,-29.28,-78.08,-53.68,-53.68,-97.6,-126.88,-156.16,-122
-78.08,-122,-43.92,102.48,-19.52,-82.96,-63.44,-58.56,-97.6,-122,-156.16,-122
-102.48,-117.12,-14.64,112.24,-43.92,-68.32,-53.68,-48.8,-82.96,-102.48,-131.76,-117.12
-102.48,-126.88,-24.4,117.12,-39.04,-78.08,-43.92,-39.04,-68.32,-97.6,-122,-107.36
-73.2,-126.88,-53.68,102.48,-9.76,-92.72,-43.92,-39.04,-63.44,-97.6,-126.88,-102.48
-68.32,-117.12,-48.8,92.72,-9.76,-82.96,-34.16,-34.16,-68.32,-97.6,-126.88,-107.36
-73.2,-122,-48.8,97.6,-14.64,-87.84,-19.52,-19.52,-58.56,-97.6,-126.88,-102.48
-63.44,-117.12,-53.68,92.72,-4.88,-87.84,-24.4,-19.52,-68.32,-102.48,-141.52,-117.12
-78.08,-122,-43.92,102.48,-19.52,-82.96,-34.16,-29.28,-73.2,-112.24,-141.52,-117.12
-73.2,-117.12,-43.92,97.6,-14.64,-82.96,-34.16,-29.28,-63.44,-97.6,-141.52,-122
-53.68,-107.36,-53.68,82.96,0,-82.96,-39.04,-34.16,-63.44,-87.84,-136.64,-126.88
-48.8,-112.24,-63.44,82.96,4.88,-87.84,-39.04,-29.28,-53.68,-73.2,-122,-122
-43.92,-112.24,-68.32,78.08,9.76,-92.72,-24.4,-19.52,-39.04,-63.44,-107.36,-112.24
-39.04,-122,-82.96,82.96,19.52,-102.48,-19.52,-9.76,-48.8,-73.2,-112.24,-122
-34.16,-136.64,-102.48,87.84,34.16,-122,-9.76,0,-43.92,-78.08,-117.12,-112.24
-39.04,-136.64,-97.6,87.84,29.28,-117.12,-4.88,4.88,-53.68,-82.96,-126.88,-122
-39.04,-141.52,-102.48,92.72,29.28,-122,-9.76,-9.76,-58.56,-78.08,-136.64,-126.88
-29.28,-126.88,-97.6,78.08,34.16,-112.24,-14.64,-9.76,-53.68,-68.32,-136.64,-122
-24.4,-122,-97.6,73.2,34.16,-112.24,-14.64,-14.64,-48.8,-58.56,-136.64,-126.88
-14.64,-112.24,-97.6,63.44,39.04,-107.36,-14.64,-14.64,-43.92,-48.8,-122,-126.88
0,-87.84,-87.84,43.92,43.92,-87.84,0,0,-24.4,-24.4,-102.48,-107.36
0,-92.72,-92.72,48.8,43.92,-92.72,4.88,9.76,-19.52,-29.28,-102.48,-112.24
4.88,-92.72,-97.6,43.92,48.8,-97.6,14.64,14.64,-24.4,-29.28,-107.36,-107.36
14.64,-102.48,-117.12,43.92,63.44,-112.24,4.88,14.64,-29.28,-43.92,-117.12,-112.24
4.88,-117.12,-122,58.56,63.44,-122,4.88,9.76,-39.04,-53.68,-126.88,-117.12
19.52,-117.12,-136.64,48.8,78.08,-126.88,0,9.76,-39.04,-48.8,-122,-117.12
4.88,-122,-126.88,58.56,63.44,-126.88,-4.88,4.88,-29.28,-39.04,-112.24,-112.24
4.88,-122,-126.88,58.56,63.44,-126.88,-4.88,4.88,-29.28,-29.28,-107.36,-107.36
29.28,-92.72,-122,34.16,73.2,-107.36,0,4.88,-19.52,-14.64,-97.6,-92.72
29.28,-92.72,-122,34.16,73.2,-107.36,14.64,19.52,-9.76,-9.76,-82.96,-87.84
39.04,-82.96,-122,24.4,78.08,-102.48,14.64,19.52,-14.64,-19.52,-82.96,-82.96
53.68,-73.2,-126.88,9.76,87.84,-102.48,19.52,24.4,-14.64,-24.4,-87.84,-78.08
48.8,-78.08,-126.88,14.64,87.84,-102.48,4.88,9.76,-34.16,-43.92,-107.36,-97.6
43.92,-82.96,-126.88,19.52,82.96,-107.36,4.88,14.64,-34.16,-43.92,-107.36,-92.72
29.28,-92.72,-122,34.16,73.2,-107.36,0,4.88,-34.16,-39.04,-102.48,-82.96
34.16,-92.72,-126.88,29.28,78.08,-112.24,-4.88,0,-34.16,-34.16,-97.6,-78.08
48.8,-82.96,-131.76,19.52,87.84,-107.36,-9.76,0,-29.28,-24.4,-82.96,-68.32
63.44,-78.08,-141.52,9.76,102.48,-112.24,-9.76,0,-29.28,-24.4,-82.96,-58.56
68.32,-78.08,-146.4,4.88,107.36,-112.24,4.88,9.76,-24.4,-24.4,-68.32,-48.8
73.2,-68.32,-141.52,0,107.36,-107.36,-4.88,4.88,-34.16,-39.04,-78.08,-43.92
53.68,-73.2,-126.88,9.76,87.84,-102.48,-9.76,-4.88,-43.92,-48.8,-82.96,-48.8
58.56,-63.44,-122,4.88,87.84,-92.72,-19.52,-14.64,-53.68,-53.68,-97.6,-53.68
73.2,-58.56,-131.76,-4.88,102.48,-97.6,-29.28,-19.52,-53.68,-43.92,-92.72,-48.8
58.56,-53.68,-112.24,0,82.96,-82.96,-29.28,-24.4,-53.68,-34.16,-78.08,-39.04
68.32,-39.04,-107.36,-14.64,87.84,-73.2,-34.16,-29.28,-43.92,-24.4,-68.32,-29.28
78.08,-29.28,-107.36,-24.4,92.72,-68.32,-39.04,-29.28,-39.04,-19.52,-58.56,-14.64
78.08,-34.16,-112.24,-19.52,92.72,-73.2,-34.16,-24.4,-43.92,-19.52,-53.68,-19.52
68.32,-39.04,-107.36,-14.64,87.84,-73.2,-29.28,-24.4,-43.92,-34.16,-58.56,-19.52
58.56,-53.68,-112.24,0,82.96,-82.96,-29.28,-24.4,-48.8,-39.04,-53.68,-19.52
53.68,-48.8,-102.48,0,78.08,-78.08,-29.28,-24.4,-58.56,-48.8,-58.56,-19.52
53.68,-43.92,-97.6,-4.88,73.2,-73.2,-53.68,-43.92,-68.32,-53.68,-68.32,-29.28
48.8,-39.04,-87.84,-4.88,68.32,-63.44,-53.68,-43.92,-58.56,-43.92,-53.68,-19.52
43.92,-24.4,-68.32,-9.76,53.68,-48.8,-48.8,-39.04,-48.8,-29.28,-43.92,-9.76
43.92,-24.4,-68.32,-9.76,53.68,-48.8,-48.8,-43.92,-43.92,-29.28,-29.28,-9.76
48.8,-24.4,-73.2,-9.76,58.56,-48.8,-39.04,-29.28,-39.04,-19.52,-24.4,-4.88
48.8,-9.76,-58.56,-19.52,53.68,-34.16,-29.28,-24.4,-34.16,-24.4,-29.28,0
24.4,-29.28,-53.68,4.88,39.04,-43.92,-29.28,-24.4,-39.04,-34.16,-29.28,-4.88
14.64,-34.16,-48.8,9.76,29.28,-43.92,-34.16,-29.28,-48.8,-48.8,-39.04,-14.64
0,-48.8,-48.8,24.4,24.4,-48.8,-34.16,-29.28,-53.68,-53.68,-43.92,-19.52
-4.88,-48.8,-43.92,29.28,19.52,-48.8,-39.04,-34.16,-53.68,-53.68,-43.92,-14.64
-4.88,-39.04,-34.16,24.4,14.64,-39.04,-48.8,-43.92,-53.68,-43.92,-39.04,-19.52
-9.76,-43.92,-34.16,29.28,9.76,-39.04,-43.92,-39.04,-43.92,-39.04,-24.4,-9.76
0,-43.92,-43.92,24.4,19.52,-43.92,-39.04,-34.16,-43.92,-34.16,-19.52,-4.88
-9.76,-39.04,-29.28,24.4,9.76,-34.16,-34.16,-29.28,-34.16,-34.16,-19.52,0
-14.64,-43.92,-29.28,29.28,4.88,-39.04,-34.16,-29.28,-39.04,-43.92,-24.4,-4.88
-9.76,-39.04,-29.28,24.4,9.76,-34.16,-24.4,-19.52,-39.04,-43.92,-29.28,-4.88
-24.4,-43.92,-19.52,34.16,-4.88,-34.16,-39.04,-39.04,-48.8,-48.8,-43.92,-19.52
-19.52,-53.68,-34.16,39.04,4.88,-43.92,-43.92,-43.92,-48.8,-48.8,-39.04,-19.52
-19.52,-48.8,-29.28,34.16,4.88,-39.04,-48.8,-43.92,-48.8,-48.8,-39.04,-19.52
-19.52,-53.68,-34.16,39.04,4.88,-43.92,-58.56,-53.68,-43.92,-43.92,-29.28,-19.52
-14.64,-43.92,-29.28,29.28,4.88,-39.04,-53.68,-48.8,-39.04,-39.04,-19.52,-9.76
-14.64,-48.8,-34.16,34.16,9.76,-43.92,-39.04,-34.16,-39.04,-39.04,-24.4,-9.76
-19.52,-58.56,-39.04,39.04,9.76,-48.8,-43.92,-34.16,-39.04,-48.8,-24.4,-9.76
-24.4,-63.44,-39.04,43.92,4.88,-53.68,-34.16,-29.28,-39.04,-53.68,-34.16,-14.64
-24.4,-68.32,-43.92,48.8,9.76,-58.56,-39.04,-34.16,-48.8,-63.44,-39.04,-19.52
-29.28,-63.44,-34.16,48.8,0,-48.8,-43.92,-39.04,-48.8,-58.56,-43.92,-24.4
-34.16,-58.56,-24.4,48.8,-4.88,-43.92,-39.04,-39.04,-43.92,-48.8,-39.04,-19.52
-34.16,-58.56,-24.4,48.8,-4.88,-43.92,-43.92,-39.04,-43.92,-43.92,-34.16,-14.64
-19.52,-39.04,-19.52,29.28,0,-29.28,-48.8,-39.04,-39.04,-39.04,-24.4,-9.76
-19.52,-29.28,-9.76,24.4,-4.88,-19.52,-39.04,-39.04,-39.04,-39.04,-29.28,-14.64
-19.52,-34.16,-14.64,29.28,-4.88,-24.4,-34.16,-34.16,-43.92,-43.92,-34.16,-19.52
-14.64,-39.04,-24.4,29.28,4.88,-34.16,-43.92,-39.04,-53.68,-63.44,-43.92,-24.4
-24.4,-63.44,-39.04,43.92,4.88,-53.68,-39.04,-34.16,-63.44,-73.2,-48.8,-29.28
-39.04,-68.32,-29.28,53.68,-4.88,-48.8,-39.04,-34.16,-63.44,-68.32,-48.8,-34.16
-39.04,-68.32,-29.28,53.68,-4.88,-48.8,-39.04,-39.04,-58.56,-63.44,-48.8,-34.16
-24.4,-63.44,-39.04,43.92,4.88,-53.68,-43.92,-39.04,-58.56,-58.56,-43.92,-34.16
-14.64,-48.8,-34.16,34.16,9.76,-43.92,-43.92,-39.04,-53.68,-53.68,-34.16,-24.4
-14.64,-39.04,-24.4,29.28,4.88,-34.16,-43.92,-39.04,-48.8,-48.8,-39.04,-29.28
-14.64,-39.04,-24.4,29.28,4.88,-34.16,-39.04,-39.04,-48.8,-53.68,-34.16,-24.4
-14.64,-34.16,-19.52,24.4,0,-29.28,-34.16,-29.28,-48.8,-58.56,-34.16,-19.52
-14.64,-39.04,-24.4,29.28,4.88,-34.16,-34.16,-29.28,-58.56,-68.32,-48.8,-39.04
-19.52,-48.8,-29.28,34.16,4.88,-39.04,-34.16,-29.28,-53.68,-68.32,-53.68,-39.04
-14.64,-58.56,-43.92,39.04,14.64,-53.68,-43.92,-43.92,-63.44,-73.2,-48.8,-43.92
-19.52,-63.44,-43.92,43.92,9.76,-53.68,-48.8,-43.92,-58.56,-68.32,-43.92,-39.04
-29.28,-58.56,-29.28,43.92,0,-43.92,-48.8,-43.92,-48.8,-53.68,-34.16,-34.16
-29.28,-53.68,-24.4,43.92,-4.88,-39.04,-43.92,-43.92,-39.04,-43.92,-24.4,-19.52
-24.4,-63.44,-39.04,43.92,4.88,-53.68,-39.04,-43.92,-39.04,-48.8,-24.4,-14.64
-29.28,-63.44,-34.16,48.8,0,-48.8,-34.16,-34.16,-34.16,-39.04,-14.64,-9.76
-34.16,-63.44,-29.28,48.8,-4.88,-48.8,-34.16,-29.28,-34.16,-48.8,-29.28,-14.64
-24.4,-53.68,-29.28,39.04,0,-43.92,-39.04,-34.16,-43.92,-48.8,-34.16,-19.52
-19.52,-39.04,-19.52,29.28,0,-29.28,-43.92,-43.92,-43.92,-43.92,-29.28,-19.52
-19.52,-29.28,-9.76,24.4,-4.88,-19.52,-48.8,-43.92,-39.04,-39.04,-29.28,-14.64
-14.64,-34.16,-19.52,24.4,0,-29.28,-48.8,-43.92,-34.16,-29.28,-19.52,-14.64
-19.52,-43.92,-24.4,34.16,0,-34.16,-48.8,-43.92,-29.28,-24.4,-14.64,-14.64
-19.52,-48.8,-29.28,34.16,4.88,-39.04,-39.04,-29.28,-14.64,-24.4,-9.76,-4.88
-19.52,-43.92,-24.4,34.16,0,-34.16,-9.76,-9.76,0,-9.76,-4.88,-9.76
-29.28,-48.8,-19.52,39.04,-4.88,-34.16,29.28,34.16,34.16,19.52,-4.88,-9.76
-4.88,-34.16,-29.28,19.52,9.76,-34.16,78.08,78.08,92.72,82.96,19.52,0
48.8,-4.88,-53.68,-19.52,48.8,-29.28,131.76,131.76,170.8,180.56,73.2,14.64
82.96,43.92,-39.04,-63.44,58.56,0,200.08,200.08,278.16,317.2,180.56,58.56
126.88,107.36,-19.52,-117.12,73.2,43.92,278.16,278.16,409.92,512.4,322.08,117.12
190.32,161.04,-29.28,-175.68,107.36,63.44,346.48,351.36,551.44,702.72,478.24,185.44
273.28,229.36,-43.92,-248.88,156.16,92.72,409.92,419.68,668.56,902.8,658.8,287.92
385.52,336.72,-48.8,-361.12,214.72,141.52,453.84,463.6,775.92,1093.12,878.4,414.8
473.36,468.48,-4.88,-468.48,239.12,229.36,478.24,488,888.16,1288.32,1146.8,590.48
610,619.76,9.76,-614.88,297.68,312.32,527.04,531.92,1034.56,1546.96,1483.52,805.2
741.76,771.04,29.28,-756.4,356.24,400.16,595.36,600.24,1200.48,1825.12,1825.12,1010.16
834.48,902.8,68.32,-868.64,380.64,483.12,712.48,717.36,1385.92,2064.24,2098.4,1190.72
897.92,1019.92,122,-956.48,385.52,570.96,863.76,873.52,1551.84,2205.76,2259.44,1317.6
897.92,1054.08,156.16,-976,370.88,605.12,961.36,966.24,1561.6,2137.44,2230.16,1346.88
849.12,946.72,97.6,-897.92,375.76,522.16,1029.68,1034.56,1439.6,1893.44,1966.64,1200.48
727.12,707.6,-19.52,-717.36,370.88,341.6,1122.4,1132.16,1288.32,1532.32,1556.72,946.72
507.52,497.76,-9.76,-502.64,258.64,244,1122.4,1127.28,1054.08,1073.6,1122.4,717.36
278.16,429.44,151.28,-351.36,63.44,287.92,902.8,912.56,736.88,590.48,761.28,595.36
58.56,390.4,331.84,-224.48,-136.64,361.12,570.96,575.84,331.84,78.08,385.52,468.48
-122,331.84,453.84,-102.48,-287.92,390.4,253.76,258.64,-24.4,-356.24,68.32,346.48
-253.76,283.04,536.8,-14.64,-395.28,409.92,4.88,4.88,-283.04,-634.4,-151.28,253.76
-351.36,209.84,561.2,73.2,-458.72,385.52,-146.4,-146.4,-444.08,-795.44,-312.32,161.04
-424.56,136.64,561.2,146.4,-492.88,346.48,-292.8,-287.92,-570.96,-897.92,-453.84,58.56
-429.44,63.44,492.88,185.44,-463.6,278.16,-458.72,-453.84,-707.6,-956.48,-536.8,-29.28
-400.16,29.28,429.44,185.44,-414.8,229.36,-527.04,-527.04,-717.36,-912.56,-522.16,-58.56
-375.76,34.16,409.92,170.8,-395.28,219.6,-541.68,-536.8,-668.56,-819.84,-458.72,-48.8
-336.72,53.68,390.4,141.52,-366,219.6,-561.2,-561.2,-629.52,-732,-400.16,-34.16
-302.56,48.8,351.36,126.88,-326.96,200.08,-551.44,-551.44,-585.6,-658.8,-356.24,-29.28
-263.52,24.4,287.92,122,-278.16,156.16,-517.28,-517.28,-541.68,-585.6,-326.96,-43.92
-234.24,-9.76,224.48,122,-229.36,107.36,-473.36,-473.36,-488,-522.16,-307.44,-68.32
-200.08,-53.68,146.4,126.88,-175.68,43.92,-409.92,-414.8,-424.56,-444.08,-278.16,-87.84
-180.56,-87.84,92.72,136.64,-136.64,0,-341.6,-341.6,-366,-380.64,-263.52,-107.36
-161.04,-131.76,29.28,146.4,-97.6,-53.68,-287.92,-292.8,-317.2,-346.48,-258.64,-126.88
-141.52,-165.92,-24.4,156.16,-58.56,-97.6,-244,-248.88,-292.8,-326.96,-258.64,-146.4
-131.76,-195.2,-63.44,165.92,-34.16,-131.76,-209.84,-219.6,-278.16,-322.08,-268.4,-165.92
-126.88,-214.72,-87.84,170.8,-19.52,-151.28,-180.56,-190.32,-253.76,-307.44,-268.4,-175.68
-122,-219.6,-97.6,170.8,-14.64,-161.04,-161.04,-165.92,-229.36,-292.8,-268.4,-185.44
-107.36,-219.6,-112.24,165.92,0,-165.92,-151.28,-161.04,-214.72,-273.28,-263.52,-190.32
-92.72,-214.72,-122,156.16,14.64,-170.8,-136.64,-141.52,-195.2,-239.12,-248.88,-180.56
-82.96,-200.08,-117.12,141.52,14.64,-161.04,-122,-131.76,-175.68,-224.48,-234.24,-175.68
-73.2,-195.2,-122,136.64,24.4,-161.04,-97.6,-102.48,-151.28,-204.96,-224.48,-165.92
-63.44,-175.68,-112.24,122,24.4,-146.4,-68.32,-78.08,-131.76,-195.2,-219.6,-156.16
-68.32,-151.28,-82.96,112.24,4.88,-117.12,-39.04,-48.8,-122,-185.44,-224.48,-156.16
-78.08,-146.4,-68.32,112.24,-4.88,-107.36,-14.64,-29.28,-102.48,-170.8,-209.84,-151.28
-73.2,-136.64,-63.44,107.36,-4.88,-102.48,-4.88,-24.4,-97.6,-165.92,-214.72,-156.16
-73.2,-131.76,-58.56,102.48,-9.76,-97.6,-4.88,-19.52,-97.6,-165.92,-209.84,-161.04
-82.96,-117.12,-34.16,102.48,-24.4,-78.08,9.76,-4.88,-68.32,-136.64,-190.32,-146.4
-92.72,-92.72,0,92.72,-48.8,-48.8,9.76,4.88,-53.68,-122,-175.68,-131.76
-92.72,-82.96,9.76,87.84,-53.68,-39.04,4.88,4.88,-48.8,-117.12,-165.92,-122
-82.96,-68.32,14.64,78.08,-48.8,-29.28,-9.76,-4.88,-48.8,-126.88,-170.8,-112.24
-73.2,-73.2,0,73.2,-39.04,-39.04,-14.64,-14.64,-63.44,-146.4,-180.56,-126.88
-78.08,-78.08,0,78.08,-39.04,-39.04,-19.52,-14.64,-73.2,-151.28,-185.44,-131.76
-87.84,-68.32,19.52,78.08,-53.68,-24.4,-24.4,-24.4,-78.08,-151.28,-190.32,-126.88
-82.96,-58.56,24.4,73.2,-53.68,-19.52,-58.56,-53.68,-92.72,-156.16,-195.2,-126.88
-92.72,-58.56,34.16,78.08,-63.44,-14.64,-68.32,-63.44,-87.84,-141.52,-190.32,-126.88
-97.6,-58.56,39.04,78.08,-68.32,-9.76,-73.2,-68.32,-78.08,-126.88,-180.56,-122
-82.96,-63.44,19.52,73.2,-53.68,-24.4,-73.2,-68.32,-73.2,-126.88,-170.8,-122
-82.96,-63.44,19.52,73.2,-53.68,-24.4,-63.44,-58.56,-68.32,-117.12,-156.16,-107.36
-82.96,-73.2,9.76,78.08,-48.8,-34.16,-58.56,-48.8,-63.44,-122,-161.04,-107.36
-92.72,-92.72,0,92.72,-48.8,-48.8,-48.8,-43.92,-63.44,-126.88,-156.16,-112.24
-97.6,-97.6,0,97.6,-48.8,-48.8,-43.92,-39.04,-63.44,-122,-165.92,-112.24
-92.72,-97.6,-4.88,97.6,-43.92,-53.68,-48.8,-43.92,-68.32,-126.88,-170.8,-117.12
-92.72,-87.84,4.88,92.72,-48.8,-43.92,-58.56,-53.68,-68.32,-117.12,-170.8,-117.12
-82.96,-73.2,9.76,78.08,-48.8,-34.16,-68.32,-63.44,-73.2,-112.24,-170.8,-122
-78.08,-82.96,-4.88,82.96,-39.04,-43.92,-68.32,-63.44,-73.2,-107.36,-165.92,-117.12
-63.44,-87.84,-24.4,78.08,-19.52,-58.56,-58.56,-53.68,-68.32,-97.6,-151.28,-117.12
-68.32,-107.36,-39.04,87.84,-14.64,-73.2,-58.56,-58.56,-78.08,-107.36,-156.16,-122
-68.32,-112.24,-43.92,92.72,-14.64,-78.08,-48.8,-43.92,-78.08,-107.36,-161.04,-122
-73.2,-122,-48.8,97.6,-14.64,-87.84,-43.92,-43.92,-87.84,-117.12,-165.92,-126.88
-82.96,-141.52,-58.56,112.24,-14.64,-102.48,-48.8,-48.8,-97.6,-126.88,-180.56,-131.76
-82.96,-141.52,-58.56,112.24,-14.64,-102.48,-48.8,-48.8,-97.6,-126.88,-180.56,-136.64
-78.08,-136.64,-58.56,107.36,-9.76,-97.6,-48.8,-43.92,-82.96,-107.36,-170.8,-131.76
-68.32,-126.88,-58.56,97.6,-4.88,-92.72,-48.8,-48.8,-78.08,-102.48,-165.92,-131.76
-58.56,-102.48,-43.92,82.96,-9.76,-73.2,-39.04,-39.04,-63.44,-87.84,-156.16,-122
-53.68,-97.6,-43.92,78.08,-4.88,-73.2,-34.16,-34.16,-58.56,-82.96,-156.16,-131.76
-53.68,-107.36,-53.68,82.96,0,-82.96,-24.4,-19.52,-53.68,-87.84,-156.16,-131.76
-48.8,-102.48,-53.68,78.08,0,-78.08,-19.52,-19.52,-58.56,-82.96,-165.92,-141.52
-58.56,-107.36,-48.8,82.96,-4.88,-78.08,-24.4,-19.52,-58.56,-87.84,-175.68,-151.28
-53.68,-117.12,-63.44,87.84,4.88,-92.72,-24.4,-24.4,-63.44,-92.72,-185.44,-161.04
-63.44,-126.88,-63.44,97.6,0,-97.6,-19.52,-19.52,-53.68,-78.08,-170.8,-151.28
-58.56,-136.64,-78.08,97.6,9.76,-107.36,-19.52,-19.52,-43.92,-68.32,-165.92,-146.4
-34.16,-131.76,-97.6,82.96,29.28,-117.12,-14.64,-14.64,-39.04,-53.68,-156.16,-141.52
-34.16,-122,-87.84,78.08,24.4,-107.36,-9.76,-9.76,-29.28,-48.8,-146.4,-141.52
-29.28,-112.24,-82.96,73.2,24.4,-97.6,0,4.88,-24.4,-39.04,-151.28,-141.52
-19.52,-107.36,-87.84,63.44,34.16,-97.6,9.76,14.64,-24.4,-43.92,-161.04,-151.28
-19.52,-117.12,-97.6,68.32,39.04,-107.36,4.88,4.88,-29.28,-53.68,-170.8,-161.04
-19.52,-126.88,-107.36,73.2,43.92,-117.12,14.64,9.76,-29.28,-48.8,-175.68,-165.92
-19.52,-117.12,-97.6,68.32,39.04,-107.36,19.52,14.64,-14.64,-29.28,-165.92,-156.16
-9.76,-122,-112.24,68.32,48.8,-117.12,9.76,14.64,-14.64,-24.4,-165.92,-161.04
-4.88,-112.24,-107.36,58.56,48.8,-112.24,19.52,19.52,-4.88,-14.64,-151.28,-156.16
0,-122,-122,63.44,58.56,-122,19.52,24.4,9.76,-4.88,-126.88,-146.4
9.76,-122,-131.76,58.56,68.32,-126.88,24.4,34.16,14.64,-9.76,-126.88,-146.4
19.52,-117.12,-136.64,48.8,78.08,-126.88,34.16,43.92,14.64,-9.76,-136.64,-151.28
14.64,-126.88,-141.52,58.56,78.08,-136.64,34.16,39.04,9.76,-19.52,-141.52,-151.28
9.76,-131.76,-141.52,63.44,73.2,-136.64,29.28,34.16,9.76,-19.52,-141.52,-146.4
9.76,-122,-131.76,58.56,68.32,-126.88,29.28,39.04,9.76,-9.76,-141.52,-146.4
9.76,-122,-131.76,58.56,68.32,-126.88,34.16,39.04,19.52,0,-126.88,-136.64
29.28,-97.6,-126.88,34.16,78.08,-112.24,24.4,24.4,14.64,0,-126.88,-136.64
39.04,-87.84,-126.88,24.4,82.96,-107.36,24.4,24.4,19.52,14.64,-117.12,-126.88
43.92,-87.84,-131.76,24.4,87.84,-112.24,34.16,39.04,24.4,14.64,-112.24,-117.12
48.8,-87.84,-136.64,19.52,92.72,-112.24,29.28,34.16,24.4,0,-112.24,-117.12
39.04,-97.6,-136.64,29.28,87.84,-117.12,34.16,39.04,14.64,-4.88,-117.12,-122
39.04,-87.84,-126.88,24.4,82.96,-107.36,29.28,29.28,0,-19.52,-131.76,-126.88
43.92,-82.96,-126.88,19.52,82.96,-107.36,14.64,19.52,-9.76,-29.28,-146.4,-136.64
39.04,-82.96,-122,24.4,78.08,-102.48,9.76,9.76,-9.76,-24.4,-136.64,-131.76
34.16,-63.44,-97.6,14.64,63.44,-82.96,9.76,9.76,0,-14.64,-122,-117.12
53.68,-53.68,-107.36,0,78.08,-82.96,9.76,4.88,-4.88,-14.64,-122,-117.12
68.32,-39.04,-107.36,-14.64,87.84,-73.2,4.88,4.88,-4.88,-14.64,-117.12,-97.6
68.32,-24.4,-92.72,-19.52,78.08,-58.56,4.88,9.76,-4.88,-14.64,-112.24,-92.72
63.44,-34.16,-97.6,-14.64,78.08,-68.32,4.88,4.88,-14.64,-14.64,-117.12,-92.72
63.44,-34.16,-97.6,-14.64,78.08,-68.32,4.88,4.88,-19.52,-24.4,-112.24,-92.72
63.44,-39.04,-102.48,-9.76,82.96,-73.2,-4.88,0,-24.4,-29.28,-112.24,-92.72
58.56,-43.92,-102.48,-4.88,78.08,-73.2,-9.76,-9.76,-24.4,-19.52,-112.24,-92.72
68.32,-43.92,-112.24,-9.76,87.84,-78.08,-19.52,-14.64,-29.28,-19.52,-107.36,-82.96
73.2,-58.56,-131.76,-4.88,102.48,-97.6,-14.64,-14.64,-19.52,-9.76,-92.72,-68.32
82.96,-63.44,-146.4,-9.76,112.24,-107.36,-14.64,-14.64,-19.52,-4.88,-78.08,-63.44
78.08,-73.2,-151.28,0,112.24,-112.24,-4.88,-4.88,-9.76,0,-63.44,-43.92
68.32,-82.96,-151.28,9.76,107.36,-117.12,0,0,-4.88,0,-53.68,-39.04
68.32,-82.96,-151.28,9.76,107.36,-117.12,0,0,-9.76,-4.88,-48.8,-34.16
58.56,-87.84,-146.4,14.64,102.48,-117.12,-4.88,-4.88,-14.64,-9.76,-53.68,-39.04
53.68,-92.72,-146.4,19.52,97.6,-122,-14.64,-14.64,-19.52,-4.88,-53.68,-43.92
68.32,-68.32,-136.64,0,102.48,-102.48,-19.52,-19.52,-19.52,-4.88,-43.92,-34.16
58.56,-53.68,-112.24,0,82.96,-82.96,-29.28,-29.28,-24.4,-9.76,-43.92,-39.04
63.44,-29.28,-92.72,-14.64,78.08,-63.44,-39.04,-29.28,-29.28,-9.76,-48.8,-39.04
48.8,-14.64,-63.44,-14.64,53.68,-39.04,-39.04,-39.04,-29.28,-24.4,-43.92,-39.04
34.16,-4.88,-39.04,-14.64,34.16,-24.4,-34.16,-34.16,-43.92,-34.16,-43.92,-43.92
9.76,14.64,4.88,-9.76,0,9.76,-34.16,-34.16,-43.92,-43.92,-58.56,-48.8
-14.64,19.52,34.16,0,-24.4,24.4,-43.92,-39.04,-58.56,-58.56,-63.44,-53.68
-24.4,19.52,43.92,4.88,-34.16,29.28,-48.8,-48.8,-63.44,-63.44,-68.32,-68.32
-9.76,43.92,53.68,-14.64,-34.16,48.8,-63.44,-63.44,-78.08,-73.2,-73.2,-68.32
-9.76,58.56,68.32,-24.4,-39.04,63.44,-73.2,-73.2,-73.2,-78.08,-73.2,-73.2
-9.76,82.96,92.72,-34.16,-53.68,87.84,-73.2,-73.2,-73.2,-63.44,-68.32,-68.32
-9.76,102.48,112.24,-43.92,-63.44,107.36,-78.08,-78.08,-78.08,-68.32,-82.96,-68.32
0,112.24,112.24,-53.68,-58.56,112.24,-73.2,-68.32,-73.2,-73.2,-78.08,-73.2
-4.88,107.36,112.24,-48.8,-58.56,107.36,-68.32,-73.2,-82.96,-82.96,-82.96,-73.2
-19.52,82.96,102.48,-29.28,-63.44,92.72,-78.08,-73.2,-82.96,-97.6,-82.96,-78.08
-29.28,73.2,102.48,-19.52,-68.32,87.84,-78.08,-73.2,-87.84,-97.6,-87.84,-87.84
-29.28,68.32,97.6,-19.52,-63.44,82.96,-78.08,-82.96,-87.84,-97.6,-82.96,-82.96
-39.04,53.68,92.72,-4.88,-68.32,73.2,-78.08,-82.96,-82.96,-92.72,-78.08,-78.08
-39.04,43.92,82.96,0,-63.44,63.44,-68.32,-73.2,-73.2,-78.08,-63.44,-63.44
-34.16,43.92,78.08,-4.88,-58.56,58.56,-68.32,-68.32,-68.32,-78.08,-58.56,-58.56
-39.04,39.04,78.08,0,-58.56,58.56,-58.56,-58.56,-58.56,-73.2,-48.8,-48.8
-24.4,39.04,63.44,-4.88,-43.92,48.8,-53.68,-58.56,-63.44,-68.32,-53.68,-53.68
-24.4,24.4,48.8,0,-39.04,34.16,-53.68,-58.56,-68.32,-73.2,-68.32,-58.56
-34.16,9.76,43.92,14.64,-39.04,24.4,-43.92,-53.68,-68.32,-73.2,-68.32,-53.68
-24.4,9.76,34.16,9.76,-29.28,19.52,-48.8,-53.68,-73.2,-68.32,-68.32,-58.56
-29.28,-4.88,24.4,19.52,-29.28,9.76,-53.68,-58.56,-63.44,-58.56,-63.44,-53.68
-29.28,-14.64,14.64,24.4,-24.4,0,-43.92,-48.8,-58.56,-48.8,-48.8,-48.8
-19.52,-34.16,-14.64,29.28,-4.88,-24.4,-39.04,-39.04,-48.8,-43.92,-43.92,-34.16
-24.4,-53.68,-29.28,39.04,0,-43.92,-34.16,-39.04,-43.92,-43.92,-34.16,-29.28
-34.16,-58.56,-24.4,48.8,-4.88,-43.92,-24.4,-24.4,-39.04,-34.16,-24.4,-19.52
-39.04,-73.2,-34.16,58.56,-4.88,-53.68,-14.64,-14.64,-39.04,-43.92,-34.16,-19.52
-34.16,-63.44,-29.28,48.8,-4.88,-48.8,-24.4,-19.52,-43.92,-43.92,-43.92,-24.4
-34.16,-53.68,-19.52,43.92,-9.76,-39.04,-29.28,-29.28,-53.68,-43.92,-43.92,-34.16
-29.28,-58.56,-29.28,43.92,0,-43.92,-34.16,-39.04,-53.68,-43.92,-48.8,-34.16
-24.4,-53.68,-29.28,39.04,0,-43.92,-39.04,-34.16,-48.8,-43.92,-39.04,-29.28
-24.4,-43.92,-19.52,34.16,-4.88,-34.16,-34.16,-34.16,-43.92,-34.16,-39.04,-24.4
-19.52,-39.04,-19.52,29.28,0,-29.28,-34.16,-34.16,-43.92,-39.04,-34.16,-29.28
-24.4,-34.16,-9.76,29.28,-9.76,-24.4,-34.16,-29.28,-48.8,-43.92,-34.16,-29.28
-34.16,-43.92,-9.76,39.04,-14.64,-29.28,-39.04,-34.16,-58.56,-58.56,-43.92,-34.16
-43.92,-43.92,0,43.92,-24.4,-24.4,-39.04,-39.04,-63.44,-68.32,-43.92,-39.04
-53.68,-34.16,19.52,43.92,-39.04,-9.76,-43.92,-39.04,-63.44,-68.32,-53.68,-39.04
-63.44,-34.16,29.28,48.8,-48.8,-4.88,-53.68,-48.8,-68.32,-63.44,-53.68,-43.92
-58.56,-24.4,34.16,43.92,-48.8,4.88,-58.56,-48.8,-63.44,-63.44,-48.8,-43.92
-39.04,-9.76,29.28,24.4,-34.16,9.76,-53.68,-48.8,-53.68,-58.56,-43.92,-34.16
-34.16,-4.88,29.28,19.52,-34.16,9.76,-53.68,-48.8,-58.56,-53.68,-34.16,-29.28
-29.28,9.76,39.04,9.76,-34.16,24.4,-43.92,-43.92,-43.92,-43.92,-24.4,-24.4
-34.16,4.88,39.04,14.64,-39.04,19.52,-43.92,-43.92,-48.8,-53.68,-34.16,-24.4
-39.04,0,39.04,19.52,-39.04,19.52,-43.92,-43.92,-48.8,-53.68,-34.16,-24.4
-48.8,-14.64,34.16,34.16,-43.92,9.76,-43.92,-34.16,-43.92,-53.68,-29.28,-24.4
-53.68,-24.4,29.28,39.04,-43.92,0,-39.04,-39.04,-43.92,-53.68,-24.4,-24.4
-39.04,-14.64,24.4,29.28,-34.16,4.88,-48.8,-48.8,-48.8,-43.92,-19.52,-24.4
-39.04,-9.76,29.28,24.4,-34.16,9.76,-48.8,-53.68,-43.92,-39.04,-4.88,-14.64
-43.92,-9.76,34.16,29.28,-39.04,9.76,-43.92,-43.92,-39.04,-34.16,-4.88,-19.52
-39.04,-4.88,34.16,24.4,-39.04,14.64,-39.04,-39.04,-34.16,-24.4,-4.88,-14.64
-48.8,-4.88,43.92,29.28,-48.8,19.52,-9.76,-9.76,-4.88,-4.88,0,-9.76
-34.16,19.52,53.68,9.76,-43.92,34.16,34.16,39.04,48.8,34.16,9.76,-4.88
-4.88,58.56,63.44,-24.4,-34.16,58.56,92.72,92.72,126.88,122,48.8,14.64
29.28,82.96,53.68,-53.68,-14.64,68.32,161.04,165.92,234.24,258.64,131.76,43.92
102.48,146.4,43.92,-122,29.28,92.72,219.6,229.36,356.24,414.8,248.88,87.84
146.4,224.48,78.08,-185.44,34.16,151.28,307.44,307.44,512.4,634.4,414.8,156.16
190.32,273.28,82.96,-229.36,53.68,175.68,409.92,414.8,678.32,858.88,590.48,248.88
278.16,356.24,78.08,-317.2,97.6,214.72,478.24,488,814.96,1068.72,780.8,351.36
351.36,453.84,102.48,-400.16,122,278.16,531.92,536.8,941.84,1273.68,1015.04,492.88
453.84,605.12,151.28,-527.04,151.28,375.76,590.48,590.48,1093.12,1512.8,1327.36,692.96
580.72,785.68,204.96,-683.2,185.44,492.88,614.88,619.76,1239.52,1795.84,1683.6,927.2
688.08,961.36,273.28,-824.72,204.96,614.88,688.08,688.08,1429.84,2083.76,2030.08,1146.8
766.16,1122.4,356.24,-941.84,204.96,736.88,824.72,834.48,1634.8,2318,2298.48,1327.36
795.44,1215.12,419.68,-1005.28,185.44,814.96,897.92,897.92,1683.6,2327.76,2400.96,1434.72
780.8,1210.24,429.44,-995.52,175.68,819.84,888.16,897.92,1556.72,2142.32,2293.6,1420.08
732,1063.84,331.84,-897.92,200.08,697.84,927.2,932.08,1381.04,1825.12,2005.68,1259.04
575.84,824.72,248.88,-697.84,161.04,536.8,936.96,941.84,1127.28,1361.52,1561.6,1000.4
351.36,668.56,317.2,-507.52,14.64,492.88,746.64,746.64,756.4,810.08,1151.68,814.96
146.4,561.2,414.8,-351.36,-136.64,488,370.88,370.88,248.88,185.44,722.24,649.04
-34.16,448.96,483.12,-204.96,-258.64,463.6,68.32,68.32,-180.56,-380.64,292.8,483.12
-170.8,366,536.8,-97.6,-356.24,448.96,-165.92,-165.92,-468.48,-727.12,-29.28,341.6
-268.4,287.92,556.32,-9.76,-414.8,419.68,-326.96,-317.2,-634.4,-936.96,-253.76,229.36
-336.72,195.2,531.92,73.2,-434.32,361.12,-478.24,-473.36,-785.68,-1054.08,-409.92,117.12
-366,122,488,122,-429.44,302.56,-595.36,-595.36,-878.4,-1098,-517.28,14.64
-366,102.48,468.48,131.76,-419.68,283.04,-624.64,-624.64,-839.36,-1019.92,-522.16,-29.28
-326.96,117.12,444.08,107.36,-385.52,278.16,-634.4,-634.4,-780.8,-907.68,-458.72,-19.52
-312.32,136.64,448.96,87.84,-380.64,292.8,-644.16,-644.16,-722.24,-805.2,-400.16,-9.76
-297.68,117.12,414.8,92.72,-356.24,263.52,-624.64,-619.76,-668.56,-727.12,-361.12,-24.4
-263.52,87.84,351.36,87.84,-307.44,219.6,-580.72,-580.72,-619.76,-653.92,-341.6,-39.04
-229.36,39.04,268.4,97.6,-248.88,151.28,-527.04,-531.92,-561.2,-585.6,-317.2,-63.44
-185.44,4.88,190.32,92.72,-190.32,97.6,-473.36,-473.36,-497.76,-512.4,-297.68,-92.72
-165.92,-34.16,131.76,102.48,-151.28,48.8,-385.52,-385.52,-409.92,-429.44,-273.28,-107.36
-161.04,-87.84,73.2,126.88,-117.12,-9.76,-317.2,-317.2,-346.48,-380.64,-263.52,-131.76
-146.4,-126.88,19.52,136.64,-82.96,-53.68,-268.4,-273.28,-312.32,-356.24,-253.76,-151.28
-136.64,-156.16,-19.52,146.4,-58.56,-87.84,-239.12,-229.36,-292.8,-351.36,-263.52,-170.8
-136.64,-170.8,-34.16,156.16,-53.68,-102.48,-204.96,-200.08,-273.28,-331.84,-263.52,-180.56
-117.12,-170.8,-53.68,146.4,-34.16,-112.24,-185.44,-180.56,-248.88,-317.2,-273.28,-190.32
-112.24,-170.8,-58.56,141.52,-29.28,-117.12,-170.8,-165.92,-234.24,-302.56,-273.28,-200.08
-102.48,-175.68,-73.2,141.52,-14.64,-126.88,-161.04,-161.04,-214.72,-287.92,-263.52,-200.08
-82.96,-156.16,-73.2,122,-4.88,-117.12,-146.4,-146.4,-195.2,-258.64,-248.88,-195.2
-78.08,-151.28,-73.2,117.12,-4.88,-112.24,-136.64,-131.76,-180.56,-239.12,-248.88,-195.2
-68.32,-151.28,-82.96,112.24,4.88,-117.12,-112.24,-107.36,-161.04,-234.24,-239.12,-190.32
-73.2,-141.52,-68.32,107.36,-4.88,-107.36,-87.84,-82.96,-151.28,-229.36,-234.24,-185.44
-82.96,-141.52,-58.56,112.24,-14.64,-102.48,-58.56,-53.68,-136.64,-219.6,-214.72,-175.68
-82.96,-122,-39.04,102.48,-24.4,-82.96,-43.92,-39.04,-117.12,-214.72,-209.84,-170.8
-87.84,-112.24,-24.4,102.48,-34.16,-68.32,-29.28,-24.4,-112.24,-195.2,-209.84,-170.8
-87.84,-87.84,0,87.84,-43.92,-43.92,-19.52,-14.64,-87.84,-180.56,-200.08,-165.92
-92.72,-48.8,43.92,73.2,-68.32,-4.88,-9.76,-9.76,-68.32,-161.04,-190.32,-151.28
-92.72,-39.04,53.68,68.32,-73.2,4.88,-9.76,-9.76,-63.44,-156.16,-180.56,-141.52
-82.96,-24.4,58.56,53.68,-73.2,14.64,-14.64,-19.52,-58.56,-151.28,-170.8,-136.64
-78.08,-14.64,63.44,48.8,-73.2,24.4,-19.52,-19.52,-68.32,-156.16,-180.56,-136.64
-87.84,-29.28,58.56,58.56,-73.2,14.64,-29.28,-24.4,-73.2,-165.92,-175.68,-131.76
-92.72,-34.16,58.56,63.44,-78.08,9.76,-43.92,-39.04,-82.96,-175.68,-190.32,-141.52
-126.88,-53.68,73.2,92.72,-102.48,9.76,-53.68,-48.8,-87.84,-175.68,-185.44,-136.64
-126.88,-53.68,73.2,92.72,-102.48,9.76,-68.32,-58.56,-92.72,-175.68,-180.56,-136.64
-117.12,-53.68,63.44,87.84,-92.72,4.88,-78.08,-73.2,-87.84,-161.04,-170.8,-131.76
-112.24,-68.32,43.92,92.72,-78.08,-14.64,-78.08,-78.08,-82.96,-151.28,-161.04,-126.88
-97.6,-58.56,39.04,78.08,-68.32,-9.76,-82.96,-78.08,-78.08,-146.4,-151.28,-122
-92.72,-53.68,39.04,73.2,-68.32,-9.76,-63.44,-63.44,-68.32,-136.64,-141.52,-107.36
-97.6,-58.56,39.04,78.08,-68.32,-9.76,-58.56,-58.56,-68.32,-136.64,-146.4,-107.36
-92.72,-53.68,39.04,73.2,-68.32,-9.76,-48.8,-48.8,-68.32,-131.76,-151.28,-117.12
-107.36,-58.56,48.8,82.96,-78.08,-4.88,-43.92,-43.92,-63.44,-136.64,-156.16,-112.24
-102.48,-63.44,39.04,82.96,-73.2,-14.64,-53.68,-53.68,-73.2,-136.64,-161.04,-122
-97.6,-73.2,24.4,87.84,-63.44,-24.4,-63.44,-58.56,-68.32,-131.76,-151.28,-122
-92.72,-82.96,9.76,87.84,-53.68,-39.04,-63.44,-68.32,-68.32,-126.88,-146.4,-126.88
-82.96,-82.96,0,82.96,-43.92,-43.92,-58.56,-58.56,-58.56,-112.24,-136.64,-122
-82.96,-87.84,-4.88,87.84,-39.04,-48.8,-58.56,-53.68,-58.56,-112.24,-131.76,-112.24
-82.96,-97.6,-14.64,92.72,-34.16,-58.56,-48.8,-43.92,-63.44,-117.12,-136.64,-112.24
-87.84,-97.6,-9.76,92.72,-39.04,-53.68,-43.92,-39.04,-68.32,-122,-136.64,-117.12
-87.84,-102.48,-14.64,97.6,-39.04,-58.56,-48.8,-39.04,-73.2,-122,-146.4,-126.88
-78.08,-102.48,-24.4,92.72,-29.28,-63.44,-48.8,-43.92,-82.96,-122,-161.04,-136.64
-82.96,-92.72,-9.76,87.84,-39.04,-53.68,-53.68,-43.92,-68.32,-107.36,-156.16,-131.76
-82.96,-92.72,-9.76,87.84,-39.04,-53.68,-53.68,-43.92,-68.32,-107.36,-156.16,-131.76
-63.44,-87.84,-24.4,78.08,-19.52,-58.56,-43.92,-43.92,-58.56,-92.72,-151.28,-131.76
-58.56,-78.08,-19.52,68.32,-19.52,-48.8,-39.04,-39.04,-48.8,-78.08,-141.52,-126.88
-63.44,-82.96,-19.52,73.2,-24.4,-53.68,-24.4,-24.4,-43.92,-82.96,-136.64,-126.88
-63.44,-92.72,-29.28,78.08,-19.52,-63.44,-19.52,-19.52,-39.04,-82.96,-141.52,-131.76
-73.2,-107.36,-34.16,92.72,-19.52,-73.2,-19.52,-19.52,-53.68,-92.72,-146.4,-136.64
-73.2,-112.24,-39.04,92.72,-19.52,-78.08,-24.4,-24.4,-58.56,-102.48,-161.04,-141.52
-63.44,-107.36,-43.92,87.84,-9.76,-78.08,-29.28,-24.4,-53.68,-87.84,-165.92,-151.28
-63.44,-107.36,-43.92,87.84,-9.76,-78.08,-29.28,-29.28,-53.68,-78.08,-161.04,-151.28
-48.8,-87.84,-39.04,68.32,-4.88,-63.44,-24.4,-19.52,-39.04,-63.44,-151.28,-141.52
-53.68,-92.72,-39.04,73.2,-9.76,-68.32,-14.64,-9.76,-19.52,-43.92,-141.52,-136.64
-39.04,-92.72,-53.68,68.32,4.88,-73.2,-4.88,0,-24.4,-53.68,-131.76,-136.64
-34.16,-82.96,-48.8,58.56,4.88,-68.32,9.76,9.76,-14.64,-53.68,-136.64,-141.52
-43.92,-92.72,-48.8,68.32,0,-73.2,14.64,14.64,-9.76,-43.92,-141.52,-146.4
-39.04,-102.48,-63.44,73.2,9.76,-82.96,19.52,14.64,-14.64,-43.92,-146.4,-146.4
-34.16,-107.36,-73.2,73.2,19.52,-92.72,9.76,19.52,-14.64,-39.04,-156.16,-156.16
-29.28,-117.12,-87.84,73.2,29.28,-102.48,4.88,9.76,-19.52,-39.04,-151.28,-156.16
-29.28,-107.36,-78.08,68.32,24.4,-92.72,19.52,19.52,0,-14.64,-136.64,-146.4
-14.64,-102.48,-87.84,58.56,34.16,-97.6,19.52,19.52,0,-9.76,-131.76,-146.4
-9.76,-107.36,-97.6,58.56,43.92,-102.48,19.52,24.4,4.88,-9.76,-122,-141.52
0,-107.36,-107.36,53.68,53.68,-107.36,34.16,39.04,9.76,-9.76,-122,-136.64
0,-107.36,-107.36,53.68,53.68,-107.36,34.16,39.04,9.76,-9.76,-117.12,-136.64
9.76,-107.36,-117.12,48.8,63.44,-112.24,34.16,39.04,4.88,-14.64,-126.88,-136.64
4.88,-102.48,-107.36,48.8,53.68,-107.36,39.04,43.92,14.64,-14.64,-126.88,-131.76
9.76,-107.36,-117.12,48.8,63.44,-112.24,29.28,34.16,9.76,-9.76,-126.88,-136.64
19.52,-97.6,-117.12,39.04,68.32,-107.36,19.52,29.28,9.76,-4.88,-126.88,-131.76
14.64,-97.6,-112.24,43.92,63.44,-107.36,29.28,34.16,14.64,0,-112.24,-117.12
29.28,-92.72,-122,34.16,73.2,-107.36,24.4,34.16,19.52,4.88,-107.36,-112.24
34.16,-82.96,-117.12,24.4,73.2,-102.48,34.16,43.92,19.52,4.88,-102.48,-102.48
29.28,-92.72,-122,34.16,73.2,-107.36,39.04,48.8,9.76,-9.76,-102.48,-102.48
34.16,-92.72,-126.88,29.28,78.08,-112.24,34.16,39.04,9.76,-19.52,-102.48,-107.36
14.64,-97.6,-112.24,43.92,63.44,-107.36,43.92,43.92,4.88,-14.64,-102.48,-97.6
9.76,-87.84,-97.6,39.04,53.68,-92.72,34.16,34.16,0,-19.52,-102.48,-102.48
34.16,-68.32,-102.48,19.52,68.32,-87.84,19.52,29.28,-4.88,-24.4,-102.48,-92.72
43.92,-63.44,-107.36,9.76,73.2,-87.84,19.52,24.4,-4.88,-19.52,-102.48,-92.72
53.68,-53.68,-107.36,0,78.08,-82.96,19.52,19.52,0,-14.64,-102.48,-87.84
68.32,-29.28,-97.6,-19.52,82.96,-63.44,24.4,24.4,-4.88,-19.52,-102.48,-78.08
53.68,-29.28,-82.96,-9.76,68.32,-58.56,24.4,24.4,-4.88,-19.52,-97.6,-78.08
48.8,-39.04,-87.84,-4.88,68.32,-63.44,19.52,19.52,-9.76,-24.4,-97.6,-73.2
53.68,-43.92,-97.6,-4.88,73.2,-73.2,9.76,14.64,-29.28,-39.04,-102.48,-78.08
48.8,-58.56,-107.36,4.88,78.08,-82.96,4.88,4.88,-34.16,-43.92,-102.48,-87.84
53.68,-53.68,-107.36,0,78.08,-82.96,-14.64,-9.76,-39.04,-39.04,-97.6,-78.08
53.68,-43.92,-97.6,-4.88,73.2,-73.2,-14.64,-9.76,-29.28,-34.16,-82.96,-73.2
63.44,-34.16,-97.6,-14.64,78.08,-68.32,-14.64,-9.76,-19.52,-19.52,-68.32,-63.44
78.08,-14.64,-92.72,-29.28,82.96,-53.68,-24.4,-14.64,-24.4,-19.52,-68.32,-58.56
73.2,-19.52,-92.72,-24.4,82.96,-58.56,-14.64,-9.76,-24.4,-29.28,-63.44,-48.8
78.08,-9.76,-87.84,-34.16,82.96,-48.8,-19.52,-14.64,-24.4,-29.28,-58.56,-48.8
68.32,-4.88,-73.2,-29.28,68.32,-39.04,-24.4,-19.52,-34.16,-29.28,-58.56,-48.8
53.68,-14.64,-68.32,-19.52,58.56,-43.92,-29.28,-24.4,-39.04,-34.16,-63.44,-48.8
58.56,-14.64,-73.2,-19.52,63.44,-43.92,-39.04,-29.28,-39.04,-34.16,-58.56,-43.92
48.8,-24.4,-73.2,-9.76,58.56,-48.8,-43.92,-39.04,-43.92,-34.16,-53.68,-53.68
43.92,-24.4,-68.32,-9.76,53.68,-48.8,-39.04,-29.28,-34.16,-29.28,-48.8,-48.8
43.92,-9.76,-53.68,-14.64,48.8,-34.16,-34.16,-29.28,-24.4,-24.4,-39.04,-34.16
29.28,-24.4,-53.68,0,39.04,-39.04,-29.28,-24.4,-29.28,-29.28,-34.16,-29.28
19.52,-34.16,-53.68,9.76,34.16,-43.92,-19.52,-9.76,-24.4,-29.28,-29.28,-24.4
19.52,-29.28,-48.8,4.88,34.16,-39.04,-29.28,-19.52,-34.16,-43.92,-39.04,-29.28
19.52,-29.28,-48.8,4.88,34.16,-39.04,-39.04,-29.28,-48.8,-53.68,-48.8,-43.92
19.52,-19.52,-39.04,0,29.28,-29.28,-34.16,-29.28,-39.04,-39.04,-43.92,-39.04
4.88,-9.76,-14.64,4.88,9.76,-14.64,-34.16,-29.28,-39.04,-39.04,-43.92,-39.04
9.76,-9.76,-19.52,0,14.64,-14.64,-43.92,-34.16,-34.16,-34.16,-39.04,-34.16
-4.88,-24.4,-19.52,14.64,4.88,-24.4,-39.04,-29.28,-29.28,-29.28,-29.28,-29.28
-9.76,-29.28,-19.52,19.52,4.88,-24.4,-29.28,-24.4,-34.16,-34.16,-29.28,-24.4
-9.76,-34.16,-24.4,24.4,4.88,-29.28,-24.4,-14.64,-34.16,-34.16,-19.52,-19.52
-19.52,-39.04,-19.52,29.28,0,-29.28,-29.28,-24.4,-39.04,-43.92,-29.28,-24.4
-24.4,-53.68,-29.28,39.04,0,-43.92,-34.16,-29.28,-48.8,-53.68,-39.04,-34.16
-24.4,-53.68,-29.28,39.04,0,-43.92,-29.28,-29.28,-48.8,-53.68,-39.04,-34.16
-29.28,-53.68,-24.4,43.92,-4.88,-39.04,-43.92,-43.92,-53.68,-48.8,-39.04,-29.28
-24.4,-43.92,-19.52,34.16,-4.88,-34.16,-43.92,-39.04,-48.8,-48.8,-39.04,-29.28
-14.64,-29.28,-14.64,24.4,0,-24.4,-39.04,-29.28,-43.92,-24.4,-39.04,-24.4
-14.64,-34.16,-19.52,24.4,0,-29.28,-39.04,-34.16,-34.16,-34.16,-34.16,-29.28
-9.76,-19.52,-9.76,14.64,0,-14.64,-29.28,-24.4,-34.16,-39.04,-24.4,-24.4
-19.52,-19.52,0,19.52,-9.76,-9.76,-29.28,-24.4,-39.04,-43.92,-39.04,-29.28
-29.28,-39.04,-9.76,34.16,-9.76,-24.4,-34.16,-24.4,-43.92,-53.68,-39.04,-29.28
-24.4,-53.68,-29.28,39.04,0,-43.92,-34.16,-29.28,-53.68,-53.68,-48.8,-34.16
-34.16,-68.32,-34.16,53.68,0,-53.68,-43.92,-39.04,-58.56,-53.68,-53.68,-34.16
-34.16,-58.56,-24.4,48.8,-4.88,-43.92,-43.92,-34.16,-53.68,-53.68,-48.8,-34.16
-19.52,-48.8,-29.28,34.16,4.88,-39.04,-34.16,-29.28,-39.04,-39.04,-39.04,-29.28
-19.52,-34.16,-14.64,29.28,-4.88,-24.4,-29.28,-29.28,-34.16,-39.04,-34.16,-19.52
-14.64,-14.64,0,14.64,-9.76,-9.76,-24.4,-24.4,-29.28,-43.92,-29.28,-19.52
-24.4,-29.28,-4.88,29.28,-9.76,-19.52,-24.4,-19.52,-34.16,-39.04,-39.04,-19.52
-34.16,-39.04,-4.88,39.04,-14.64,-24.4,-24.4,-24.4,-39.04,-43.92,-48.8,-24.4
-34.16,-29.28,4.88,34.16,-19.52,-14.64,-29.28,-19.52,-43.92,-48.8,-43.92,-29.28
-24.4,-29.28,-4.88,29.28,-9.76,-19.52,-34.16,-29.28,-48.8,-48.8,-53.68,-29.28
-24.4,-29.28,-4.88,29.28,-9.76,-19.52,-39.04,-34.16,-48.8,-43.92,-53.68,-29.28
-19.52,-39.04,-19.52,29.28,0,-29.28,-48.8,-34.16,-48.8,-43.92,-58.56,-34.16
-24.4,-43.92,-19.52,34.16,-4.88,-34.16,-39.04,-34.16,-43.92,-39.04,-48.8,-29.28
-24.4,-34.16,-9.76,29.28,-9.76,-24.4,-34.16,-24.4,-39.04,-39.04,-39.04,-29.28
-24.4,-39.04,-14.64,34.16,-4.88,-29.28,-29.28,-19.52,-39.04,-43.92,-39.04,-24.4
-29.28,-53.68,-24.4,43.92,-4.88,-39.04,-29.28,-19.52,-43.92,-53.68,-43.92,-29.28
-34.16,-58.56,-24.4,48.8,-4.88,-43.92,-29.28,-19.52,-48.8,-58.56,-43.92,-24.4
-29.28,-63.44,-34.16,48.8,0,-48.8,-34.16,-24.4,-58.56,-48.8,-48.8,-24.4
-29.28,-43.92,-14.64,39.04,-9.76,-29.28,-43.92,-34.16,-53.68,-43.92,-48.8,-29.28
-19.52,-29.28,-9.76,24.4,-4.88,-19.52,-43.92,-29.28,-43.92,-34.16,-43.92,-19.52
-14.64,-29.28,-14.64,24.4,0,-24.4,-43.92,-29.28,-39.04,-29.28,-43.92,-14.64
-14.64,-24.4,-9.76,19.52,-4.88,-19.52,-34.16,-19.52,-24.4,-19.52,-29.28,-4.88
-24.4,-39.04,-14.64,34.16,-4.88,-29.28,-34.16,-19.52,-34.16,-29.28,-29.28,-9.76
-19.52,-34.16,-14.64,29.28,-4.88,-24.4,-34.16,-19.52,-39.04,-29.28,-29.28,-9.76
-19.52,-29.28,-9.76,24.4,-4.88,-19.52,-34.16,-19.52,-39.04,-34.16,-29.28,-4.88
-29.28,-43.92,-14.64,39.04,-9.76,-29.28,-34.16,-19.52,-43.92,-34.16,-34.16,-14.64
-24.4,-39.04,-14.64,34.16,-4.88,-29.28,-48.8,-34.16,-39.04,-39.04,-24.4,-14.64
-29.28,-34.16,-4.88,34.16,-14.64,-19.52,-48.8,-29.28,-34.16,-29.28,-24.4,-4.88
-29.28,-29.28,0,29.28,-14.64,-14.64,-39.04,-19.52,-29.28,-19.52,-9.76,-4.88
-14.64,-19.52,-4.88,19.52,-4.88,-14.64,-34.16,-14.64,-19.52,-9.76,-4.88,0
-14.64,-9.76,4.88,14.64,-9.76,-4.88,-14.64,4.88,-4.88,-4.88,-14.64,-4.88
-9.76,-9.76,0,9.76,-4.88,-4.88,24.4,43.92,34.16,19.52,-9.76,-4.88
19.52,29.28,9.76,-24.4,4.88,19.52,73.2,92.72,102.48,102.48,19.52,9.76
58.56,63.44,4.88,-58.56,24.4,34.16,126.88,151.28,180.56,195.2,73.2,29.28
87.84,102.48,14.64,-92.72,34.16,58.56,195.2,209.84,297.68,341.6,175.68,78.08
131.76,146.4,14.64,-136.64,58.56,78.08,273.28,287.92,434.32,527.04,322.08,141.52
195.2,190.32,-4.88,-190.32,97.6,92.72,361.12,375.76,570.96,722.24,478.24,204.96
273.28,258.64,-14.64,-263.52,141.52,122,439.2,453.84,722.24,941.84,668.56,312.32
366,361.12,-4.88,-361.12,185.44,175.68,492.88,512.4,849.12,1151.68,897.92,444.08
478.24,507.52,29.28,-492.88,224.48,268.4,546.56,566.08,980.88,1371.28,1171.2,619.76
619.76,683.2,63.44,-649.04,278.16,370.88,600.24,619.76,1151.68,1668.96,1517.68,834.48
746.64,839.36,92.72,-790.56,326.96,463.6,678.32,692.96,1337.12,1952,1849.52,1049.2
839.36,995.52,156.16,-917.44,341.6,575.84,819.84,839.36,1551.84,2191.12,2108.16,1224.88
883.28,1122.4,239.12,-1000.4,322.08,678.32,966.24,985.76,1698.24,2313.12,2259.44,1342
868.64,1141.92,273.28,-1005.28,297.68,707.6,1019.92,1034.56,1654.32,2205.76,2215.52,1361.52
805.2,1029.68,224.48,-917.44,287.92,624.64,1054.08,1073.6,1503.04,1932.48,1976.4,1234.64
683.2,795.44,112.24,-736.88,283.04,453.84,1098,1117.52,1273.68,1507.92,1556.72,976
463.6,600.24,136.64,-531.92,161.04,366,1015.04,1029.68,966.24,995.52,1127.28,766.16
229.36,502.64,273.28,-366,-24.4,385.52,668.56,683.2,517.28,414.8,736.88,619.76
19.52,400.16,380.64,-209.84,-180.56,390.4,292.8,317.2,39.04,-161.04,331.84,473.36
-136.64,322.08,458.72,-92.72,-297.68,390.4,-9.76,9.76,-302.56,-570.96,9.76,346.48
-258.64,258.64,517.28,0,-390.4,385.52,-224.48,-209.84,-517.28,-810.08,-200.08,253.76
-336.72,195.2,531.92,73.2,-434.32,361.12,-370.88,-351.36,-653.92,-936.96,-351.36,151.28
-395.28,122,517.28,136.64,-458.72,317.2,-512.4,-492.88,-775.92,-1015.04,-473.36,48.8
-414.8,68.32,483.12,175.68,-448.96,273.28,-614.88,-595.36,-819.84,-1000.4,-522.16,-19.52
-366,58.56,424.56,156.16,-395.28,239.12,-619.76,-610,-766.16,-902.8,-473.36,-24.4
-326.96,68.32,395.28,131.76,-361.12,229.36,-629.52,-619.76,-717.36,-810.08,-419.68,-24.4
-297.68,63.44,361.12,117.12,-331.84,209.84,-624.64,-610,-658.8,-727.12,-361.12,-14.64
-263.52,53.68,317.2,107.36,-292.8,185.44,-595.36,-580.72,-614.88,-653.92,-326.96,-14.64
-234.24,4.88,239.12,117.12,-239.12,122,-551.44,-536.8,-556.32,-590.48,-307.44,-48.8
-204.96,-53.68,151.28,131.76,-180.56,48.8,-502.64,-483.12,-497.76,-517.28,-283.04,-63.44
-161.04,-82.96,78.08,122,-122,-4.88,-429.44,-414.8,-429.44,-439.2,-268.4,-87.84
-146.4,-112.24,34.16,131.76,-92.72,-39.04,-351.36,-336.72,-361.12,-375.76,-244,-112.24
-126.88,-136.64,-9.76,131.76,-58.56,-73.2,-302.56,-287.92,-317.2,-336.72,-239.12,-122
-122,-161.04,-39.04,141.52,-43.92,-102.48,-258.64,-244,-292.8,-317.2,-244,-141.52
-122,-180.56,-58.56,151.28,-34.16,-122,-224.48,-209.84,-268.4,-302.56,-244,-146.4
-102.48,-185.44,-82.96,146.4,-9.76,-136.64,-204.96,-185.44,-248.88,-297.68,-248.88,-161.04
-92.72,-190.32,-97.6,141.52,0,-146.4,-180.56,-161.04,-234.24,-283.04,-258.64,-175.68
-87.84,-200.08,-112.24,146.4,9.76,-156.16,-175.68,-161.04,-219.6,-268.4,-253.76,-175.68
-63.44,-200.08,-136.64,131.76,34.16,-170.8,-165.92,-141.52,-204.96,-244,-239.12,-175.68
-68.32,-209.84,-141.52,141.52,34.16,-175.68,-146.4,-122,-180.56,-224.48,-224.48,-170.8
-53.68,-204.96,-151.28,131.76,48.8,-180.56,-136.64,-107.36,-161.04,-219.6,-214.72,-170.8
-39.04,-190.32,-151.28,117.12,53.68,-170.8,-107.36,-82.96,-146.4,-209.84,-209.84,-165.92
-39.04,-161.04,-122,102.48,39.04,-141.52,-87.84,-68.32,-131.76,-200.08,-200.08,-156.16
-48.8,-131.76,-82.96,92.72,14.64,-107.36,-53.68,-34.16,-112.24,-180.56,-195.2,-141.52
-63.44,-136.64,-73.2,102.48,4.88,-107.36,-39.04,-14.64,-102.48,-175.68,-195.2,-146.4
-73.2,-126.88,-53.68,102.48,-9.76,-92.72,-29.28,-4.88,-87.84,-161.04,-180.56,-141.52
-78.08,-97.6,-19.52,87.84,-29.28,-58.56,-24.4,0,-73.2,-141.52,-175.68,-131.76
-82.96,-82.96,0,82.96,-43.92,-43.92,-14.64,9.76,-53.68,-126.88,-161.04,-117.12
-73.2,-68.32,4.88,73.2,-39.04,-34.16,-24.4,-4.88,-48.8,-122,-151.28,-112.24
-73.2,-78.08,-4.88,78.08,-34.16,-43.92,-39.04,-19.52,-63.44,-136.64,-156.16,-117.12
-73.2,-92.72,-19.52,82.96,-29.28,-58.56,-34.16,-14.64,-63.44,-146.4,-151.28,-117.12
-82.96,-87.84,-4.88,87.84,-39.04,-48.8,-29.28,-9.76,-63.44,-146.4,-151.28,-107.36
-97.6,-82.96,14.64,92.72,-58.56,-34.16,-58.56,-34.16,-82.96,-161.04,-161.04,-112.24
-107.36,-92.72,14.64,102.48,-63.44,-39.04,-68.32,-48.8,-87.84,-156.16,-156.16,-117.12
-107.36,-82.96,24.4,97.6,-68.32,-29.28,-78.08,-58.56,-82.96,-141.52,-156.16,-107.36
-92.72,-78.08,14.64,87.84,-53.68,-34.16,-87.84,-68.32,-78.08,-141.52,-146.4,-107.36
-82.96,-68.32,14.64,78.08,-48.8,-29.28,-92.72,-68.32,-68.32,-131.76,-146.4,-102.48
-82.96,-58.56,24.4,73.2,-53.68,-19.52,-87.84,-58.56,-58.56,-117.12,-126.88,-92.72
-87.84,-68.32,19.52,78.08,-53.68,-24.4,-73.2,-43.92,-53.68,-117.12,-126.88,-92.72
-82.96,-82.96,0,82.96,-43.92,-43.92,-63.44,-43.92,-58.56,-122,-131.76,-92.72
-87.84,-102.48,-14.64,97.6,-39.04,-58.56,-63.44,-39.04,-58.56,-126.88,-136.64,-102.48
-87.84,-107.36,-19.52,97.6,-34.16,-63.44,-68.32,-48.8,-68.32,-126.88,-146.4,-112.24
-82.96,-97.6,-14.64,92.72,-34.16,-58.56,-82.96,-53.68,-68.32,-122,-146.4,-112.24
-82.96,-117.12,-34.16,102.48,-24.4,-78.08,-87.84,-63.44,-73.2,-117.12,-146.4,-117.12
-78.08,-107.36,-29.28,92.72,-24.4,-68.32,-87.84,-58.56,-73.2,-107.36,-141.52,-112.24
-73.2,-102.48,-29.28,87.84,-24.4,-68.32,-82.96,-53.68,-68.32,-102.48,-126.88,-112.24
-68.32,-102.48,-34.16,87.84,-19.52,-68.32,-68.32,-43.92,-68.32,-107.36,-126.88,-107.36
-63.44,-97.6,-34.16,82.96,-14.64,-68.32,-68.32,-43.92,-68.32,-112.24,-131.76,-102.48
-68.32,-102.48,-34.16,87.84,-19.52,-68.32,-68.32,-39.04,-78.08,-112.24,-136.64,-117.12
-68.32,-122,-53.68,97.6,-9.76,-87.84,-68.32,-39.04,-87.84,-122,-146.4,-122
-63.44,-112.24,-48.8,87.84,-9.76,-82.96,-78.08,-43.92,-87.84,-112.24,-151.28,-122
-68.32,-117.12,-48.8,92.72,-9.76,-82.96,-73.2,-43.92,-73.2,-92.72,-146.4,-122
-63.44,-112.24,-48.8,87.84,-9.76,-82.96,-73.2,-43.92,-68.32,-87.84,-146.4,-122
-53.68,-107.36,-53.68,82.96,0,-82.96,-73.2,-39.04,-63.44,-78.08,-136.64,-122
-53.68,-112.24,-58.56,82.96,0,-87.84,-73.2,-34.16,-58.56,-82.96,-131.76,-122
-48.8,-112.24,-63.44,82.96,4.88,-87.84,-58.56,-24.4,-53.68,-78.08,-131.76,-117.12
-53.68,-122,-68.32,87.84,4.88,-97.6,-53.68,-24.4,-58.56,-82.96,-131.76,-122
-43.92,-122,-78.08,82.96,14.64,-102.48,-58.56,-24.4,-63.44,-87.84,-146.4,-131.76
-58.56,-122,-63.44,92.72,0,-92.72,-53.68,-24.4,-63.44,-82.96,-146.4,-136.64
-48.8,-131.76,-82.96,92.72,14.64,-107.36,-58.56,-29.28,-58.56,-78.08,-146.4,-136.64
-39.04,-117.12,-78.08,78.08,19.52,-97.6,-48.8,-14.64,-43.92,-58.56,-136.64,-131.76
-29.28,-107.36,-78.08,68.32,24.4,-92.72,-48.8,-9.76,-34.16,-43.92,-141.52,-136.64
-19.52,-112.24,-92.72,68.32,34.16,-102.48,-43.92,-4.88,-29.28,-39.04,-131.76,-131.76
-19.52,-112.24,-92.72,68.32,34.16,-102.48,-24.4,9.76,-19.52,-39.04,-126.88,-126.88
-24.4,-131.76,-107.36,78.08,39.04,-122,-24.4,9.76,-24.4,-53.68,-131.76,-131.76
-24.4,-136.64,-112.24,82.96,43.92,-126.88,-19.52,14.64,-24.4,-53.68,-136.64,-136.64
-19.52,-141.52,-122,82.96,48.8,-131.76,-19.52,14.64,-29.28,-48.8,-146.4,-146.4
-24.4,-156.16,-131.76,92.72,53.68,-146.4,-29.28,4.88,-34.16,-48.8,-141.52,-151.28
-14.64,-161.04,-146.4,87.84,63.44,-156.16,-24.4,9.76,-24.4,-39.04,-136.64,-151.28
0,-141.52,-141.52,73.2,68.32,-141.52,-24.4,9.76,-24.4,-24.4,-131.76,-141.52
9.76,-131.76,-141.52,63.44,73.2,-136.64,-14.64,19.52,-9.76,-14.64,-117.12,-136.64
19.52,-122,-141.52,53.68,78.08,-131.76,-9.76,24.4,-4.88,-14.64,-117.12,-126.88
19.52,-117.12,-136.64,48.8,78.08,-126.88,0,39.04,0,-14.64,-117.12,-126.88
19.52,-122,-141.52,53.68,78.08,-131.76,0,39.04,-9.76,-19.52,-122,-126.88
19.52,-136.64,-156.16,58.56,87.84,-146.4,-4.88,34.16,-14.64,-34.16,-136.64,-141.52
9.76,-141.52,-151.28,68.32,78.08,-146.4,-14.64,24.4,-14.64,-29.28,-131.76,-141.52
24.4,-131.76,-156.16,53.68,87.84,-146.4,-9.76,29.28,-9.76,-19.52,-122,-126.88
29.28,-126.88,-156.16,48.8,92.72,-141.52,-14.64,29.28,-4.88,-19.52,-117.12,-122
29.28,-126.88,-156.16,48.8,92.72,-141.52,-14.64,29.28,0,-14.64,-107.36,-117.12
29.28,-117.12,-146.4,43.92,87.84,-131.76,-4.88,34.16,4.88,-14.64,-97.6,-102.48
29.28,-112.24,-141.52,43.92,82.96,-126.88,4.88,43.92,4.88,-4.88,-97.6,-92.72
43.92,-102.48,-146.4,29.28,92.72,-126.88,0,39.04,-4.88,-19.52,-107.36,-97.6
39.04,-92.72,-131.76,29.28,82.96,-112.24,-4.88,29.28,-14.64,-29.28,-122,-102.48
29.28,-102.48,-131.76,39.04,78.08,-117.12,-4.88,29.28,-9.76,-24.4,-117.12,-102.48
43.92,-92.72,-136.64,24.4,87.84,-117.12,-24.4,14.64,-19.52,-29.28,-117.12,-102.48
58.56,-73.2,-131.76,9.76,92.72,-102.48,-24.4,14.64,-14.64,-29.28,-117.12,-97.6
58.56,-73.2,-131.76,9.76,92.72,-102.48,-24.4,14.64,-19.52,-19.52,-107.36,-92.72
63.44,-63.44,-126.88,0,92.72,-97.6,-29.28,9.76,-14.64,-19.52,-97.6,-78.08
63.44,-78.08,-141.52,9.76,102.48,-112.24,-19.52,14.64,-14.64,-24.4,-92.72,-78.08
53.68,-82.96,-136.64,14.64,92.72,-112.24,-19.52,14.64,-19.52,-34.16,-92.72,-78.08
58.56,-78.08,-136.64,9.76,97.6,-107.36,-29.28,4.88,-29.28,-39.04,-92.72,-68.32
68.32,-73.2,-141.52,4.88,102.48,-107.36,-29.28,-9.76,-39.04,-43.92,-102.48,-73.2
73.2,-53.68,-126.88,-9.76,97.6,-92.72,-24.4,-24.4,-43.92,-43.92,-97.6,-73.2
73.2,-43.92,-117.12,-14.64,92.72,-82.96,-29.28,-39.04,-39.04,-39.04,-97.6,-68.32
73.2,-43.92,-117.12,-14.64,92.72,-82.96,-9.76,-39.04,-34.16,-24.4,-78.08,-58.56
73.2,-19.52,-92.72,-24.4,82.96,-58.56,0,-48.8,-24.4,-14.64,-63.44,-43.92
63.44,-19.52,-82.96,-19.52,73.2,-53.68,4.88,-34.16,-24.4,-19.52,-58.56,-29.28
68.32,-19.52,-87.84,-24.4,78.08,-53.68,9.76,-24.4,-29.28,-29.28,-53.68,-29.28
68.32,-24.4,-92.72,-19.52,78.08,-58.56,-4.88,-43.92,-39.04,-43.92,-58.56,-34.16
63.44,-39.04,-102.48,-9.76,82.96,-73.2,-14.64,-43.92,-48.8,-53.68,-73.2,-39.04
58.56,-43.92,-102.48,-4.88,78.08,-73.2,-29.28,-43.92,-48.8,-48.8,-58.56,-39.04
48.8,-34.16,-82.96,-4.88,63.44,-58.56,-43.92,-43.92,-48.8,-43.92,-58.56,-34.16
48.8,-34.16,-82.96,-4.88,63.44,-58.56,-43.92,-43.92,-43.92,-43.92,-53.68,-29.28
39.04,-34.16,-73.2,0,53.68,-53.68,-43.92,-39.04,-29.28,-29.28,-39.04,-24.4
39.04,-19.52,-58.56,-9.76,48.8,-39.04,-14.64,-48.8,-29.28,-34.16,-34.16,-14.64
39.04,-14.64,-53.68,-9.76,43.92,-34.16,9.76,-43.92,-24.4,-34.16,-29.28,-9.76
24.4,-9.76,-34.16,-4.88,29.28,-24.4,4.88,-43.92,-29.28,-34.16,-39.04,-9.76
14.64,-19.52,-34.16,4.88,24.4,-29.28,0,-43.92,-39.04,-43.92,-43.92,-14.64
4.88,-24.4,-29.28,9.76,14.64,-29.28,0,-43.92,-39.04,-43.92,-43.92,-19.52
-19.52,-43.92,-24.4,34.16,0,-34.16,-9.76,-53.68,-34.16,-43.92,-39.04,-24.4
-9.76,-39.04,-29.28,24.4,9.76,-34.16,-9.76,-53.68,-34.16,-39.04,-34.16,-19.52
0,-24.4,-24.4,14.64,9.76,-24.4,-9.76,-53.68,-39.04,-39.04,-34.16,-19.52
-14.64,-34.16,-19.52,24.4,0,-29.28,-4.88,-48.8,-29.28,-39.04,-24.4,-14.64
-14.64,-34.16,-19.52,24.4,0,-29.28,0,-39.04,-29.28,-39.04,-24.4,-9.76
-14.64,-34.16,-19.52,24.4,0,-29.28,0,-39.04,-29.28,-43.92,-24.4,-9.76
-19.52,-39.04,-19.52,29.28,0,-29.28,-4.88,-39.04,-39.04,-48.8,-34.16,-14.64
-14.64,-34.16,-19.52,24.4,0,-29.28,-9.76,-43.92,-43.92,-53.68,-39.04,-19.52
-24.4,-34.16,-9.76,29.28,-9.76,-24.4,-14.64,-43.92,-43.92,-48.8,-39.04,-19.52
-24.4,-29.28,-4.88,29.28,-9.76,-19.52,-24.4,-48.8,-43.92,-43.92,-39.04,-19.52
-9.76,-24.4,-14.64,19.52,0,-19.52,-24.4,-43.92,-43.92,-39.04,-34.16,-19.52
-14.64,-14.64,0,14.64,-9.76,-9.76,-24.4,-39.04,-24.4,-34.16,-29.28,-9.76
-14.64,-19.52,-4.88,19.52,-4.88,-14.64,-19.52,-29.28,-24.4,-29.28,-29.28,-9.76
-24.4,-24.4,0,24.4,-14.64,-14.64,-29.28,-29.28,-34.16,-39.04,-43.92,-19.52
-29.28,-39.04,-9.76,34.16,-9.76,-24.4,-29.28,-29.28,-39.04,-48.8,-43.92,-24.4
-24.4,-43.92,-19.52,34.16,-4.88,-34.16,-39.04,-29.28,-43.92,-58.56,-48.8,-24.4
-29.28,-43.92,-14.64,39.04,-9.76,-29.28,-39.04,-34.16,-48.8,-53.68,-48.8,-24.4
-14.64,-29.28,-14.64,24.4,0,-24.4,-48.8,-39.04,-43.92,-58.56,-58.56,-24.4
-24.4,-24.4,0,24.4,-14.64,-14.64,-43.92,-29.28,-34.16,-43.92,-43.92,-19.52
-24.4,-29.28,-4.88,29.28,-9.76,-19.52,-48.8,-29.28,-34.16,-39.04,-39.04,-24.4
-9.76,-19.52,-9.76,14.64,0,-14.64,-43.92,-24.4,-29.28,-39.04,-34.16,-19.52
-9.76,-9.76,0,9.76,-4.88,-4.88,-39.04,-14.64,-29.28,-43.92,-39.04,-19.52
-14.64,-19.52,-4.88,19.52,-4.88,-14.64,-39.04,-14.64,-39.04,-43.92,-48.8,-19.52
-19.52,-19.52,0,19.52,-9.76,-9.76,-43.92,-19.52,-39.04,-58.56,-48.8,-29.28
-29.28,-39.04,-9.76,34.16,-9.76,-24.4,-48.8,-24.4,-48.8,-58.56,-58.56,-34.16
-24.4,-39.04,-14.64,34.16,-4.88,-29.28,-53.68,-24.4,-53.68,-58.56,-58.56,-29.28
-34.16,-34.16,0,34.16,-19.52,-19.52,-53.68,-24.4,-43.92,-53.68,-48.8,-29.28
-43.92,-43.92,0,43.92,-24.4,-24.4,-48.8,-19.52,-39.04,-43.92,-34.16,-24.4
-39.04,-39.04,0,39.04,-19.52,-19.52,-48.8,-19.52,-29.28,-43.92,-29.28,-14.64
-29.28,-39.04,-9.76,34.16,-9.76,-24.4,-43.92,-14.64,-34.16,-43.92,-29.28,-14.64
-29.28,-39.04,-9.76,34.16,-9.76,-24.4,-43.92,-14.64,-39.04,-48.8,-34.16,-14.64
-29.28,-29.28,0,29.28,-14.64,-14.64,-43.92,-24.4,-39.04,-53.68,-39.04,-14.64
-29.28,-29.28,0,29.28,-14.64,-14.64,-53.68,-29.28,-53.68,-63.44,-53.68,-24.4
-29.28,-34.16,-4.88,34.16,-14.64,-19.52,-53.68,-29.28,-48.8,-58.56,-48.8,-19.52
-29.28,-24.4,4.88,29.28,-19.52,-9.76,-58.56,-39.04,-43.92,-43.92,-43.92,-24.4
-24.4,-24.4,0,24.4,-14.64,-14.64,-63.44,-39.04,-39.04,-48.8,-39.04,-24.4
-19.52,-19.52,0,19.52,-9.76,-9.76,-53.68,-34.16,-34.16,-34.16,-24.4,-9.76
-14.64,-24.4,-9.76,19.52,-4.88,-19.52,-48.8,-24.4,-29.28,-29.28,-19.52,-9.76
-24.4,-39.04,-14.64,34.16,-4.88,-29.28,-48.8,-24.4,-29.28,-43.92,-24.4,-9.76
-24.4,-39.04,-14.64,34.16,-4.88,-29.28,-43.92,-19.52,-34.16,-34.16,-24.4,-9.76
-39.04,-39.04,0,39.04,-19.52,-19.52,-48.8,-24.4,-29.28,-34.16,-24.4,-4.88
-34.16,-29.28,4.88,34.16,-19.52,-14.64,-53.68,-29.28,-34.16,-29.28,-19.52,-4.88
-24.4,-9.76,14.64,19.52,-19.52,0,-58.56,-29.28,-34.16,-24.4,-24.4,-9.76
-24.4,-9.76,14.64,19.52,-19.52,0,-63.44,-34.16,-29.28,-14.64,-19.52,-9.76
-24.4,0,24.4,14.64,-24.4,9.76,-48.8,-19.52,-9.76,0,-9.76,-4.88
-14.64,14.64,29.28,0,-24.4,19.52,-34.16,-4.88,4.88,4.88,-14.64,-9.76
-14.64,19.52,34.16,0,-24.4,24.4,9.76,39.04,43.92,34.16,-14.64,-14.64
19.52,43.92,24.4,-29.28,-4.88,34.16,58.56,87.84,112.24,102.48,19.52,4.88
58.56,58.56,0,-58.56,29.28,29.28,122,151.28,195.2,200.08,82.96,29.28
92.72,97.6,4.88,-92.72,43.92,48.8,185.44,224.48,302.56,336.72,185.44,73.2
131.76,161.04,29.28,-146.4,48.8,92.72,273.28,307.44,444.08,536.8,326.96,136.64
190.32,214.72,24.4,-200.08,82.96,117.12,356.24,395.28,595.36,741.76,483.12,209.84
292.8,302.56,9.76,-297.68,141.52,156.16,429.44,468.48,722.24,951.6,663.68,312.32
380.64,405.04,24.4,-390.4,175.68,214.72,483.12,522.16,849.12,1146.8,893.04,448.96
488,551.44,63.44,-517.28,209.84,307.44,551.44,585.6,1000.4,1385.92,1180.96,629.52
634.4,732,97.6,-683.2,268.4,414.8,610,649.04,1171.2,1673.84,1517.68,849.12
775.92,893.04,117.12,-834.48,326.96,502.64,692.96,736.88,1346.88,1937.36,1825.12,1039.44
849.12,1029.68,180.56,-936.96,331.84,605.12,854,897.92,1566.48,2181.36,2078.88,1210.24
888.16,1132.16,244,-1010.16,322.08,688.08,995.52,1029.68,1678.72,2259.44,2200.88,1322.48
873.52,1122.4,248.88,-995.52,312.32,683.2,1024.8,1058.96,1600.64,2117.92,2127.68,1322.48
810.08,990.64,180.56,-897.92,312.32,585.6,1068.72,1107.76,1444.48,1844.64,1869.04,1176.08
678.32,756.4,78.08,-717.36,297.68,414.8,1107.76,1146.8,1234.64,1439.6,1464,932.08
444.08,580.72,136.64,-512.4,151.28,356.24,971.12,1005.28,907.68,927.2,1063.84,732
219.6,497.76,278.16,-356.24,-29.28,385.52,600.24,634.4,458.72,375.76,688.08,605.12
9.76,405.04,395.28,-204.96,-195.2,400.16,239.12,268.4,19.52,-165.92,297.68,453.84
-165.92,341.6,507.52,-87.84,-336.72,424.56,-48.8,-14.64,-292.8,-541.68,4.88,336.72
-283.04,278.16,561.2,4.88,-424.56,419.68,-258.64,-224.48,-497.76,-771.04,-200.08,234.24
-356.24,190.32,546.56,82.96,-453.84,366,-409.92,-375.76,-639.28,-893.04,-351.36,141.52
-414.8,102.48,517.28,156.16,-468.48,307.44,-556.32,-531.92,-766.16,-976,-473.36,29.28
-419.68,48.8,468.48,185.44,-444.08,258.64,-624.64,-595.36,-775.92,-941.84,-488,-24.4
-380.64,39.04,419.68,170.8,-400.16,229.36,-624.64,-605.12,-722.24,-849.12,-434.32,-19.52
-346.48,63.44,409.92,141.52,-380.64,234.24,-614.88,-600.24,-663.68,-746.64,-375.76,0
-317.2,48.8,366,136.64,-341.6,204.96,-590.48,-600.24,-605.12,-663.68,-322.08,0
-283.04,29.28,312.32,126.88,-297.68,170.8,-551.44,-570.96,-561.2,-610,-302.56,-14.64
-248.88,-4.88,244,126.88,-248.88,117.12,-502.64,-527.04,-527.04,-541.68,-292.8,-43.92
-214.72,-43.92,170.8,131.76,-195.2,63.44,-458.72,-478.24,-468.48,-483.12,-273.28,-73.2
-175.68,-78.08,97.6,126.88,-136.64,9.76,-375.76,-395.28,-395.28,-400.16,-253.76,-92.72
-161.04,-107.36,53.68,136.64,-107.36,-29.28,-312.32,-326.96,-326.96,-336.72,-239.12,-112.24
-141.52,-136.64,4.88,141.52,-73.2,-68.32,-263.52,-292.8,-297.68,-317.2,-239.12,-131.76
-122,-146.4,-24.4,136.64,-48.8,-87.84,-219.6,-244,-268.4,-292.8,-234.24,-141.52
-117.12,-161.04,-43.92,141.52,-39.04,-102.48,-190.32,-209.84,-248.88,-283.04,-244,-156.16
-107.36,-170.8,-63.44,141.52,-24.4,-117.12,-161.04,-180.56,-229.36,-273.28,-239.12,-165.92
-112.24,-185.44,-73.2,151.28,-19.52,-131.76,-141.52,-161.04,-224.48,-268.4,-248.88,-175.68
-107.36,-200.08,-92.72,156.16,-9.76,-146.4,-136.64,-156.16,-204.96,-253.76,-244,-180.56
-92.72,-190.32,-97.6,141.52,0,-146.4,-131.76,-151.28,-195.2,-239.12,-244,-185.44
-82.96,-185.44,-102.48,136.64,9.76,-146.4,-122,-136.64,-180.56,-224.48,-234.24,-190.32
-53.68,-161.04,-107.36,107.36,24.4,-136.64,-102.48,-117.12,-146.4,-195.2,-209.84,-180.56
-48.8,-146.4,-97.6,97.6,24.4,-122,-78.08,-87.84,-141.52,-190.32,-209.84,-165.92
-63.44,-136.64,-73.2,102.48,4.88,-107.36,-48.8,-53.68,-117.12,-180.56,-200.08,-151.28
-68.32,-117.12,-48.8,92.72,-9.76,-82.96,-29.28,-34.16,-107.36,-175.68,-185.44,-146.4
-82.96,-112.24,-29.28,97.6,-29.28,-73.2,-14.64,-9.76,-92.72,-161.04,-185.44,-146.4
-92.72,-102.48,-9.76,97.6,-43.92,-58.56,-14.64,-4.88,-82.96,-151.28,-185.44,-141.52
-97.6,-87.84,9.76,92.72,-53.68,-39.04,-9.76,4.88,-68.32,-131.76,-175.68,-131.76
-92.72,-73.2,19.52,82.96,-58.56,-29.28,-14.64,-9.76,-68.32,-126.88,-165.92,-136.64
-97.6,-63.44,34.16,82.96,-68.32,-14.64,-19.52,-9.76,-58.56,-117.12,-146.4,-126.88
-92.72,-48.8,43.92,73.2,-68.32,-4.88,-14.64,-19.52,-58.56,-122,-146.4,-117.12
-92.72,-68.32,24.4,82.96,-58.56,-24.4,-4.88,-19.52,-58.56,-122,-151.28,-112.24
-107.36,-68.32,39.04,87.84,-73.2,-14.64,-19.52,-24.4,-63.44,-141.52,-146.4,-112.24
-112.24,-68.32,43.92,92.72,-78.08,-14.64,-39.04,-24.4,-73.2,-146.4,-151.28,-107.36
-112.24,-73.2,39.04,92.72,-78.08,-19.52,-48.8,-43.92,-78.08,-141.52,-151.28,-112.24
-102.48,-63.44,39.04,82.96,-73.2,-14.64,-48.8,-68.32,-73.2,-131.76,-146.4,-107.36
-117.12,-63.44,53.68,92.72,-87.84,-4.88,-48.8,-78.08,-68.32,-117.12,-146.4,-107.36
-102.48,-53.68,48.8,78.08,-78.08,-4.88,-48.8,-78.08,-63.44,-107.36,-136.64,-102.48
-97.6,-53.68,43.92,78.08,-73.2,-4.88,-43.92,-82.96,-53.68,-112.24,-131.76,-97.6
-112.24,-73.2,39.04,92.72,-78.08,-19.52,-24.4,-58.56,-48.8,-102.48,-126.88,-87.84
-107.36,-68.32,39.04,87.84,-73.2,-14.64,-14.64,-48.8,-48.8,-107.36,-126.88,-97.6
-122,-73.2,48.8,97.6,-87.84,-14.64,-9.76,-48.8,-53.68,-112.24,-126.88,-97.6
-126.88,-102.48,24.4,117.12,-78.08,-39.04,-9.76,-48.8,-63.44,-122,-141.52,-107.36
-112.24,-102.48,9.76,107.36,-63.44,-48.8,-24.4,-58.56,-63.44,-117.12,-136.64,-107.36
-107.36,-102.48,4.88,107.36,-58.56,-48.8,-29.28,-63.44,-68.32,-107.36,-131.76,-107.36
-97.6,-97.6,0,97.6,-48.8,-48.8,-29.28,-63.44,-63.44,-97.6,-126.88,-102.48
-78.08,-87.84,-9.76,82.96,-34.16,-48.8,-48.8,-63.44,-58.56,-92.72,-117.12,-102.48
-78.08,-92.72,-14.64,87.84,-34.16,-53.68,-48.8,-48.8,-58.56,-97.6,-126.88,-102.48
-73.2,-92.72,-19.52,82.96,-29.28,-58.56,-48.8,-43.92,-63.44,-97.6,-126.88,-102.48
-78.08,-82.96,-4.88,82.96,-39.04,-43.92,-48.8,-39.04,-68.32,-102.48,-146.4,-107.36
-92.72,-97.6,-4.88,97.6,-43.92,-53.68,-53.68,-39.04,-78.08,-107.36,-151.28,-117.12
-92.72,-102.48,-9.76,97.6,-43.92,-58.56,-53.68,-43.92,-73.2,-102.48,-151.28,-117.12
-78.08,-117.12,-39.04,97.6,-19.52,-78.08,-53.68,-39.04,-73.2,-92.72,-146.4,-122
-73.2,-112.24,-39.04,92.72,-19.52,-78.08,-58.56,-43.92,-63.44,-87.84,-141.52,-122
-68.32,-112.24,-43.92,92.72,-14.64,-78.08,-39.04,-29.28,-48.8,-63.44,-126.88,-117.12
-58.56,-117.12,-58.56,87.84,0,-87.84,-34.16,-29.28,-43.92,-73.2,-122,-117.12
-43.92,-107.36,-63.44,78.08,9.76,-87.84,-29.28,-19.52,-39.04,-68.32,-126.88,-117.12
-63.44,-107.36,-43.92,87.84,-9.76,-78.08,-19.52,-4.88,-39.04,-63.44,-131.76,-117.12
-58.56,-112.24,-53.68,87.84,-4.88,-82.96,-24.4,-9.76,-53.68,-78.08,-151.28,-122
-53.68,-107.36,-53.68,82.96,0,-82.96,-9.76,-19.52,-58.56,-78.08,-156.16,-136.64
-53.68,-107.36,-53.68,82.96,0,-82.96,-4.88,-39.04,-58.56,-73.2,-161.04,-141.52
-48.8,-107.36,-58.56,78.08,4.88,-82.96,4.88,-34.16,-43.92,-53.68,-151.28,-141.52
-48.8,-112.24,-63.44,82.96,4.88,-87.84,19.52,-24.4,-34.16,-34.16,-141.52,-136.64
-43.92,-117.12,-73.2,82.96,14.64,-97.6,24.4,-19.52,-29.28,-34.16,-131.76,-126.88
-39.04,-117.12,-78.08,78.08,19.52,-97.6,39.04,0,-14.64,-29.28,-122,-126.88
-43.92,-122,-78.08,82.96,14.64,-102.48,43.92,4.88,-14.64,-34.16,-126.88,-126.88
-53.68,-146.4,-92.72,102.48,19.52,-122,43.92,9.76,-19.52,-39.04,-131.76,-131.76
-48.8,-151.28,-102.48,102.48,24.4,-126.88,43.92,14.64,-24.4,-39.04,-146.4,-141.52
-39.04,-141.52,-102.48,92.72,29.28,-122,34.16,4.88,-24.4,-39.04,-146.4,-141.52
-29.28,-136.64,-107.36,82.96,39.04,-122,34.16,4.88,-19.52,-19.52,-141.52,-141.52
-19.52,-117.12,-97.6,68.32,39.04,-107.36,34.16,9.76,-9.76,-9.76,-136.64,-141.52
-9.76,-112.24,-102.48,63.44,43.92,-107.36,34.16,9.76,0,0,-126.88,-136.64
0,-112.24,-112.24,58.56,53.68,-112.24,48.8,34.16,9.76,0,-117.12,-126.88
0,-126.88,-126.88,63.44,63.44,-126.88,53.68,34.16,4.88,-9.76,-117.12,-122
9.76,-131.76,-141.52,63.44,73.2,-136.64,58.56,34.16,0,-14.64,-117.12,-122
0,-131.76,-131.76,68.32,63.44,-131.76,53.68,34.16,-4.88,-19.52,-122,-117.12
-9.76,-141.52,-131.76,78.08,58.56,-136.64,43.92,24.4,-4.88,-19.52,-122,-122
-4.88,-141.52,-136.64,73.2,63.44,-141.52,43.92,24.4,-4.88,-14.64,-122,-117.12
4.88,-126.88,-131.76,63.44,68.32,-131.76,39.04,19.52,0,-4.88,-117.12,-112.24
24.4,-112.24,-136.64,43.92,78.08,-126.88,39.04,24.4,4.88,4.88,-107.36,-107.36
43.92,-92.72,-136.64,24.4,87.84,-117.12,48.8,29.28,9.76,0,-97.6,-102.48
48.8,-82.96,-131.76,19.52,87.84,-107.36,48.8,34.16,4.88,-4.88,-102.48,-102.48
43.92,-82.96,-126.88,19.52,82.96,-107.36,53.68,39.04,4.88,-14.64,-107.36,-102.48
43.92,-82.96,-126.88,19.52,82.96,-107.36,58.56,39.04,0,-24.4,-107.36,-97.6
43.92,-87.84,-131.76,24.4,87.84,-112.24,48.8,24.4,-9.76,-29.28,-122,-107.36
43.92,-92.72,-136.64,24.4,87.84,-117.12,39.04,9.76,-14.64,-19.52,-117.12,-107.36
53.68,-82.96,-136.64,14.64,92.72,-112.24,24.4,0,-19.52,-24.4,-112.24,-102.48
53.68,-82.96,-136.64,14.64,92.72,-112.24,24.4,0,-14.64,-19.52,-107.36,-97.6
58.56,-73.2,-131.76,9.76,92.72,-102.48,34.16,4.88,-9.76,-9.76,-92.72,-73.2
68.32,-68.32,-136.64,0,102.48,-102.48,39.04,9.76,-9.76,-19.52,-87.84,-73.2
82.96,-58.56,-141.52,-9.76,112.24,-102.48,29.28,0,-24.4,-29.28,-92.72,-68.32
63.44,-53.68,-117.12,-4.88,87.84,-87.84,29.28,4.88,-19.52,-34.16,-87.84,-63.44
58.56,-68.32,-126.88,4.88,92.72,-97.6,24.4,-4.88,-34.16,-39.04,-97.6,-68.32
63.44,-53.68,-117.12,-4.88,87.84,-87.84,4.88,-19.52,-34.16,-39.04,-97.6,-68.32
68.32,-48.8,-117.12,-9.76,92.72,-82.96,0,-24.4,-34.16,-29.28,-92.72,-63.44
63.44,-48.8,-112.24,-4.88,87.84,-82.96,4.88,-24.4,-24.4,-19.52,-78.08,-53.68
68.32,-34.16,-102.48,-14.64,82.96,-68.32,0,-29.28,-19.52,-9.76,-63.44,-43.92
78.08,-39.04,-117.12,-19.52,97.6,-78.08,4.88,-34.16,-29.28,-19.52,-58.56,-43.92
78.08,-39.04,-117.12,-19.52,97.6,-78.08,9.76,-29.28,-29.28,-34.16,-58.56,-43.92
73.2,-34.16,-107.36,-19.52,87.84,-73.2,4.88,-29.28,-34.16,-34.16,-58.56,-34.16
58.56,-48.8,-107.36,-4.88,82.96,-78.08,-4.88,-34.16,-43.92,-53.68,-63.44,-39.04
53.68,-53.68,-107.36,0,78.08,-82.96,-4.88,-34.16,-43.92,-43.92,-53.68,-43.92
58.56,-43.92,-102.48,-4.88,78.08,-73.2,-19.52,-48.8,-48.8,-48.8,-53.68,-43.92
53.68,-39.04,-92.72,-4.88,73.2,-68.32,-14.64,-43.92,-43.92,-39.04,-48.8,-39.04
53.68,-24.4,-78.08,-14.64,63.44,-53.68,-9.76,-39.04,-19.52,-19.52,-29.28,-19.52
48.8,-19.52,-68.32,-14.64,58.56,-43.92,-9.76,-39.04,-24.4,-29.28,-29.28,-19.52
39.04,-14.64,-53.68,-9.76,43.92,-34.16,0,-29.28,-24.4,-29.28,-29.28,-19.52
19.52,-19.52,-39.04,0,29.28,-29.28,-4.88,-29.28,-24.4,-34.16,-29.28,-19.52
9.76,-29.28,-39.04,9.76,24.4,-34.16,-4.88,-34.16,-34.16,-48.8,-39.04,-24.4
14.64,-29.28,-43.92,9.76,29.28,-39.04,-4.88,-34.16,-39.04,-48.8,-43.92,-29.28
0,-34.16,-34.16,19.52,14.64,-34.16,-14.64,-43.92,-39.04,-48.8,-43.92,-34.16
0,-39.04,-39.04,19.52,19.52,-39.04,-19.52,-43.92,-39.04,-48.8,-39.04,-34.16
0,-34.16,-34.16,19.52,14.64,-34.16,-34.16,-39.04,-34.16,-39.04,-34.16,-29.28
-4.88,-24.4,-19.52,14.64,4.88,-24.4,-39.04,-19.52,-19.52,-34.16,-24.4,-19.52
0,-19.52,-19.52,9.76,9.76,-19.52,-29.28,-14.64,-24.4,-34.16,-34.16,-14.64
-4.88,-19.52,-14.64,14.64,4.88,-19.52,-24.4,-9.76,-24.4,-29.28,-29.28,-14.64
-9.76,-24.4,-14.64,19.52,0,-19.52,-39.04,-24.4,-39.04,-48.8,-43.92,-29.28
-9.76,-29.28,-19.52,19.52,4.88,-24.4,-34.16,-24.4,-39.04,-48.8,-48.8,-29.28
-14.64,-19.52,-4.88,19.52,-4.88,-14.64,-43.92,-39.04,-39.04,-48.8,-53.68,-34.16
-14.64,-19.52,-4.88,19.52,-4.88,-14.64,-39.04,-53.68,-48.8,-48.8,-53.68,-39.04
-9.76,-14.64,-4.88,14.64,-4.88,-9.76,-29.28,-48.8,-39.04,-39.04,-43.92,-24.4
-4.88,-24.4,-19.52,14.64,4.88,-24.4,-29.28,-48.8,-34.16,-39.04,-34.16,-24.4
-4.88,-29.28,-24.4,19.52,9.76,-29.28,-34.16,-39.04,-39.04,-39.04,-34.16,-19.52
-24.4,-24.4,0,24.4,-14.64,-14.64,-34.16,-14.64,-29.28,-34.16,-29.28,-9.76
-24.4,-29.28,-4.88,29.28,-9.76,-19.52,-39.04,-24.4,-39.04,-43.92,-39.04,-14.64
-9.76,-24.4,-14.64,19.52,0,-19.52,-39.04,-29.28,-43.92,-48.8,-53.68,-24.4
-19.52,-34.16,-14.64,29.28,-4.88,-24.4,-43.92,-39.04,-48.8,-48.8,-53.68,-34.16
-24.4,-34.16,-9.76,29.28,-9.76,-24.4,-48.8,-43.92,-43.92,-39.04,-48.8,-29.28
-19.52,-14.64,4.88,19.52,-14.64,-4.88,-43.92,-43.92,-39.04,-34.16,-48.8,-29.28
-14.64,-14.64,0,14.64,-9.76,-9.76,-53.68,-43.92,-34.16,-29.28,-39.04,-24.4
-4.88,-9.76,-4.88,9.76,0,-9.76,-53.68,-43.92,-34.16,-39.04,-39.04,-29.28
-4.88,-14.64,-9.76,9.76,0,-14.64,-43.92,-34.16,-39.04,-43.92,-43.92,-24.4
-24.4,-39.04,-14.64,34.16,-4.88,-29.28,-39.04,-29.28,-34.16,-48.8,-39.04,-19.52
-29.28,-39.04,-9.76,34.16,-9.76,-24.4,-43.92,-29.28,-43.92,-58.56,-43.92,-29.28
-43.92,-48.8,-4.88,48.8,-19.52,-29.28,-39.04,-29.28,-43.92,-48.8,-43.92,-19.52
-39.04,-58.56,-19.52,48.8,-9.76,-39.04,-43.92,-39.04,-48.8,-53.68,-43.92,-29.28
-29.28,-53.68,-24.4,43.92,-4.88,-39.04,-43.92,-43.92,-48.8,-48.8,-43.92,-29.28
-29.28,-43.92,-14.64,39.04,-9.76,-29.28,-48.8,-39.04,-39.04,-43.92,-43.92,-24.4
-19.52,-19.52,0,19.52,-9.76,-9.76,-43.92,-39.04,-39.04,-43.92,-39.04,-24.4
-14.64,-9.76,4.88,14.64,-9.76,-4.88,-39.04,-34.16,-34.16,-43.92,-39.04,-14.64
-9.76,-19.52,-9.76,14.64,0,-14.64,-39.04,-39.04,-43.92,-48.8,-43.92,-24.4
-19.52,-19.52,0,19.52,-9.76,-9.76,-39.04,-29.28,-39.04,-53.68,-43.92,-24.4
-43.92,-48.8,-4.88,48.8,-19.52,-29.28,-34.16,-24.4,-43.92,-53.68,-48.8,-24.4
-48.8,-48.8,0,48.8,-24.4,-24.4,-39.04,-34.16,-43.92,-53.68,-43.92,-24.4
-34.16,-43.92,-9.76,39.04,-14.64,-29.28,-43.92,-29.28,-34.16,-43.92,-39.04,-14.64
-39.04,-48.8,-9.76,43.92,-14.64,-29.28,-43.92,-34.16,-34.16,-34.16,-29.28,-9.76
-39.04,-43.92,-4.88,43.92,-19.52,-24.4,-39.04,-34.16,-24.4,-24.4,-14.64,-4.88
-24.4,-29.28,-4.88,29.28,-9.76,-19.52,-29.28,-24.4,-19.52,-24.4,-14.64,0
-19.52,-29.28,-9.76,24.4,-4.88,-19.52,-24.4,-19.52,-14.64,-24.4,-14.64,0
-14.64,-9.76,4.88,14.64,-9.76,-4.88,-24.4,-19.52,-24.4,-29.28,-19.52,0
-14.64,-9.76,4.88,14.64,-9.76,-4.88,-39.04,-24.4,-29.28,-34.16,-29.28,-4.88
-19.52,-14.64,4.88,19.52,-14.64,-4.88,-43.92,-29.28,-29.28,-29.28,-24.4,-9.76
-19.52,0,19.52,9.76,-19.52,9.76,-43.92,-29.28,-24.4,-19.52,-24.4,-9.76
-24.4,-4.88,19.52,14.64,-24.4,4.88,-43.92,-34.16,-14.64,-19.52,-24.4,-14.64
-19.52,-4.88,14.64,14.64,-19.52,4.88,-34.16,-19.52,0,0,-9.76,-4.88
-14.64,0,14.64,9.76,-14.64,4.88,-9.76,4.88,24.4,9.76,-14.64,-14.64
-14.64,4.88,19.52,4.88,-19.52,9.76,48.8,53.68,78.08,58.56,4.88,-4.88
34.16,29.28,-4.88,-29.28,19.52,9.76,102.48,107.36,146.4,126.88,48.8,14.64
73.2,63.44,-9.76,-68.32,39.04,24.4,165.92,165.92,224.48,234.24,112.24,39.04
102.48,117.12,14.64,-107.36,43.92,63.44,239.12,244,341.6,390.4,224.48,97.6
151.28,175.68,24.4,-161.04,63.44,97.6,326.96,326.96,488,580.72,361.12,156.16
224.48,224.48,0,-224.48,112.24,112.24,400.16,405.04,619.76,775.92,512.4,219.6
331.84,317.2,-14.64,-322.08,170.8,151.28,468.48,468.48,751.52,985.76,702.72,326.96
434.32,444.08,9.76,-439.2,209.84,224.48,527.04,527.04,878.4,1195.6,951.6,488
570.96,590.48,19.52,-580.72,273.28,302.56,595.36,595.36,1034.56,1449.36,1254.16,678.32
732,761.28,29.28,-746.64,351.36,395.28,658.8,668.56,1205.36,1737.28,1590.88,888.16
839.36,907.68,68.32,-873.52,385.52,488,775.92,775.92,1405.44,2000.8,1883.68,1078.48
912.56,1039.44,126.88,-976,390.4,580.72,956.48,956.48,1610.4,2200.88,2088.64,1220
927.2,1122.4,195.2,-1024.8,366,658.8,1058.96,1073.6,1668.96,2225.28,2156.96,1302.96
883.28,1078.48,195.2,-980.88,341.6,634.4,1093.12,1102.88,1561.6,2039.84,2015.44,1254.16
800.32,893.04,92.72,-844.24,351.36,492.88,1146.8,1156.56,1395.68,1727.52,1698.24,1054.08
624.64,668.56,43.92,-644.16,287.92,356.24,1166.32,1171.2,1171.2,1307.84,1293.2,814.96
385.52,541.68,156.16,-463.6,112.24,346.48,966.24,961.36,839.36,819.84,932.08,668.56
170.8,478.24,307.44,-322.08,-68.32,390.4,561.2,566.08,380.64,258.64,561.2,536.8
-29.28,405.04,434.32,-185.44,-234.24,419.68,219.6,219.6,-29.28,-229.36,214.72,409.92
-190.32,326.96,517.28,-68.32,-356.24,419.68,-58.56,-53.68,-317.2,-570.96,-43.92,307.44
-302.56,248.88,551.44,29.28,-429.44,400.16,-244,-244,-488,-761.28,-224.48,209.84
-395.28,151.28,546.56,122,-473.36,346.48,-395.28,-400.16,-629.52,-878.4,-366,102.48
-434.32,68.32,502.64,185.44,-468.48,283.04,-531.92,-541.68,-741.76,-946.72,-468.48,0
-409.92,34.16,444.08,190.32,-429.44,239.12,-590.48,-595.36,-736.88,-883.28,-458.72,-29.28
-370.88,39.04,409.92,165.92,-390.4,224.48,-590.48,-595.36,-683.2,-795.44,-400.16,-24.4
-322.08,63.44,385.52,131.76,-356.24,224.48,-590.48,-590.48,-619.76,-702.72,-341.6,-9.76
-292.8,58.56,351.36,117.12,-322.08,204.96,-575.84,-580.72,-575.84,-624.64,-302.56,-4.88
-263.52,29.28,292.8,117.12,-278.16,161.04,-531.92,-536.8,-531.92,-575.84,-287.92,-24.4
-229.36,-14.64,214.72,122,-224.48,97.6,-492.88,-502.64,-497.76,-512.4,-283.04,-63.44
-200.08,-63.44,136.64,131.76,-170.8,34.16,-444.08,-448.96,-434.32,-448.96,-273.28,-87.84
-165.92,-87.84,78.08,126.88,-122,-4.88,-370.88,-370.88,-366,-380.64,-253.76,-107.36
-136.64,-102.48,34.16,122,-87.84,-34.16,-312.32,-322.08,-307.44,-326.96,-239.12,-126.88
-122,-141.52,-19.52,131.76,-53.68,-82.96,-268.4,-278.16,-283.04,-307.44,-234.24,-146.4
-107.36,-161.04,-53.68,136.64,-29.28,-107.36,-229.36,-229.36,-258.64,-292.8,-239.12,-156.16
-107.36,-180.56,-73.2,146.4,-19.52,-126.88,-204.96,-200.08,-239.12,-283.04,-239.12,-165.92
-107.36,-190.32,-82.96,151.28,-14.64,-136.64,-175.68,-165.92,-214.72,-273.28,-244,-170.8
-112.24,-200.08,-87.84,156.16,-14.64,-146.4,-156.16,-156.16,-209.84,-263.52,-239.12,-175.68
-92.72,-209.84,-117.12,151.28,9.76,-165.92,-151.28,-151.28,-200.08,-248.88,-239.12,-175.68
-73.2,-185.44,-112.24,131.76,19.52,-151.28,-151.28,-146.4,-185.44,-239.12,-239.12,-180.56
-48.8,-185.44,-136.64,117.12,43.92,-161.04,-146.4,-141.52,-180.56,-219.6,-234.24,-195.2
-34.16,-175.68,-141.52,107.36,53.68,-161.04,-126.88,-126.88,-151.28,-204.96,-219.6,-180.56
-29.28,-136.64,-107.36,82.96,39.04,-122,-97.6,-97.6,-136.64,-190.32,-209.84,-170.8
-43.92,-126.88,-82.96,87.84,19.52,-107.36,-63.44,-63.44,-112.24,-165.92,-195.2,-156.16
-53.68,-117.12,-63.44,87.84,4.88,-92.72,-43.92,-39.04,-92.72,-165.92,-180.56,-151.28
-73.2,-112.24,-39.04,92.72,-19.52,-78.08,-34.16,-24.4,-97.6,-165.92,-195.2,-151.28
-97.6,-122,-24.4,112.24,-39.04,-73.2,-14.64,-9.76,-78.08,-156.16,-175.68,-146.4
-92.72,-97.6,-4.88,97.6,-43.92,-53.68,-19.52,-9.76,-68.32,-136.64,-170.8,-136.64
-82.96,-87.84,-4.88,87.84,-39.04,-48.8,-24.4,-19.52,-63.44,-131.76,-165.92,-131.76
-87.84,-82.96,4.88,87.84,-48.8,-39.04,-34.16,-24.4,-48.8,-122,-146.4,-122
-102.48,-78.08,24.4,92.72,-63.44,-29.28,-14.64,-4.88,-43.92,-107.36,-126.88,-102.48
-117.12,-78.08,39.04,97.6,-78.08,-19.52,-4.88,0,-39.04,-107.36,-126.88,-97.6
-102.48,-68.32,34.16,87.84,-68.32,-19.52,-14.64,-19.52,-53.68,-122,-136.64,-102.48
-92.72,-58.56,34.16,78.08,-63.44,-14.64,-19.52,-39.04,-63.44,-136.64,-146.4,-107.36
-102.48,-63.44,39.04,82.96,-73.2,-14.64,-39.04,-58.56,-68.32,-136.64,-156.16,-107.36
-102.48,-58.56,43.92,82.96,-73.2,-9.76,-58.56,-78.08,-73.2,-131.76,-156.16,-112.24
-107.36,-73.2,34.16,92.72,-73.2,-19.52,-58.56,-73.2,-68.32,-122,-146.4,-107.36
-97.6,-68.32,29.28,82.96,-63.44,-19.52,-58.56,-73.2,-58.56,-112.24,-131.76,-102.48
-92.72,-58.56,34.16,78.08,-63.44,-14.64,-53.68,-73.2,-48.8,-102.48,-122,-92.72
-97.6,-78.08,19.52,87.84,-58.56,-29.28,-39.04,-63.44,-48.8,-107.36,-117.12,-92.72
-92.72,-82.96,9.76,87.84,-53.68,-39.04,-34.16,-58.56,-48.8,-117.12,-126.88,-97.6
-92.72,-87.84,4.88,92.72,-48.8,-43.92,-29.28,-48.8,-48.8,-112.24,-126.88,-97.6
-97.6,-97.6,0,97.6,-48.8,-48.8,-34.16,-53.68,-63.44,-117.12,-136.64,-107.36
-92.72,-87.84,4.88,92.72,-48.8,-43.92,-39.04,-63.44,-58.56,-107.36,-136.64,-107.36
-87.84,-87.84,0,87.84,-43.92,-43.92,-58.56,-68.32,-58.56,-102.48,-141.52,-112.24
-73.2,-92.72,-19.52,82.96,-29.28,-58.56,-58.56,-73.2,-58.56,-92.72,-131.76,-112.24
-58.56,-78.08,-19.52,68.32,-19.52,-48.8,-53.68,-73.2,-48.8,-87.84,-122,-97.6
-58.56,-82.96,-24.4,73.2,-19.52,-53.68,-39.04,-58.56,-58.56,-92.72,-126.88,-102.48
-58.56,-82.96,-24.4,73.2,-19.52,-53.68,-39.04,-63.44,-63.44,-97.6,-126.88,-102.48
-63.44,-102.48,-39.04,82.96,-14.64,-73.2,-34.16,-58.56,-68.32,-102.48,-131.76,-107.36
-78.08,-126.88,-48.8,102.48,-14.64,-87.84,-34.16,-48.8,-73.2,-107.36,-136.64,-112.24
-78.08,-126.88,-48.8,102.48,-14.64,-87.84,-43.92,-53.68,-78.08,-102.48,-136.64,-112.24
-82.96,-122,-39.04,102.48,-24.4,-82.96,-48.8,-53.68,-78.08,-97.6,-146.4,-126.88
-63.44,-112.24,-48.8,87.84,-9.76,-82.96,-48.8,-53.68,-68.32,-82.96,-136.64,-122
-48.8,-87.84,-39.04,68.32,-4.88,-63.44,-43.92,-58.56,-58.56,-68.32,-131.76,-117.12
-58.56,-102.48,-43.92,82.96,-9.76,-73.2,-29.28,-39.04,-43.92,-63.44,-126.88,-117.12
-48.8,-92.72,-43.92,73.2,-4.88,-68.32,-9.76,-29.28,-39.04,-58.56,-126.88,-112.24
-43.92,-87.84,-43.92,68.32,0,-68.32,-9.76,-29.28,-43.92,-73.2,-131.76,-122
-53.68,-107.36,-53.68,82.96,0,-82.96,-9.76,-29.28,-53.68,-82.96,-146.4,-126.88
-53.68,-117.12,-63.44,87.84,4.88,-92.72,-14.64,-34.16,-58.56,-78.08,-151.28,-136.64
-58.56,-131.76,-73.2,97.6,4.88,-102.48,-9.76,-34.16,-53.68,-78.08,-151.28,-131.76
-48.8,-126.88,-78.08,87.84,14.64,-102.48,-9.76,-34.16,-48.8,-68.32,-151.28,-136.64
-34.16,-107.36,-73.2,73.2,19.52,-92.72,-9.76,-34.16,-39.04,-43.92,-141.52,-136.64
-34.16,-122,-87.84,78.08,24.4,-107.36,0,-24.4,-24.4,-48.8,-126.88,-126.88
-39.04,-122,-82.96,82.96,19.52,-102.48,19.52,-9.76,-19.52,-43.92,-126.88,-126.88
-24.4,-117.12,-92.72,73.2,34.16,-107.36,29.28,-4.88,-19.52,-43.92,-126.88,-122
-24.4,-131.76,-107.36,78.08,39.04,-122,39.04,-9.76,-29.28,-58.56,-136.64,-131.76
-19.52,-131.76,-112.24,78.08,43.92,-122,53.68,-14.64,-29.28,-53.68,-146.4,-141.52
-19.52,-131.76,-112.24,78.08,43.92,-122,48.8,-24.4,-29.28,-48.8,-146.4,-136.64
-14.64,-131.76,-117.12,73.2,48.8,-126.88,53.68,-19.52,-19.52,-34.16,-136.64,-136.64
0,-131.76,-131.76,68.32,63.44,-131.76,53.68,-14.64,-14.64,-19.52,-136.64,-136.64
4.88,-131.76,-136.64,63.44,68.32,-136.64,53.68,-9.76,-4.88,-14.64,-126.88,-131.76
9.76,-122,-131.76,58.56,68.32,-126.88,68.32,9.76,4.88,-9.76,-117.12,-122
4.88,-122,-126.88,58.56,63.44,-126.88,78.08,19.52,4.88,-4.88,-112.24,-112.24
-4.88,-131.76,-126.88,68.32,58.56,-131.76,78.08,14.64,-4.88,-19.52,-112.24,-117.12
14.64,-136.64,-151.28,63.44,82.96,-146.4,68.32,9.76,-14.64,-34.16,-126.88,-126.88
14.64,-136.64,-151.28,63.44,82.96,-146.4,63.44,9.76,-14.64,-29.28,-126.88,-122
29.28,-112.24,-141.52,43.92,82.96,-126.88,63.44,4.88,-9.76,-19.52,-122,-117.12
39.04,-102.48,-141.52,34.16,87.84,-122,53.68,0,-9.76,-14.64,-122,-112.24
48.8,-102.48,-151.28,29.28,97.6,-126.88,58.56,4.88,0,0,-102.48,-97.6
58.56,-92.72,-151.28,19.52,102.48,-122,68.32,14.64,4.88,0,-97.6,-92.72
58.56,-82.96,-141.52,14.64,97.6,-112.24,73.2,19.52,14.64,-4.88,-97.6,-87.84
48.8,-78.08,-126.88,14.64,87.84,-102.48,68.32,19.52,0,-19.52,-112.24,-92.72
53.68,-82.96,-136.64,14.64,92.72,-112.24,68.32,14.64,-14.64,-34.16,-117.12,-102.48
48.8,-92.72,-141.52,24.4,92.72,-117.12,48.8,-4.88,-24.4,-43.92,-126.88,-107.36
48.8,-97.6,-146.4,24.4,97.6,-122,53.68,-9.76,-24.4,-39.04,-117.12,-102.48
43.92,-87.84,-131.76,24.4,87.84,-112.24,48.8,-9.76,-19.52,-34.16,-112.24,-97.6
58.56,-78.08,-136.64,9.76,97.6,-107.36,48.8,-9.76,-14.64,-19.52,-97.6,-82.96
82.96,-58.56,-141.52,-9.76,112.24,-102.48,48.8,-9.76,-9.76,-19.52,-87.84,-68.32
87.84,-53.68,-141.52,-14.64,112.24,-97.6,48.8,-9.76,-19.52,-24.4,-87.84,-68.32
87.84,-58.56,-146.4,-14.64,117.12,-102.48,48.8,-14.64,-24.4,-34.16,-87.84,-63.44
92.72,-48.8,-141.52,-19.52,117.12,-97.6,43.92,-14.64,-29.28,-43.92,-92.72,-63.44
87.84,-53.68,-141.52,-14.64,112.24,-97.6,34.16,-24.4,-39.04,-48.8,-97.6,-68.32
73.2,-48.8,-122,-9.76,97.6,-87.84,19.52,-34.16,-39.04,-43.92,-102.48,-68.32
58.56,-43.92,-102.48,-4.88,78.08,-73.2,14.64,-39.04,-39.04,-29.28,-87.84,-58.56
63.44,-48.8,-112.24,-4.88,87.84,-82.96,14.64,-39.04,-34.16,-24.4,-78.08,-48.8
78.08,-34.16,-112.24,-19.52,92.72,-73.2,9.76,-43.92,-29.28,-14.64,-63.44,-43.92
78.08,-29.28,-107.36,-24.4,92.72,-68.32,14.64,-34.16,-34.16,-14.64,-53.68,-34.16
82.96,-34.16,-117.12,-24.4,97.6,-78.08,4.88,-39.04,-39.04,-29.28,-58.56,-34.16
73.2,-34.16,-107.36,-19.52,87.84,-73.2,-4.88,-29.28,-39.04,-34.16,-48.8,-24.4
53.68,-43.92,-97.6,-4.88,73.2,-73.2,-9.76,-24.4,-48.8,-39.04,-58.56,-29.28
48.8,-34.16,-82.96,-4.88,63.44,-58.56,-19.52,-39.04,-48.8,-39.04,-63.44,-34.16
53.68,-19.52,-73.2,-14.64,63.44,-48.8,-24.4,-43.92,-43.92,-29.28,-53.68,-29.28
58.56,-14.64,-73.2,-19.52,63.44,-43.92,-34.16,-43.92,-48.8,-29.28,-58.56,-29.28
63.44,-4.88,-68.32,-29.28,63.44,-39.04,-29.28,-48.8,-39.04,-24.4,-48.8,-24.4
48.8,-9.76,-58.56,-19.52,53.68,-34.16,-19.52,-34.16,-34.16,-19.52,-34.16,-14.64
29.28,-9.76,-39.04,-9.76,34.16,-24.4,-9.76,-24.4,-29.28,-19.52,-24.4,-14.64
14.64,-9.76,-24.4,0,19.52,-19.52,4.88,-34.16,-29.28,-29.28,-29.28,-9.76
9.76,-34.16,-43.92,14.64,24.4,-39.04,4.88,-43.92,-43.92,-43.92,-39.04,-19.52
0,-39.04,-39.04,19.52,19.52,-39.04,9.76,-39.04,-43.92,-43.92,-39.04,-24.4
-4.88,-34.16,-29.28,19.52,9.76,-34.16,-14.64,-43.92,-43.92,-39.04,-39.04,-19.52
-9.76,-34.16,-24.4,24.4,4.88,-29.28,-29.28,-34.16,-39.04,-34.16,-29.28,-19.52
0,-9.76,-9.76,4.88,4.88,-9.76,-34.16,-29.28,-29.28,-19.52,-24.4,-14.64
4.88,0,-4.88,0,4.88,-4.88,-34.16,-29.28,-24.4,-19.52,-24.4,-9.76
-4.88,-4.88,0,4.88,-4.88,-4.88,-19.52,-19.52,-19.52,-19.52,-14.64,-4.88
0,4.88,4.88,0,-4.88,4.88,-9.76,-24.4,-29.28,-19.52,-19.52,-4.88
-9.76,0,9.76,4.88,-9.76,4.88,-4.88,-39.04,-34.16,-39.04,-29.28,-19.52
-19.52,-14.64,4.88,19.52,-14.64,-4.88,-4.88,-34.16,-39.04,-34.16,-39.04,-19.52
-29.28,-19.52,9.76,24.4,-19.52,-4.88,-24.4,-39.04,-39.04,-39.04,-39.04,-24.4
-29.28,-34.16,-4.88,34.16,-14.64,-19.52,-29.28,-34.16,-39.04,-34.16,-34.16,-24.4
-24.4,-29.28,-4.88,29.28,-9.76,-19.52,-34.16,-29.28,-34.16,-29.28,-24.4,-19.52
-19.52,-14.64,4.88,19.52,-14.64,-4.88,-34.16,-29.28,-19.52,-19.52,-14.64,-9.76
-9.76,-9.76,0,9.76,-4.88,-4.88,-29.28,-24.4,-24.4,-19.52,-19.52,-9.76
-14.64,4.88,19.52,4.88,-19.52,9.76,-34.16,-19.52,-24.4,-24.4,-24.4,-9.76
-29.28,-4.88,24.4,19.52,-29.28,9.76,-29.28,-19.52,-29.28,-34.16,-34.16,-9.76
-19.52,-4.88,14.64,14.64,-19.52,4.88,-34.16,-24.4,-43.92,-43.92,-48.8,-29.28
-14.64,-4.88,9.76,9.76,-14.64,0,-43.92,-34.16,-43.92,-39.04,-48.8,-29.28
-14.64,-9.76,4.88,14.64,-9.76,-4.88,-48.8,-43.92,-48.8,-39.04,-48.8,-34.16
-19.52,-9.76,9.76,14.64,-14.64,0,-48.8,-39.04,-39.04,-34.16,-43.92,-29.28
-19.52,-19.52,0,19.52,-9.76,-9.76,-43.92,-34.16,-29.28,-24.4,-29.28,-19.52
-9.76,-14.64,-4.88,14.64,-4.88,-9.76,-39.04,-34.16,-29.28,-29.28,-29.28,-14.64
-4.88,-9.76,-4.88,9.76,0,-9.76,-34.16,-29.28,-34.16,-29.28,-34.16,-19.52
-19.52,-29.28,-9.76,24.4,-4.88,-19.52,-34.16,-24.4,-29.28,-34.16,-29.28,-14.64
-19.52,-34.16,-14.64,29.28,-4.88,-24.4,-34.16,-29.28,-48.8,-48.8,-39.04,-24.4
-24.4,-29.28,-4.88,29.28,-9.76,-19.52,-39.04,-24.4,-48.8,-39.04,-43.92,-29.28
-29.28,-29.28,0,29.28,-14.64,-14.64,-43.92,-39.04,-48.8,-39.04,-43.92,-29.28
-19.52,-14.64,4.88,19.52,-14.64,-4.88,-43.92,-34.16,-43.92,-29.28,-39.04,-19.52
-19.52,-14.64,4.88,19.52,-14.64,-4.88,-39.04,-39.04,-39.04,-24.4,-34.16,-19.52
-9.76,-9.76,0,9.76,-4.88,-4.88,-43.92,-34.16,-34.16,-24.4,-29.28,-14.64
-14.64,-14.64,0,14.64,-9.76,-9.76,-29.28,-29.28,-34.16,-24.4,-29.28,-9.76
-29.28,-24.4,4.88,29.28,-19.52,-9.76,-29.28,-19.52,-34.16,-29.28,-24.4,-9.76
-29.28,-29.28,0,29.28,-14.64,-14.64,-29.28,-19.52,-34.16,-39.04,-24.4,-9.76
-34.16,-34.16,0,34.16,-19.52,-19.52,-34.16,-19.52,-48.8,-39.04,-34.16,-14.64
-39.04,-39.04,0,39.04,-19.52,-19.52,-39.04,-29.28,-43.92,-39.04,-34.16,-19.52
-29.28,-39.04,-9.76,34.16,-9.76,-24.4,-39.04,-34.16,-39.04,-29.28,-34.16,-19.52
-24.4,-29.28,-4.88,29.28,-9.76,-19.52,-43.92,-34.16,-34.16,-19.52,-24.4,-14.64
-19.52,-9.76,9.76,14.64,-14.64,0,-34.16,-34.16,-24.4,-9.76,-14.64,-9.76
-19.52,0,19.52,9.76,-19.52,9.76,-24.4,-19.52,-14.64,-4.88,-9.76,0
-24.4,0,24.4,14.64,-24.4,9.76,-19.52,-9.76,-19.52,-14.64,-4.88,4.88
-9.76,0,9.76,4.88,-9.76,4.88,-24.4,-19.52,-19.52,-9.76,-14.64,0
-14.64,4.88,19.52,4.88,-19.52,9.76,-24.4,-19.52,-24.4,-19.52,-19.52,-9.76
-29.28,-4.88,24.4,19.52,-29.28,9.76,-24.4,-19.52,-19.52,-9.76,-9.76,0
-14.64,0,14.64,9.76,-14.64,4.88,-34.16,-29.28,-24.4,-4.88,-19.52,-4.88
-24.4,-4.88,19.52,14.64,-24.4,4.88,-34.16,-24.4,-14.64,0,-14.64,-9.76
-19.52,-4.88,14.64,14.64,-19.52,4.88,-24.4,-14.64,0,9.76,-4.88,-4.88
-14.64,9.76,24.4,4.88,-19.52,14.64,9.76,14.64,29.28,29.28,-4.88,-4.88
-24.4,29.28,53.68,0,-39.04,39.04,68.32,73.2,92.72,92.72,29.28,14.64
39.04,68.32,29.28,-53.68,4.88,48.8,122,131.76,161.04,165.92,73.2,34.16
92.72,97.6,4.88,-92.72,43.92,48.8,175.68,185.44,239.12,263.52,131.76,48.8
126.88,141.52,14.64,-131.76,53.68,78.08,258.64,263.52,366,429.44,253.76,107.36
185.44,204.96,19.52,-195.2,82.96,112.24,336.72,351.36,502.64,629.52,395.28,165.92
258.64,263.52,4.88,-258.64,126.88,131.76,414.8,424.56,644.16,824.72,551.44,239.12
351.36,346.48,-4.88,-346.48,175.68,170.8,478.24,488,766.16,1029.68,751.52,356.24
448.96,473.36,24.4,-458.72,209.84,248.88,536.8,541.68,893.04,1234.64,990.64,512.4
585.6,619.76,34.16,-600.24,273.28,326.96,605.12,610,1058.96,1493.28,1302.96,707.6
746.64,800.32,53.68,-771.04,346.48,424.56,673.44,678.32,1229.76,1776.32,1634.8,917.44
854,951.6,97.6,-902.8,375.76,522.16,795.44,810.08,1424.96,2030.08,1917.84,1107.76
912.56,1068.72,156.16,-990.64,375.76,610,971.12,976,1610.4,2215.52,2108.16,1239.52
932.08,1137.04,204.96,-1034.56,361.12,668.56,1078.48,1058.96,1639.68,2205.76,2156.96,1317.6
888.16,1078.48,190.32,-980.88,346.48,634.4,1107.76,1068.72,1522.56,2005.68,1991.04,1249.28
814.96,893.04,78.08,-854,366,483.12,1161.44,1132.16,1351.76,1693.36,1659.2,1039.44
629.52,688.08,58.56,-658.8,283.04,370.88,1161.44,1122.4,1122.4,1263.92,1249.28,805.2
380.64,566.08,185.44,-473.36,97.6,375.76,927.2,888.16,775.92,780.8,907.68,668.56
161.04,488,326.96,-322.08,-82.96,405.04,541.68,497.76,326.96,214.72,531.92,536.8
-39.04,405.04,444.08,-180.56,-244,424.56,204.96,161.04,-63.44,-263.52,180.56,400.16
-214.72,326.96,541.68,-53.68,-380.64,434.32,-43.92,-87.84,-336.72,-580.72,-58.56,292.8
-322.08,248.88,570.96,39.04,-448.96,409.92,-219.6,-263.52,-492.88,-761.28,-229.36,200.08
-405.04,146.4,551.44,131.76,-478.24,346.48,-375.76,-419.68,-634.4,-863.76,-366,102.48
-429.44,63.44,492.88,185.44,-463.6,278.16,-507.52,-546.56,-732,-912.56,-458.72,4.88
-400.16,48.8,448.96,175.68,-424.56,248.88,-551.44,-590.48,-712.48,-844.24,-434.32,-14.64
-356.24,63.44,419.68,146.4,-390.4,239.12,-556.32,-595.36,-649.04,-751.52,-380.64,-9.76
-312.32,102.48,414.8,107.36,-366,258.64,-551.44,-590.48,-600.24,-663.68,-322.08,4.88
-287.92,92.72,380.64,97.6,-336.72,234.24,-531.92,-570.96,-551.44,-590.48,-287.92,4.88
-248.88,48.8,297.68,102.48,-273.28,170.8,-497.76,-522.16,-517.28,-546.56,-273.28,-14.64
-219.6,14.64,234.24,102.48,-229.36,122,-453.84,-483.12,-468.48,-483.12,-268.4,-48.8
-185.44,-24.4,161.04,107.36,-175.68,68.32,-409.92,-434.32,-419.68,-419.68,-263.52,-82.96
-165.92,-68.32,97.6,117.12,-131.76,14.64,-331.84,-356.24,-351.36,-356.24,-244,-107.36
-146.4,-102.48,43.92,126.88,-97.6,-29.28,-287.92,-312.32,-307.44,-312.32,-234.24,-126.88
-131.76,-141.52,-9.76,136.64,-63.44,-78.08,-244,-268.4,-273.28,-297.68,-224.48,-141.52
-117.12,-161.04,-43.92,141.52,-39.04,-102.48,-204.96,-229.36,-248.88,-273.28,-229.36,-146.4
-102.48,-170.8,-68.32,136.64,-19.52,-122,-170.8,-190.32,-224.48,-263.52,-229.36,-156.16
-82.96,-170.8,-87.84,126.88,0,-131.76,-151.28,-165.92,-214.72,-258.64,-224.48,-156.16
-78.08,-165.92,-87.84,122,4.88,-126.88,-141.52,-156.16,-209.84,-248.88,-239.12,-175.68
-82.96,-170.8,-87.84,126.88,0,-131.76,-136.64,-146.4,-195.2,-234.24,-234.24,-180.56
-68.32,-165.92,-97.6,117.12,14.64,-131.76,-126.88,-146.4,-180.56,-219.6,-229.36,-185.44
-58.56,-156.16,-97.6,107.36,19.52,-126.88,-112.24,-131.76,-165.92,-204.96,-229.36,-185.44
-53.68,-141.52,-87.84,97.6,14.64,-117.12,-87.84,-112.24,-141.52,-185.44,-214.72,-170.8
-39.04,-131.76,-92.72,87.84,24.4,-112.24,-58.56,-82.96,-122,-170.8,-200.08,-161.04
-43.92,-126.88,-82.96,87.84,19.52,-107.36,-34.16,-63.44,-107.36,-161.04,-185.44,-151.28
-53.68,-117.12,-63.44,87.84,4.88,-92.72,-9.76,-39.04,-97.6,-151.28,-175.68,-141.52
-68.32,-112.24,-43.92,92.72,-14.64,-78.08,9.76,-19.52,-92.72,-151.28,-175.68,-141.52
-87.84,-107.36,-19.52,97.6,-34.16,-63.44,14.64,-19.52,-73.2,-131.76,-175.68,-141.52
-87.84,-87.84,0,87.84,-43.92,-43.92,14.64,-14.64,-68.32,-117.12,-165.92,-136.64
-87.84,-68.32,19.52,78.08,-53.68,-24.4,9.76,-19.52,-58.56,-107.36,-151.28,-126.88
-73.2,-53.68,19.52,63.44,-48.8,-19.52,4.88,-24.4,-48.8,-102.48,-136.64,-122
-63.44,-34.16,29.28,48.8,-48.8,-4.88,0,-4.88,-48.8,-102.48,-136.64,-112.24
-82.96,-39.04,43.92,63.44,-63.44,0,-4.88,0,-39.04,-102.48,-136.64,-107.36
-87.84,-39.04,48.8,63.44,-68.32,4.88,-9.76,-9.76,-48.8,-107.36,-136.64,-107.36
-87.84,-43.92,43.92,68.32,-68.32,0,-14.64,-19.52,-63.44,-122,-146.4,-107.36
-97.6,-73.2,24.4,87.84,-63.44,-24.4,-34.16,-39.04,-63.44,-122,-146.4,-112.24
-92.72,-73.2,19.52,82.96,-58.56,-29.28,-39.04,-53.68,-63.44,-117.12,-146.4,-112.24
-92.72,-73.2,19.52,82.96,-58.56,-29.28,-43.92,-63.44,-58.56,-107.36,-141.52,-112.24
-87.84,-73.2,14.64,82.96,-53.68,-29.28,-48.8,-63.44,-48.8,-87.84,-122,-107.36
-87.84,-58.56,29.28,73.2,-58.56,-14.64,-39.04,-48.8,-43.92,-87.84,-117.12,-97.6
-92.72,-63.44,29.28,78.08,-63.44,-19.52,-24.4,-24.4,-34.16,-78.08,-102.48,-82.96
-68.32,-53.68,14.64,63.44,-43.92,-19.52,-34.16,-24.4,-43.92,-92.72,-122,-97.6
-68.32,-53.68,14.64,63.44,-43.92,-19.52,-34.16,-24.4,-43.92,-107.36,-126.88,-102.48
-82.96,-68.32,14.64,78.08,-48.8,-29.28,-24.4,-39.04,-53.68,-102.48,-131.76,-107.36
-82.96,-68.32,14.64,78.08,-48.8,-29.28,-19.52,-53.68,-53.68,-97.6,-136.64,-112.24
-73.2,-58.56,14.64,68.32,-43.92,-24.4,-43.92,-53.68,-58.56,-87.84,-136.64,-112.24
-63.44,-63.44,0,63.44,-34.16,-34.16,-48.8,-48.8,-53.68,-78.08,-131.76,-107.36
-63.44,-63.44,0,63.44,-34.16,-34.16,-39.04,-43.92,-43.92,-63.44,-117.12,-92.72
-58.56,-78.08,-19.52,68.32,-19.52,-48.8,-29.28,-43.92,-58.56,-78.08,-126.88,-107.36
-58.56,-87.84,-29.28,73.2,-14.64,-58.56,-24.4,-39.04,-58.56,-82.96,-122,-107.36
-53.68,-82.96,-29.28,68.32,-14.64,-58.56,-29.28,-39.04,-68.32,-92.72,-136.64,-117.12
-58.56,-97.6,-39.04,78.08,-9.76,-68.32,-24.4,-34.16,-73.2,-92.72,-146.4,-126.88
-53.68,-92.72,-39.04,73.2,-9.76,-68.32,-34.16,-43.92,-73.2,-97.6,-146.4,-131.76
-48.8,-97.6,-48.8,73.2,0,-73.2,-34.16,-39.04,-73.2,-82.96,-146.4,-131.76
-43.92,-92.72,-48.8,68.32,0,-73.2,-34.16,-43.92,-63.44,-78.08,-146.4,-126.88
-24.4,-73.2,-48.8,48.8,9.76,-63.44,-29.28,-43.92,-48.8,-63.44,-136.64,-122
-39.04,-78.08,-39.04,58.56,0,-58.56,-14.64,-24.4,-39.04,-53.68,-126.88,-122
-34.16,-82.96,-48.8,58.56,4.88,-68.32,-9.76,-19.52,-29.28,-58.56,-126.88,-117.12
-34.16,-87.84,-53.68,63.44,9.76,-73.2,0,-14.64,-34.16,-58.56,-136.64,-122
-43.92,-107.36,-63.44,78.08,9.76,-87.84,0,-9.76,-43.92,-82.96,-151.28,-131.76
-53.68,-117.12,-63.44,87.84,4.88,-92.72,-4.88,-9.76,-39.04,-68.32,-146.4,-136.64
-53.68,-112.24,-58.56,82.96,0,-87.84,-9.76,-9.76,-34.16,-63.44,-146.4,-141.52
-58.56,-122,-63.44,92.72,0,-92.72,-4.88,-9.76,-24.4,-53.68,-136.64,-136.64
-43.92,-112.24,-68.32,78.08,9.76,-92.72,0,-4.88,-14.64,-39.04,-122,-126.88
-19.52,-107.36,-87.84,63.44,34.16,-97.6,9.76,4.88,-9.76,-34.16,-126.88,-126.88
-19.52,-107.36,-87.84,63.44,34.16,-97.6,34.16,19.52,4.88,-19.52,-117.12,-112.24
-14.64,-97.6,-82.96,58.56,34.16,-92.72,34.16,24.4,4.88,-19.52,-117.12,-117.12
-19.52,-112.24,-92.72,68.32,34.16,-102.48,34.16,24.4,-4.88,-34.16,-131.76,-126.88
-24.4,-112.24,-87.84,68.32,29.28,-102.48,29.28,24.4,-14.64,-34.16,-146.4,-141.52
-24.4,-131.76,-107.36,78.08,39.04,-122,19.52,19.52,-9.76,-34.16,-141.52,-141.52
-4.88,-131.76,-126.88,68.32,58.56,-131.76,14.64,14.64,-9.76,-24.4,-141.52,-146.4
14.64,-112.24,-126.88,48.8,68.32,-122,19.52,24.4,4.88,-9.76,-131.76,-136.64
19.52,-117.12,-136.64,48.8,78.08,-126.88,29.28,34.16,19.52,-4.88,-112.24,-126.88
14.64,-117.12,-131.76,53.68,73.2,-126.88,43.92,43.92,24.4,0,-112.24,-122
14.64,-112.24,-126.88,48.8,68.32,-122,48.8,48.8,24.4,4.88,-107.36,-112.24
34.16,-117.12,-151.28,43.92,92.72,-136.64,43.92,43.92,9.76,-9.76,-122,-117.12
43.92,-117.12,-161.04,39.04,102.48,-141.52,48.8,43.92,4.88,-19.52,-126.88,-122
39.04,-107.36,-146.4,34.16,92.72,-126.88,29.28,29.28,-4.88,-19.52,-131.76,-122
29.28,-102.48,-131.76,39.04,78.08,-117.12,34.16,34.16,9.76,-9.76,-122,-117.12
48.8,-82.96,-131.76,19.52,87.84,-107.36,34.16,34.16,9.76,-4.88,-117.12,-112.24
68.32,-63.44,-131.76,0,97.6,-97.6,29.28,29.28,19.52,4.88,-107.36,-107.36
73.2,-53.68,-126.88,-9.76,97.6,-92.72,34.16,39.04,19.52,0,-107.36,-102.48
63.44,-63.44,-126.88,0,92.72,-97.6,39.04,39.04,14.64,-9.76,-97.6,-97.6
58.56,-78.08,-136.64,9.76,97.6,-107.36,43.92,43.92,14.64,-19.52,-102.48,-97.6
63.44,-82.96,-146.4,9.76,102.48,-117.12,39.04,43.92,0,-34.16,-117.12,-97.6
63.44,-82.96,-146.4,9.76,102.48,-117.12,34.16,29.28,-4.88,-34.16,-117.12,-102.48
73.2,-78.08,-151.28,4.88,112.24,-117.12,24.4,24.4,-4.88,-29.28,-112.24,-97.6
82.96,-68.32,-151.28,-4.88,117.12,-112.24,19.52,24.4,0,-19.52,-112.24,-87.84
82.96,-53.68,-136.64,-14.64,107.36,-97.6,24.4,19.52,4.88,-9.76,-97.6,-82.96
102.48,-39.04,-141.52,-29.28,122,-92.72,24.4,14.64,0,-19.52,-92.72,-78.08
107.36,-24.4,-131.76,-39.04,117.12,-78.08,24.4,24.4,0,-14.64,-92.72,-73.2
107.36,-29.28,-136.64,-39.04,122,-82.96,19.52,14.64,-19.52,-29.28,-97.6,-68.32
102.48,-34.16,-136.64,-34.16,117.12,-87.84,14.64,14.64,-24.4,-39.04,-102.48,-68.32
92.72,-43.92,-136.64,-24.4,112.24,-92.72,-4.88,0,-39.04,-53.68,-112.24,-78.08
92.72,-43.92,-136.64,-24.4,112.24,-92.72,-9.76,-14.64,-43.92,-53.68,-107.36,-73.2
92.72,-34.16,-126.88,-29.28,107.36,-82.96,-14.64,-14.64,-34.16,-43.92,-97.6,-63.44
87.84,-39.04,-126.88,-24.4,107.36,-82.96,-19.52,-19.52,-34.16,-34.16,-82.96,-58.56
102.48,-29.28,-131.76,-34.16,117.12,-82.96,-14.64,-9.76,-19.52,-24.4,-73.2,-43.92
102.48,-24.4,-126.88,-39.04,112.24,-78.08,0,0,-14.64,-19.52,-63.44,-39.04
92.72,-19.52,-112.24,-34.16,102.48,-68.32,4.88,4.88,-9.76,-24.4,-53.68,-29.28
78.08,-9.76,-87.84,-34.16,82.96,-48.8,0,-4.88,-9.76,-29.28,-58.56,-24.4
73.2,-24.4,-97.6,-24.4,82.96,-63.44,-14.64,-14.64,-29.28,-43.92,-73.2,-43.92
68.32,-24.4,-92.72,-19.52,78.08,-58.56,-29.28,-24.4,-29.28,-53.68,-73.2,-43.92
78.08,-14.64,-92.72,-29.28,82.96,-53.68,-29.28,-19.52,-34.16,-48.8,-63.44,-39.04
68.32,-19.52,-87.84,-24.4,78.08,-53.68,-24.4,-19.52,-24.4,-34.16,-53.68,-34.16
68.32,-4.88,-73.2,-29.28,68.32,-39.04,-24.4,-19.52,-14.64,-24.4,-39.04,-19.52
63.44,-9.76,-73.2,-24.4,68.32,-43.92,-14.64,-4.88,-9.76,-19.52,-29.28,-14.64
53.68,-19.52,-73.2,-14.64,63.44,-48.8,-14.64,-4.88,-14.64,-29.28,-29.28,-14.64
48.8,-19.52,-68.32,-14.64,58.56,-43.92,-4.88,0,-9.76,-29.28,-29.28,-9.76
29.28,-19.52,-48.8,-4.88,39.04,-34.16,-14.64,-4.88,-19.52,-39.04,-39.04,-19.52
24.4,-14.64,-39.04,-4.88,29.28,-29.28,-19.52,-9.76,-19.52,-43.92,-48.8,-29.28
29.28,-9.76,-39.04,-9.76,34.16,-24.4,-29.28,-19.52,-29.28,-39.04,-53.68,-29.28
24.4,-14.64,-39.04,-4.88,29.28,-29.28,-24.4,-19.52,-19.52,-24.4,-39.04,-24.4
29.28,9.76,-19.52,-19.52,24.4,-4.88,-19.52,-14.64,-9.76,-14.64,-29.28,-14.64
39.04,19.52,-19.52,-29.28,29.28,0,-19.52,-14.64,-14.64,-14.64,-34.16,-9.76
34.16,9.76,-24.4,-19.52,29.28,-9.76,-9.76,-4.88,-19.52,-24.4,-29.28,-9.76
29.28,9.76,-19.52,-19.52,24.4,-4.88,-9.76,-9.76,-24.4,-29.28,-34.16,-14.64
14.64,-14.64,-29.28,0,19.52,-24.4,-9.76,-4.88,-24.4,-39.04,-39.04,-14.64
0,-24.4,-24.4,14.64,9.76,-24.4,-14.64,-9.76,-29.28,-43.92,-43.92,-24.4
-14.64,-19.52,-4.88,19.52,-4.88,-14.64,-19.52,-19.52,-24.4,-34.16,-48.8,-24.4
-19.52,-19.52,0,19.52,-9.76,-9.76,-19.52,-24.4,-29.28,-34.16,-48.8,-29.28
0,-4.88,-4.88,4.88,0,-4.88,-19.52,-14.64,-24.4,-14.64,-39.04,-19.52
19.52,4.88,-14.64,-9.76,14.64,-4.88,-24.4,-24.4,-19.52,-19.52,-34.16,-19.52
14.64,4.88,-9.76,-9.76,9.76,-4.88,-14.64,-19.52,-24.4,-24.4,-34.16,-19.52
14.64,9.76,-4.88,-9.76,9.76,0,-9.76,-14.64,-14.64,-24.4,-39.04,-14.64
4.88,4.88,0,-4.88,0,0,-9.76,-14.64,-24.4,-29.28,-43.92,-9.76
4.88,-9.76,-14.64,4.88,9.76,-14.64,-14.64,-14.64,-34.16,-39.04,-53.68,-19.52
-4.88,-24.4,-19.52,14.64,4.88,-24.4,-19.52,-24.4,-29.28,-34.16,-53.68,-19.52
-9.76,-34.16,-24.4,24.4,4.88,-29.28,-19.52,-24.4,-34.16,-29.28,-53.68,-19.52
4.88,-24.4,-29.28,9.76,14.64,-29.28,-19.52,-24.4,-24.4,-24.4,-48.8,-19.52
-4.88,-19.52,-14.64,14.64,4.88,-19.52,-19.52,-19.52,-14.64,-14.64,-39.04,-9.76
-9.76,-24.4,-14.64,19.52,0,-19.52,-9.76,-9.76,-14.64,-14.64,-29.28,-4.88
9.76,-24.4,-34.16,9.76,19.52,-29.28,-4.88,-9.76,-14.64,-9.76,-29.28,-4.88
-4.88,-29.28,-24.4,19.52,9.76,-29.28,-4.88,-9.76,-14.64,-14.64,-29.28,-4.88
-14.64,-29.28,-14.64,24.4,0,-24.4,-4.88,-9.76,-19.52,-19.52,-39.04,-9.76
-9.76,-24.4,-14.64,19.52,0,-19.52,-14.64,-14.64,-24.4,-14.64,-43.92,-19.52
-19.52,-29.28,-9.76,24.4,-4.88,-19.52,-14.64,-19.52,-24.4,-14.64,-39.04,-14.64
-14.64,-24.4,-9.76,19.52,-4.88,-19.52,-24.4,-19.52,-24.4,-9.76,-39.04,-14.64
-9.76,-29.28,-19.52,19.52,4.88,-24.4,-19.52,-24.4,-24.4,-4.88,-34.16,-14.64
0,-24.4,-24.4,14.64,9.76,-24.4,-19.52,-19.52,-14.64,-9.76,-34.16,-9.76
9.76,-14.64,-24.4,4.88,14.64,-19.52,-4.88,-9.76,-14.64,-9.76,-34.16,-4.88
-4.88,-39.04,-34.16,24.4,14.64,-39.04,-4.88,-9.76,-14.64,-9.76,-29.28,-4.88
-9.76,-43.92,-34.16,29.28,9.76,-39.04,-9.76,-9.76,-19.52,-14.64,-29.28,-4.88
-14.64,-39.04,-24.4,29.28,4.88,-34.16,0,-4.88,-19.52,-9.76,-34.16,0
-14.64,-39.04,-24.4,29.28,4.88,-34.16,-14.64,-14.64,-24.4,-14.64,-34.16,-9.76
0,-24.4,-24.4,14.64,9.76,-24.4,-19.52,-19.52,-24.4,-14.64,-39.04,-9.76
0,-14.64,-14.64,9.76,4.88,-14.64,-19.52,-24.4,-19.52,0,-34.16,-4.88
9.76,-4.88,-14.64,0,9.76,-9.76,-14.64,-19.52,-4.88,0,-24.4,-4.88
24.4,14.64,-9.76,-19.52,14.64,0,-4.88,-14.64,-4.88,4.88,-24.4,0
24.4,19.52,-4.88,-19.52,14.64,4.88,-4.88,-14.64,-4.88,4.88,-19.52,0
24.4,14.64,-9.76,-19.52,14.64,0,-4.88,-9.76,-4.88,0,-24.4,0
9.76,4.88,-4.88,-4.88,4.88,0,-9.76,-9.76,-9.76,4.88,-24.4,-4.88
4.88,-4.88,-9.76,0,4.88,-9.76,-14.64,-19.52,-9.76,4.88,-14.64,-4.88
9.76,-4.88,-14.64,0,9.76,-9.76,-19.52,-24.4,-4.88,4.88,-19.52,-4.88
19.52,4.88,-14.64,-9.76,14.64,-4.88,-14.64,-19.52,-4.88,14.64,-14.64,-4.88
14.64,9.76,-4.88,-9.76,9.76,0,9.76,0,24.4,39.04,4.88,14.64
9.76,29.28,19.52,-19.52,-4.88,24.4,48.8,39.04,63.44,63.44,4.88,9.76
34.16,43.92,9.76,-39.04,9.76,24.4,92.72,82.96,112.24,112.24,29.28,19.52
92.72,78.08,-14.64,-82.96,53.68,29.28,141.52,136.64,185.44,195.2,78.08,39.04
136.64,122,-14.64,-126.88,73.2,53.68,204.96,200.08,263.52,307.44,146.4,68.32
165.92,161.04,-4.88,-161.04,82.96,78.08,292.8,287.92,395.28,483.12,278.16,126.88
229.36,219.6,-9.76,-224.48,117.12,102.48,370.88,361.12,531.92,668.56,414.8,175.68
302.56,278.16,-24.4,-287.92,161.04,126.88,448.96,444.08,668.56,863.76,580.72,258.64
405.04,356.24,-48.8,-380.64,224.48,151.28,502.64,497.76,785.68,1063.84,800.32,380.64
522.16,483.12,-39.04,-502.64,278.16,219.6,556.32,551.44,917.44,1283.44,1058.96,551.44
668.56,639.28,-29.28,-653.92,346.48,302.56,629.52,619.76,1078.48,1551.84,1376.16,756.4
829.6,795.44,-34.16,-810.08,429.44,380.64,707.6,702.72,1259.04,1839.76,1708,966.24
927.2,946.72,19.52,-936.96,453.84,483.12,849.12,844.24,1459.12,2078.88,1966.64,1137.04
980.88,1073.6,92.72,-1024.8,444.08,580.72,1024.8,1024.8,1629.92,2249.68,2142.32,1263.92
990.64,1146.8,156.16,-1068.72,414.8,649.04,1112.64,1107.76,1654.32,2210.64,2147.2,1312.72
936.96,1054.08,117.12,-995.52,409.92,585.6,1151.68,1151.68,1527.44,1986.16,1932.48,1205.36
829.6,829.6,0,-829.6,414.8,414.8,1210.24,1215.12,1356.64,1644.56,1566.48,961.36
610,624.64,14.64,-614.88,297.68,317.2,1195.6,1190.72,1132.16,1215.12,1171.2,751.52
366,527.04,161.04,-444.08,102.48,341.6,946.72,941.84,795.44,736.88,839.36,624.64
146.4,468.48,322.08,-307.44,-87.84,395.28,570.96,561.2,366,200.08,483.12,517.28
-48.8,390.4,439.2,-170.8,-244,414.8,239.12,234.24,-4.88,-244,165.92,395.28
-195.2,302.56,497.76,-53.68,-346.48,400.16,-4.88,-14.64,-258.64,-536.8,-58.56,292.8
-302.56,229.36,531.92,39.04,-419.68,380.64,-175.68,-180.56,-414.8,-702.72,-224.48,195.2
-390.4,136.64,527.04,126.88,-458.72,331.84,-331.84,-341.6,-561.2,-805.2,-366,82.96
-405.04,68.32,473.36,170.8,-439.2,268.4,-473.36,-483.12,-668.56,-863.76,-453.84,-9.76
-375.76,63.44,439.2,156.16,-409.92,248.88,-522.16,-522.16,-649.04,-800.32,-424.56,-24.4
-331.84,78.08,409.92,126.88,-370.88,244,-531.92,-531.92,-605.12,-712.48,-370.88,-14.64
-268.4,107.36,375.76,82.96,-322.08,239.12,-527.04,-531.92,-556.32,-624.64,-307.44,4.88
-234.24,87.84,322.08,73.2,-278.16,204.96,-517.28,-522.16,-512.4,-561.2,-273.28,4.88
-214.72,43.92,258.64,87.84,-239.12,151.28,-478.24,-483.12,-483.12,-517.28,-273.28,-29.28
-195.2,0,195.2,97.6,-195.2,97.6,-434.32,-429.44,-429.44,-453.84,-258.64,-53.68
-161.04,-53.68,107.36,107.36,-136.64,24.4,-380.64,-385.52,-385.52,-395.28,-248.88,-92.72
-131.76,-97.6,34.16,117.12,-82.96,-34.16,-312.32,-317.2,-326.96,-346.48,-244,-122
-107.36,-112.24,-4.88,112.24,-53.68,-58.56,-268.4,-268.4,-278.16,-302.56,-229.36,-131.76
-92.72,-136.64,-43.92,117.12,-24.4,-92.72,-224.48,-229.36,-253.76,-283.04,-224.48,-151.28
-73.2,-141.52,-68.32,107.36,-4.88,-107.36,-195.2,-195.2,-229.36,-268.4,-234.24,-156.16
-63.44,-156.16,-92.72,112.24,14.64,-126.88,-161.04,-165.92,-209.84,-258.64,-229.36,-161.04
-58.56,-161.04,-102.48,112.24,19.52,-131.76,-141.52,-146.4,-195.2,-248.88,-234.24,-175.68
-53.68,-161.04,-107.36,107.36,24.4,-136.64,-122,-126.88,-180.56,-234.24,-229.36,-175.68
-39.04,-161.04,-122,102.48,39.04,-141.52,-126.88,-131.76,-175.68,-229.36,-229.36,-180.56
-43.92,-161.04,-117.12,102.48,34.16,-141.52,-112.24,-117.12,-161.04,-209.84,-214.72,-175.68
-34.16,-156.16,-122,97.6,43.92,-141.52,-97.6,-102.48,-141.52,-185.44,-209.84,-175.68
-9.76,-151.28,-141.52,82.96,63.44,-146.4,-82.96,-87.84,-126.88,-185.44,-195.2,-170.8
-19.52,-131.76,-112.24,78.08,43.92,-122,-39.04,-43.92,-102.48,-156.16,-175.68,-146.4
-24.4,-126.88,-102.48,78.08,39.04,-117.12,-19.52,-24.4,-82.96,-151.28,-165.92,-146.4
-34.16,-122,-87.84,78.08,24.4,-107.36,0,-4.88,-73.2,-151.28,-161.04,-141.52
-39.04,-112.24,-73.2,78.08,14.64,-92.72,14.64,9.76,-68.32,-151.28,-170.8,-146.4
-58.56,-107.36,-48.8,82.96,-4.88,-78.08,24.4,19.52,-48.8,-136.64,-161.04,-141.52
-53.68,-78.08,-24.4,68.32,-14.64,-53.68,29.28,24.4,-34.16,-117.12,-151.28,-126.88
-53.68,-58.56,-4.88,58.56,-24.4,-34.16,24.4,19.52,-24.4,-102.48,-136.64,-117.12
-53.68,-48.8,4.88,53.68,-29.28,-24.4,24.4,14.64,-14.64,-87.84,-117.12,-97.6
-43.92,-43.92,0,43.92,-24.4,-24.4,34.16,29.28,-14.64,-97.6,-112.24,-92.72
-53.68,-58.56,-4.88,58.56,-24.4,-34.16,29.28,24.4,-14.64,-112.24,-117.12,-92.72
-63.44,-53.68,9.76,58.56,-39.04,-24.4,19.52,14.64,-24.4,-117.12,-117.12,-87.84
-78.08,-58.56,19.52,68.32,-48.8,-19.52,14.64,9.76,-34.16,-126.88,-126.88,-92.72
-78.08,-63.44,14.64,73.2,-48.8,-24.4,-9.76,-9.76,-39.04,-131.76,-131.76,-107.36
-63.44,-58.56,4.88,63.44,-34.16,-29.28,-24.4,-24.4,-39.04,-122,-126.88,-107.36
-58.56,-58.56,0,58.56,-29.28,-29.28,-29.28,-29.28,-34.16,-107.36,-117.12,-97.6
-58.56,-53.68,4.88,58.56,-34.16,-24.4,-34.16,-34.16,-24.4,-92.72,-107.36,-87.84
-43.92,-39.04,4.88,43.92,-24.4,-19.52,-24.4,-29.28,-19.52,-87.84,-107.36,-82.96
-53.68,-43.92,9.76,48.8,-34.16,-19.52,-4.88,-14.64,-9.76,-82.96,-97.6,-78.08
-53.68,-43.92,9.76,48.8,-34.16,-19.52,-4.88,-4.88,-9.76,-78.08,-97.6,-78.08
-58.56,-39.04,19.52,48.8,-39.04,-9.76,0,-4.88,-9.76,-87.84,-107.36,-82.96
-68.32,-48.8,19.52,58.56,-43.92,-14.64,-4.88,-4.88,-19.52,-87.84,-112.24,-87.84
-48.8,-48.8,0,48.8,-24.4,-24.4,-24.4,-24.4,-34.16,-92.72,-126.88,-102.48
-48.8,-63.44,-14.64,58.56,-19.52,-39.04,-34.16,-29.28,-34.16,-87.84,-122,-97.6
-43.92,-78.08,-34.16,63.44,-4.88,-58.56,-34.16,-34.16,-39.04,-78.08,-112.24,-97.6
-29.28,-78.08,-48.8,53.68,9.76,-63.44,-29.28,-29.28,-29.28,-68.32,-102.48,-92.72
-24.4,-82.96,-58.56,53.68,14.64,-73.2,-19.52,-19.52,-29.28,-68.32,-102.48,-97.6
-19.52,-78.08,-58.56,48.8,19.52,-68.32,-14.64,-19.52,-39.04,-82.96,-112.24,-102.48
-24.4,-73.2,-48.8,48.8,9.76,-63.44,-19.52,-19.52,-43.92,-92.72,-122,-112.24
-39.04,-92.72,-53.68,68.32,4.88,-73.2,-24.4,-14.64,-58.56,-102.48,-136.64,-126.88
-24.4,-92.72,-68.32,58.56,19.52,-82.96,-29.28,-29.28,-53.68,-87.84,-136.64,-126.88
-14.64,-73.2,-58.56,43.92,19.52,-68.32,-34.16,-29.28,-48.8,-82.96,-141.52,-122
-14.64,-73.2,-58.56,43.92,19.52,-68.32,-29.28,-34.16,-43.92,-68.32,-126.88,-126.88
-14.64,-63.44,-48.8,39.04,14.64,-58.56,-19.52,-19.52,-24.4,-48.8,-107.36,-112.24
-14.64,-78.08,-63.44,48.8,24.4,-73.2,-4.88,-9.76,-24.4,-48.8,-112.24,-112.24
-4.88,-82.96,-78.08,43.92,34.16,-82.96,-4.88,-14.64,-24.4,-68.32,-112.24,-112.24
0,-78.08,-78.08,39.04,39.04,-78.08,0,0,-24.4,-63.44,-112.24,-107.36
-14.64,-117.12,-102.48,68.32,43.92,-112.24,0,0,-43.92,-82.96,-131.76,-126.88
