I,II,III,aVR,aVL,aVF,V1,V2,V3,V4,V5,V6
-19.52,-48.8,-29.28,34.16,4.88,-39.04,-87.84,-58.56,-214.72,-214.72,-283.04,-370.88
-19.52,-48.8,-29.28,34.16,4.88,-39.04,-87.84,-58.56,-214.72,-214.72,-283.04,-370.88
-19.52,-48.8,-29.28,34.16,4.88,-39.04,-87.84,-58.56,-214.72,-214.72,-283.04,-370.88
-19.52,-48.8,-29.28,34.16,4.88,-39.04,-87.84,-58.56,-214.72,-214.72,-283.04,-370.88
-19.52,-48.8,-29.28,34.16,4.88,-39.04,-87.84,-58.56,-214.72,-214.72,-273.28,-361.12
-19.52,-48.8,-29.28,34.16,4.88,-39.04,-87.84,-58.56,-214.72,-214.72,-273.28,-361.12
-19.52,-48.8,-29.28,34.16,4.88,-39.04,-87.84,-58.56,-214.72,-214.72,-273.28,-361.12
-19.52,-48.8,-29.28,34.16,4.88,-39.04,-87.84,-58.56,-214.72,-214.72,-273.28,-361.12
-9.76,-48.8,-39.04,29.28,14.64,-43.92,-87.84,-68.32,-214.72,-224.48,-273.28,-361.12
-9.76,-48.8,-39.04,29.28,14.64,-43.92,-87.84,-68.32,-214.72,-224.48,-273.28,-361.12
-9.76,-48.8,-39.04,29.28,14.64,-43.92,-87.84,-68.32,-214.72,-224.48,-273.28,-361.12
-9.76,-48.8,-39.04,29.28,14.64,-43.92,-87.84,-68.32,-214.72,-224.48,-273.28,-361.12
-14.64,-48.8,-34.16,34.16,9.76,-43.92,-87.84,-63.44,-204.96,-214.72,-263.52,-361.12
-19.52,-48.8,-29.28,34.16,4.88,-39.04,-87.84,-58.56,-204.96,-214.72,-263.52,-361.12
-24.4,-48.8,-24.4,39.04,0,-39.04,-87.84,-53.68,-204.96,-214.72,-263.52,-361.12
-29.28,-48.8,-19.52,39.04,-4.88,-34.16,-87.84,-48.8,-204.96,-214.72,-263.52,-361.12
-19.52,-48.8,-29.28,34.16,4.88,-39.04,-87.84,-58.56,-209.84,-224.48,-273.28,-361.12
-19.52,-48.8,-29.28,34.16,4.88,-39.04,-87.84,-58.56,-214.72,-224.48,-273.28,-361.12
-19.52,-48.8,-29.28,34.16,4.88,-39.04,-87.84,-58.56,-219.6,-224.48,-273.28,-361.12
-19.52,-48.8,-29.28,34.16,4.88,-39.04,-87.84,-58.56,-224.48,-224.48,-273.28,-361.12
-19.52,-39.04,-19.52,29.28,0,-29.28,-78.08,-58.56,-224.48,-224.48,-273.28,-361.12
-19.52,-39.04,-19.52,29.28,0,-29.28,-78.08,-58.56,-224.48,-224.48,-273.28,-361.12
-19.52,-39.04,-19.52,29.28,0,-29.28,-78.08,-58.56,-224.48,-224.48,-273.28,-361.12
-19.52,-39.04,-19.52,29.28,0,-29.28,-78.08,-58.56,-224.48,-224.48,-273.28,-361.12
-19.52,-39.04,-19.52,29.28,0,-29.28,-78.08,-48.8,-214.72,-224.48,-273.28,-361.12
-19.52,-39.04,-19.52,29.28,0,-29.28,-78.08,-48.8,-214.72,-224.48,-273.28,-361.12
-19.52,-39.04,-19.52,29.28,0,-29.28,-78.08,-48.8,-214.72,-224.48,-273.28,-361.12
-19.52,-39.04,-19.52,29.28,0,-29.28,-78.08,-48.8,-214.72,-224.48,-273.28,-361.12
-9.76,-48.8,-39.04,29.28,14.64,-43.92,-78.08,-48.8,-214.72,-234.24,-273.28,-351.36
-9.76,-48.8,-39.04,29.28,14.64,-43.92,-78.08,-48.8,-214.72,-234.24,-273.28,-351.36
-9.76,-48.8,-39.04,29.28,14.64,-43.92,-78.08,-48.8,-214.72,-234.24,-273.28,-351.36
-9.76,-48.8,-39.04,29.28,14.64,-43.92,-78.08,-48.8,-214.72,-234.24,-273.28,-351.36
-19.52,-39.04,-19.52,29.28,0,-29.28,-78.08,-48.8,-214.72,-234.24,-263.52,-351.36
-19.52,-39.04,-19.52,29.28,0,-29.28,-78.08,-48.8,-214.72,-234.24,-263.52,-351.36
-19.52,-39.04,-19.52,29.28,0,-29.28,-78.08,-48.8,-214.72,-234.24,-263.52,-351.36
-19.52,-39.04,-19.52,29.28,0,-29.28,-78.08,-48.8,-214.72,-234.24,-263.52,-351.36
-9.76,-39.04,-29.28,24.4,9.76,-34.16,-78.08,-48.8,-214.72,-244,-268.4,-351.36
-9.76,-39.04,-29.28,24.4,9.76,-34.16,-78.08,-48.8,-214.72,-244,-273.28,-351.36
-9.76,-39.04,-29.28,24.4,9.76,-34.16,-78.08,-48.8,-214.72,-244,-278.16,-351.36
-9.76,-39.04,-29.28,24.4,9.76,-34.16,-78.08,-48.8,-214.72,-244,-283.04,-351.36
-19.52,-39.04,-19.52,29.28,0,-29.28,-68.32,-39.04,-214.72,-244,-283.04,-351.36
-19.52,-39.04,-19.52,29.28,0,-29.28,-68.32,-39.04,-214.72,-244,-283.04,-351.36
-19.52,-39.04,-19.52,29.28,0,-29.28,-68.32,-39.04,-214.72,-244,-283.04,-351.36
-19.52,-39.04,-19.52,29.28,0,-29.28,-68.32,-39.04,-214.72,-244,-283.04,-351.36
-19.52,-48.8,-29.28,34.16,4.88,-39.04,-68.32,-48.8,-214.72,-234.24,-278.16,-341.6
-19.52,-48.8,-29.28,34.16,4.88,-39.04,-68.32,-48.8,-214.72,-234.24,-273.28,-341.6
-19.52,-48.8,-29.28,34.16,4.88,-39.04,-68.32,-48.8,-214.72,-234.24,-268.4,-341.6
-19.52,-48.8,-29.28,34.16,4.88,-39.04,-68.32,-48.8,-214.72,-234.24,-263.52,-341.6
-19.52,-58.56,-39.04,39.04,9.76,-48.8,-68.32,-39.04,-204.96,-234.24,-273.28,-341.6
-19.52,-58.56,-39.04,39.04,9.76,-48.8,-68.32,-39.04,-204.96,-234.24,-273.28,-341.6
-19.52,-58.56,-39.04,39.04,9.76,-48.8,-68.32,-39.04,-204.96,-234.24,-273.28,-341.6
-19.52,-58.56,-39.04,39.04,9.76,-48.8,-68.32,-39.04,-204.96,-234.24,-273.28,-341.6
-9.76,-53.68,-43.92,34.16,14.64,-48.8,-78.08,-39.04,-214.72,-244,-273.28,-341.6
-9.76,-48.8,-39.04,29.28,14.64,-43.92,-78.08,-39.04,-214.72,-244,-273.28,-341.6
-9.76,-43.92,-34.16,29.28,9.76,-39.04,-78.08,-39.04,-214.72,-244,-273.28,-341.6
-9.76,-39.04,-29.28,24.4,9.76,-34.16,-78.08,-39.04,-214.72,-244,-273.28,-341.6
-19.52,-39.04,-19.52,29.28,0,-29.28,-73.2,-39.04,-204.96,-234.24,-273.28,-341.6
-19.52,-39.04,-19.52,29.28,0,-29.28,-68.32,-39.04,-204.96,-234.24,-273.28,-341.6
-19.52,-39.04,-19.52,29.28,0,-29.28,-63.44,-39.04,-204.96,-234.24,-273.28,-341.6
-19.52,-39.04,-19.52,29.28,0,-29.28,-58.56,-39.04,-204.96,-234.24,-273.28,-341.6
-19.52,-48.8,-29.28,34.16,4.88,-39.04,-58.56,-39.04,-204.96,-244,-273.28,-341.6
-19.52,-48.8,-29.28,34.16,4.88,-39.04,-58.56,-39.04,-204.96,-244,-273.28,-341.6
-19.52,-48.8,-29.28,34.16,4.88,-39.04,-58.56,-39.04,-204.96,-244,-273.28,-341.6
-19.52,-48.8,-29.28,34.16,4.88,-39.04,-58.56,-39.04,-204.96,-244,-273.28,-341.6
-29.28,-48.8,-19.52,39.04,-4.88,-34.16,-58.56,-39.04,-204.96,-234.24,-263.52,-331.84
-29.28,-48.8,-19.52,39.04,-4.88,-34.16,-58.56,-39.04,-204.96,-234.24,-263.52,-331.84
-29.28,-48.8,-19.52,39.04,-4.88,-34.16,-58.56,-39.04,-204.96,-234.24,-263.52,-331.84
-29.28,-48.8,-19.52,39.04,-4.88,-34.16,-58.56,-39.04,-204.96,-234.24,-263.52,-331.84
-29.28,-48.8,-19.52,39.04,-4.88,-34.16,-58.56,-34.16,-204.96,-244,-273.28,-322.08
-24.4,-48.8,-24.4,39.04,0,-39.04,-58.56,-29.28,-200.08,-244,-273.28,-322.08
-24.4,-48.8,-24.4,39.04,0,-39.04,-58.56,-29.28,-200.08,-244,-273.28,-326.96
-24.4,-53.68,-29.28,39.04,0,-43.92,-58.56,-24.4,-200.08,-244,-273.28,-326.96
-14.64,-53.68,-39.04,34.16,9.76,-48.8,-58.56,-34.16,-200.08,-244,-273.28,-326.96
-19.52,-53.68,-34.16,39.04,4.88,-43.92,-58.56,-34.16,-200.08,-244,-273.28,-326.96
-19.52,-53.68,-34.16,39.04,4.88,-43.92,-58.56,-29.28,-204.96,-244,-273.28,-326.96
-14.64,-48.8,-34.16,34.16,9.76,-43.92,-58.56,-29.28,-204.96,-244,-273.28,-322.08
-14.64,-48.8,-34.16,34.16,9.76,-43.92,-58.56,-29.28,-200.08,-239.12,-273.28,-322.08
-14.64,-53.68,-39.04,34.16,9.76,-48.8,-58.56,-29.28,-200.08,-239.12,-273.28,-322.08
-14.64,-53.68,-39.04,34.16,9.76,-48.8,-58.56,-29.28,-200.08,-239.12,-273.28,-322.08
-4.88,-48.8,-43.92,29.28,19.52,-48.8,-58.56,-19.52,-195.2,-239.12,-273.28,-322.08
-14.64,-48.8,-34.16,34.16,9.76,-43.92,-58.56,-19.52,-190.32,-239.12,-268.4,-322.08
-14.64,-43.92,-29.28,29.28,4.88,-39.04,-48.8,-14.64,-185.44,-234.24,-268.4,-322.08
-4.88,-34.16,-29.28,19.52,9.76,-34.16,-43.92,-14.64,-180.56,-234.24,-263.52,-317.2
4.88,-29.28,-34.16,14.64,19.52,-34.16,-34.16,-4.88,-180.56,-224.48,-263.52,-312.32
-4.88,-29.28,-24.4,19.52,9.76,-29.28,-29.28,9.76,-161.04,-224.48,-253.76,-302.56
-14.64,-19.52,-4.88,19.52,-4.88,-14.64,-19.52,19.52,-156.16,-214.72,-248.88,-292.8
-14.64,-14.64,0,14.64,-9.76,-9.76,-4.88,29.28,-146.4,-204.96,-244,-292.8
-9.76,-9.76,0,9.76,-4.88,-4.88,4.88,34.16,-141.52,-204.96,-239.12,-292.8
-9.76,-4.88,4.88,9.76,-9.76,0,24.4,34.16,-136.64,-200.08,-229.36,-283.04
-14.64,0,14.64,9.76,-14.64,4.88,29.28,43.92,-131.76,-195.2,-224.48,-283.04
-14.64,4.88,19.52,4.88,-19.52,9.76,29.28,43.92,-131.76,-195.2,-224.48,-278.16
-14.64,4.88,19.52,4.88,-19.52,9.76,34.16,43.92,-131.76,-195.2,-224.48,-278.16
-14.64,0,14.64,9.76,-14.64,4.88,48.8,53.68,-136.64,-200.08,-229.36,-278.16
-19.52,0,19.52,9.76,-19.52,9.76,53.68,53.68,-136.64,-200.08,-229.36,-278.16
-19.52,0,19.52,9.76,-19.52,9.76,53.68,53.68,-136.64,-200.08,-229.36,-278.16
-9.76,4.88,14.64,4.88,-14.64,9.76,53.68,53.68,-131.76,-200.08,-229.36,-278.16
4.88,4.88,0,-4.88,0,0,63.44,68.32,-122,-190.32,-224.48,-278.16
4.88,4.88,0,-4.88,0,0,63.44,68.32,-122,-190.32,-224.48,-273.28
4.88,4.88,0,-4.88,0,0,58.56,73.2,-117.12,-190.32,-224.48,-273.28
9.76,4.88,-4.88,-4.88,4.88,0,58.56,73.2,-117.12,-190.32,-224.48,-273.28
9.76,19.52,9.76,-14.64,0,14.64,58.56,68.32,-117.12,-180.56,-214.72,-258.64
14.64,24.4,9.76,-19.52,0,14.64,48.8,63.44,-122,-180.56,-214.72,-258.64
14.64,29.28,14.64,-19.52,0,19.52,48.8,58.56,-122,-180.56,-214.72,-258.64
9.76,29.28,19.52,-19.52,-4.88,24.4,43.92,58.56,-126.88,-180.56,-214.72,-258.64
0,29.28,29.28,-14.64,-14.64,29.28,24.4,63.44,-117.12,-190.32,-214.72,-258.64
4.88,19.52,14.64,-9.76,-4.88,14.64,19.52,63.44,-117.12,-190.32,-214.72,-258.64
4.88,14.64,9.76,-9.76,-4.88,9.76,14.64,53.68,-122,-195.2,-214.72,-258.64
4.88,9.76,4.88,-4.88,0,4.88,9.76,53.68,-122,-200.08,-224.48,-258.64
4.88,-4.88,-9.76,0,4.88,-9.76,0,53.68,-126.88,-209.84,-224.48,-258.64
9.76,-9.76,-19.52,0,14.64,-14.64,-9.76,48.8,-136.64,-209.84,-224.48,-258.64
9.76,-14.64,-24.4,4.88,14.64,-19.52,-29.28,34.16,-141.52,-214.72,-229.36,-263.52
9.76,-14.64,-24.4,4.88,14.64,-19.52,-43.92,24.4,-151.28,-219.6,-229.36,-268.4
19.52,-19.52,-39.04,0,29.28,-29.28,-39.04,19.52,-161.04,-219.6,-239.12,-268.4
19.52,-24.4,-43.92,4.88,29.28,-34.16,-39.04,9.76,-165.92,-224.48,-239.12,-268.4
19.52,-24.4,-43.92,4.88,29.28,-34.16,-48.8,4.88,-165.92,-224.48,-244,-268.4
19.52,-24.4,-43.92,4.88,29.28,-34.16,-48.8,0,-161.04,-224.48,-244,-268.4
14.64,-24.4,-39.04,4.88,24.4,-34.16,-39.04,-4.88,-161.04,-224.48,-239.12,-268.4
14.64,-43.92,-58.56,14.64,34.16,-53.68,-43.92,-9.76,-165.92,-224.48,-239.12,-268.4
24.4,-43.92,-68.32,9.76,43.92,-58.56,-48.8,-24.4,-180.56,-234.24,-248.88,-268.4
24.4,-43.92,-68.32,9.76,43.92,-58.56,-53.68,-24.4,-180.56,-239.12,-253.76,-273.28
14.64,-48.8,-63.44,19.52,39.04,-58.56,-53.68,-14.64,-185.44,-239.12,-253.76,-273.28
14.64,-48.8,-63.44,19.52,39.04,-58.56,-58.56,-14.64,-185.44,-244,-253.76,-273.28
14.64,-48.8,-63.44,19.52,39.04,-58.56,-58.56,-14.64,-185.44,-244,-253.76,-283.04
9.76,-48.8,-58.56,19.52,34.16,-53.68,-53.68,-14.64,-185.44,-244,-263.52,-283.04
0,-48.8,-48.8,24.4,24.4,-48.8,-53.68,-24.4,-180.56,-244,-268.4,-278.16
-9.76,-48.8,-39.04,29.28,14.64,-43.92,-53.68,-24.4,-180.56,-253.76,-268.4,-283.04
-19.52,-53.68,-34.16,39.04,4.88,-43.92,-48.8,-24.4,-185.44,-253.76,-273.28,-283.04
-24.4,-58.56,-34.16,43.92,4.88,-48.8,-48.8,-29.28,-185.44,-258.64,-278.16,-287.92
-29.28,-63.44,-34.16,48.8,0,-48.8,-53.68,-29.28,-200.08,-268.4,-278.16,-297.68
-29.28,-63.44,-34.16,48.8,0,-48.8,-53.68,-29.28,-200.08,-268.4,-283.04,-297.68
-29.28,-73.2,-43.92,53.68,4.88,-58.56,-63.44,-34.16,-200.08,-268.4,-287.92,-307.44
-29.28,-78.08,-48.8,53.68,9.76,-63.44,-68.32,-34.16,-209.84,-278.16,-287.92,-307.44
-19.52,-87.84,-68.32,53.68,24.4,-78.08,-68.32,-48.8,-209.84,-268.4,-278.16,-297.68
-19.52,-87.84,-68.32,53.68,24.4,-78.08,-73.2,-48.8,-209.84,-273.28,-283.04,-297.68
-19.52,-87.84,-68.32,53.68,24.4,-78.08,-73.2,-58.56,-209.84,-278.16,-283.04,-297.68
-9.76,-87.84,-78.08,48.8,34.16,-82.96,-73.2,-63.44,-219.6,-278.16,-283.04,-297.68
0,-78.08,-78.08,39.04,39.04,-78.08,-73.2,-53.68,-200.08,-268.4,-283.04,-292.8
-14.64,-73.2,-58.56,43.92,19.52,-68.32,-73.2,-48.8,-200.08,-258.64,-283.04,-287.92
-24.4,-73.2,-48.8,48.8,9.76,-63.44,-73.2,-48.8,-200.08,-263.52,-278.16,-287.92
-14.64,-73.2,-58.56,43.92,19.52,-68.32,-63.44,-39.04,-190.32,-253.76,-273.28,-273.28
-24.4,-68.32,-43.92,48.8,9.76,-58.56,-63.44,-24.4,-190.32,-258.64,-268.4,-273.28
-24.4,-68.32,-43.92,48.8,9.76,-58.56,-58.56,-14.64,-180.56,-253.76,-263.52,-283.04
-14.64,-63.44,-48.8,39.04,14.64,-58.56,-53.68,-9.76,-170.8,-244,-258.64,-278.16
-9.76,-53.68,-43.92,34.16,14.64,-48.8,-48.8,0,-161.04,-239.12,-253.76,-268.4
-24.4,-48.8,-24.4,39.04,0,-39.04,-39.04,4.88,-146.4,-229.36,-248.88,-278.16
-24.4,-43.92,-19.52,34.16,-4.88,-34.16,-29.28,14.64,-131.76,-209.84,-244,-273.28
-14.64,-29.28,-14.64,24.4,0,-24.4,-19.52,34.16,-117.12,-200.08,-239.12,-268.4
-58.56,-19.52,39.04,39.04,-48.8,9.76,-9.76,58.56,-97.6,-185.44,-229.36,-253.76
-82.96,-4.88,78.08,43.92,-82.96,34.16,9.76,92.72,-73.2,-161.04,-214.72,-244
-68.32,0,68.32,34.16,-68.32,34.16,19.52,112.24,-53.68,-161.04,-200.08,-244
-53.68,0,53.68,29.28,-53.68,24.4,34.16,122,-48.8,-151.28,-190.32,-253.76
-68.32,4.88,73.2,34.16,-73.2,39.04,34.16,136.64,-29.28,-136.64,-185.44,-253.76
-68.32,9.76,78.08,29.28,-73.2,43.92,48.8,141.52,-14.64,-131.76,-180.56,-248.88
-63.44,19.52,82.96,24.4,-73.2,48.8,53.68,141.52,0,-117.12,-180.56,-248.88
-78.08,24.4,102.48,29.28,-92.72,63.44,63.44,156.16,9.76,-112.24,-175.68,-239.12
-78.08,34.16,112.24,24.4,-97.6,73.2,82.96,200.08,29.28,-82.96,-165.92,-239.12
-78.08,48.8,126.88,14.64,-102.48,87.84,92.72,239.12,53.68,-68.32,-151.28,-239.12
-78.08,43.92,122,19.52,-102.48,82.96,117.12,268.4,78.08,-53.68,-151.28,-239.12
-58.56,58.56,117.12,0,-87.84,87.84,136.64,297.68,97.6,-39.04,-146.4,-239.12
-34.16,82.96,117.12,-24.4,-78.08,97.6,165.92,390.4,156.16,-4.88,-122,-239.12
-43.92,112.24,156.16,-34.16,-102.48,131.76,224.48,517.28,248.88,68.32,-87.84,-229.36
-63.44,131.76,195.2,-34.16,-131.76,161.04,292.8,668.56,366,146.4,-53.68,-214.72
-43.92,165.92,209.84,-58.56,-126.88,185.44,366,844.24,497.76,234.24,-9.76,-195.2
-4.88,209.84,214.72,-102.48,-112.24,209.84,434.32,1019.92,658.8,361.12,58.56,-165.92
9.76,229.36,219.6,-117.12,-107.36,224.48,492.88,1161.44,805.2,507.52,146.4,-122
29.28,253.76,224.48,-141.52,-97.6,239.12,541.68,1263.92,932.08,634.4,234.24,-78.08
53.68,297.68,244,-175.68,-97.6,268.4,580.72,1337.12,1078.48,775.92,326.96,-39.04
68.32,356.24,287.92,-209.84,-112.24,322.08,634.4,1410.32,1244.4,971.12,458.72,39.04
87.84,429.44,341.6,-258.64,-126.88,385.52,688.08,1473.76,1434.72,1195.6,644.16,156.16
146.4,527.04,380.64,-336.72,-117.12,453.84,697.84,1532.32,1644.56,1449.36,839.36,283.04
224.48,619.76,395.28,-419.68,-87.84,507.52,658.8,1561.6,1859.28,1698.24,1034.56,419.68
302.56,717.36,414.8,-507.52,-58.56,566.08,561.2,1483.52,2049.6,1961.76,1239.52,556.32
366,824.72,458.72,-595.36,-48.8,639.28,409.92,1268.8,2186.24,2225.28,1459.12,707.6
429.44,922.32,492.88,-673.44,-34.16,707.6,219.6,1024.8,2259.44,2420.48,1625.04,834.48
492.88,976,483.12,-732,4.88,727.12,53.68,771.04,2220.4,2527.84,1732.4,922.32
507.52,966.24,458.72,-736.88,24.4,712.48,-68.32,488,2108.16,2532.72,1786.08,980.88
468.48,927.2,458.72,-697.84,4.88,692.96,-161.04,317.2,1966.64,2425.36,1751.92,980.88
400.16,844.24,444.08,-619.76,-24.4,644.16,-263.52,229.36,1786.08,2181.36,1595.76,888.16
326.96,741.76,414.8,-531.92,-43.92,575.84,-366,78.08,1537.2,1869.04,1361.52,751.52
258.64,639.28,380.64,-448.96,-63.44,507.52,-448.96,-82.96,1278.56,1561.6,1146.8,639.28
180.56,570.96,390.4,-375.76,-107.36,478.24,-546.56,-234.24,1049.2,1302.96,971.12,531.92
97.6,497.76,400.16,-297.68,-151.28,448.96,-644.16,-370.88,810.08,1015.04,761.28,409.92
0,390.4,390.4,-195.2,-195.2,390.4,-653.92,-458.72,551.44,688.08,512.4,248.88
-107.36,263.52,370.88,-78.08,-239.12,317.2,-566.08,-497.76,273.28,336.72,248.88,73.2
-180.56,151.28,331.84,14.64,-258.64,239.12,-483.12,-541.68,-14.64,34.16,34.16,-63.44
-204.96,117.12,322.08,43.92,-263.52,219.6,-463.6,-541.68,-170.8,-112.24,-68.32,-131.76
-204.96,117.12,322.08,43.92,-263.52,219.6,-463.6,-473.36,-175.68,-126.88,-97.6,-156.16
-214.72,117.12,331.84,48.8,-273.28,224.48,-448.96,-351.36,-136.64,-107.36,-102.48,-161.04
-195.2,117.12,312.32,39.04,-253.76,214.72,-414.8,-263.52,-97.6,-92.72,-82.96,-141.52
-131.76,151.28,283.04,-9.76,-209.84,214.72,-361.12,-219.6,-87.84,-73.2,-58.56,-122
-102.48,161.04,263.52,-29.28,-185.44,209.84,-297.68,-190.32,-78.08,-73.2,-68.32,-126.88
-117.12,141.52,258.64,-9.76,-190.32,200.08,-224.48,-141.52,-73.2,-73.2,-78.08,-131.76
-112.24,117.12,229.36,0,-170.8,170.8,-151.28,-82.96,-63.44,-73.2,-82.96,-136.64
-82.96,117.12,200.08,-14.64,-141.52,156.16,-97.6,-19.52,-48.8,-78.08,-92.72,-141.52
-53.68,92.72,146.4,-19.52,-102.48,117.12,-63.44,34.16,-34.16,-78.08,-112.24,-161.04
-34.16,63.44,97.6,-14.64,-68.32,78.08,-43.92,78.08,-29.28,-87.84,-117.12,-161.04
-29.28,48.8,78.08,-9.76,-53.68,63.44,-24.4,112.24,-29.28,-87.84,-122,-165.92
-43.92,34.16,78.08,4.88,-63.44,53.68,-4.88,136.64,-29.28,-92.72,-131.76,-161.04
-43.92,29.28,73.2,9.76,-58.56,48.8,4.88,141.52,-39.04,-112.24,-146.4,-175.68
-24.4,29.28,53.68,0,-39.04,39.04,4.88,136.64,-48.8,-131.76,-156.16,-185.44
-19.52,19.52,39.04,0,-29.28,29.28,19.52,136.64,-63.44,-146.4,-165.92,-195.2
-29.28,0,29.28,14.64,-29.28,14.64,34.16,126.88,-73.2,-170.8,-185.44,-204.96
-19.52,-9.76,9.76,14.64,-14.64,0,53.68,131.76,-78.08,-175.68,-195.2,-204.96
-19.52,-24.4,-4.88,24.4,-9.76,-14.64,53.68,161.04,-92.72,-180.56,-214.72,-214.72
-14.64,-29.28,-14.64,24.4,0,-24.4,48.8,175.68,-92.72,-180.56,-214.72,-214.72
-14.64,-29.28,-14.64,24.4,0,-24.4,48.8,185.44,-87.84,-180.56,-214.72,-214.72
-19.52,-29.28,-9.76,24.4,-4.88,-19.52,43.92,185.44,-78.08,-180.56,-214.72,-214.72
-29.28,-24.4,4.88,29.28,-19.52,-9.76,39.04,170.8,-97.6,-175.68,-209.84,-214.72
-24.4,-24.4,0,24.4,-14.64,-14.64,34.16,165.92,-97.6,-180.56,-209.84,-214.72
-24.4,-24.4,0,24.4,-14.64,-14.64,34.16,165.92,-97.6,-180.56,-209.84,-214.72
-24.4,-24.4,0,24.4,-14.64,-14.64,39.04,165.92,-102.48,-185.44,-219.6,-224.48
-9.76,-24.4,-14.64,19.52,0,-19.52,48.8,175.68,-112.24,-185.44,-229.36,-234.24
-9.76,-24.4,-14.64,19.52,0,-19.52,58.56,180.56,-112.24,-185.44,-229.36,-234.24
-9.76,-29.28,-19.52,19.52,4.88,-24.4,63.44,195.2,-112.24,-180.56,-229.36,-239.12
-4.88,-29.28,-24.4,19.52,9.76,-29.28,63.44,204.96,-107.36,-180.56,-229.36,-239.12
4.88,-29.28,-34.16,14.64,19.52,-34.16,58.56,204.96,-107.36,-180.56,-229.36,-239.12
4.88,-29.28,-34.16,14.64,19.52,-34.16,58.56,204.96,-97.6,-170.8,-219.6,-239.12
0,-29.28,-29.28,14.64,14.64,-29.28,58.56,204.96,-92.72,-170.8,-219.6,-234.24
0,-29.28,-29.28,14.64,14.64,-29.28,58.56,204.96,-92.72,-170.8,-219.6,-234.24
9.76,-29.28,-39.04,9.76,24.4,-34.16,53.68,204.96,-102.48,-170.8,-219.6,-229.36
9.76,-24.4,-34.16,9.76,19.52,-29.28,53.68,204.96,-102.48,-170.8,-219.6,-229.36
9.76,-24.4,-34.16,9.76,19.52,-29.28,58.56,209.84,-97.6,-165.92,-214.72,-229.36
9.76,-24.4,-34.16,9.76,19.52,-29.28,68.32,214.72,-97.6,-161.04,-209.84,-229.36
9.76,-24.4,-34.16,9.76,19.52,-29.28,68.32,234.24,-87.84,-156.16,-200.08,-224.48
9.76,-34.16,-43.92,14.64,24.4,-39.04,68.32,239.12,-82.96,-151.28,-200.08,-224.48
14.64,-24.4,-39.04,4.88,24.4,-34.16,68.32,244,-78.08,-146.4,-195.2,-219.6
14.64,-24.4,-39.04,4.88,24.4,-34.16,68.32,248.88,-78.08,-146.4,-195.2,-219.6
14.64,-24.4,-39.04,4.88,24.4,-34.16,73.2,244,-73.2,-141.52,-195.2,-219.6
14.64,-24.4,-39.04,4.88,24.4,-34.16,78.08,248.88,-68.32,-141.52,-185.44,-219.6
24.4,-19.52,-43.92,0,34.16,-34.16,82.96,253.76,-68.32,-141.52,-185.44,-214.72
24.4,-14.64,-39.04,-4.88,29.28,-29.28,92.72,253.76,-68.32,-136.64,-185.44,-209.84
14.64,-14.64,-29.28,0,19.52,-24.4,92.72,253.76,-63.44,-131.76,-195.2,-209.84
14.64,-14.64,-29.28,0,19.52,-24.4,97.6,263.52,-63.44,-122,-185.44,-209.84
14.64,-14.64,-29.28,0,19.52,-24.4,97.6,268.4,-68.32,-122,-185.44,-209.84
14.64,-14.64,-29.28,0,19.52,-24.4,97.6,273.28,-68.32,-117.12,-185.44,-209.84
24.4,-14.64,-39.04,-4.88,29.28,-29.28,107.36,273.28,-63.44,-126.88,-175.68,-204.96
24.4,-14.64,-39.04,-4.88,29.28,-29.28,112.24,283.04,-58.56,-117.12,-165.92,-200.08
24.4,-14.64,-39.04,-4.88,29.28,-29.28,112.24,287.92,-48.8,-112.24,-165.92,-200.08
24.4,-9.76,-34.16,-4.88,29.28,-24.4,112.24,292.8,-48.8,-112.24,-165.92,-190.32
34.16,-4.88,-39.04,-14.64,34.16,-24.4,112.24,307.44,-48.8,-102.48,-161.04,-195.2
39.04,-4.88,-43.92,-14.64,39.04,-24.4,112.24,307.44,-39.04,-102.48,-161.04,-195.2
43.92,-4.88,-48.8,-19.52,43.92,-29.28,107.36,312.32,-34.16,-97.6,-161.04,-195.2
53.68,4.88,-48.8,-29.28,48.8,-24.4,102.48,326.96,-29.28,-87.84,-156.16,-195.2
48.8,4.88,-43.92,-24.4,43.92,-19.52,112.24,331.84,-29.28,-82.96,-156.16,-185.44
43.92,4.88,-39.04,-24.4,39.04,-19.52,112.24,341.6,-24.4,-82.96,-156.16,-185.44
48.8,9.76,-39.04,-29.28,43.92,-14.64,112.24,351.36,-19.52,-73.2,-151.28,-185.44
43.92,9.76,-34.16,-24.4,39.04,-14.64,112.24,366,-4.88,-68.32,-151.28,-180.56
53.68,9.76,-43.92,-29.28,48.8,-19.52,117.12,366,-4.88,-68.32,-141.52,-180.56
58.56,9.76,-48.8,-34.16,53.68,-19.52,117.12,366,4.88,-63.44,-136.64,-180.56
63.44,14.64,-48.8,-39.04,53.68,-19.52,117.12,375.76,9.76,-58.56,-131.76,-180.56
63.44,14.64,-48.8,-39.04,53.68,-19.52,122,390.4,14.64,-58.56,-126.88,-175.68
63.44,14.64,-48.8,-39.04,53.68,-19.52,122,400.16,19.52,-43.92,-126.88,-161.04
68.32,14.64,-53.68,-39.04,58.56,-19.52,122,409.92,29.28,-34.16,-122,-156.16
68.32,19.52,-48.8,-43.92,58.56,-14.64,131.76,424.56,34.16,-24.4,-117.12,-156.16
68.32,19.52,-48.8,-43.92,58.56,-14.64,131.76,434.32,43.92,-19.52,-112.24,-156.16
82.96,24.4,-58.56,-53.68,68.32,-19.52,131.76,444.08,34.16,-24.4,-112.24,-156.16
87.84,34.16,-53.68,-58.56,68.32,-9.76,131.76,448.96,43.92,-19.52,-107.36,-156.16
87.84,34.16,-53.68,-58.56,68.32,-9.76,131.76,458.72,48.8,-9.76,-107.36,-156.16
87.84,34.16,-53.68,-58.56,68.32,-9.76,131.76,473.36,63.44,4.88,-97.6,-146.4
97.6,39.04,-58.56,-68.32,78.08,-9.76,131.76,497.76,78.08,14.64,-73.2,-141.52
102.48,39.04,-63.44,-68.32,82.96,-14.64,131.76,517.28,82.96,24.4,-73.2,-136.64
102.48,48.8,-53.68,-73.2,78.08,-4.88,141.52,531.92,92.72,24.4,-68.32,-136.64
112.24,53.68,-58.56,-82.96,82.96,-4.88,141.52,546.56,102.48,34.16,-58.56,-136.64
117.12,58.56,-58.56,-87.84,87.84,0,141.52,561.2,107.36,43.92,-63.44,-122
117.12,58.56,-58.56,-87.84,87.84,0,146.4,570.96,122,53.68,-58.56,-117.12
117.12,68.32,-48.8,-92.72,82.96,9.76,156.16,585.6,131.76,63.44,-48.8,-112.24
126.88,68.32,-58.56,-97.6,92.72,4.88,161.04,590.48,136.64,78.08,-43.92,-102.48
131.76,58.56,-73.2,-92.72,102.48,-9.76,161.04,605.12,146.4,87.84,-34.16,-112.24
146.4,68.32,-78.08,-107.36,112.24,-4.88,161.04,624.64,156.16,97.6,-29.28,-107.36
146.4,78.08,-68.32,-112.24,107.36,4.88,165.92,658.8,165.92,107.36,-19.52,-97.6
146.4,78.08,-68.32,-112.24,107.36,4.88,170.8,692.96,180.56,122,-4.88,-87.84
151.28,92.72,-58.56,-122,102.48,14.64,185.44,712.48,190.32,126.88,0,-82.96
156.16,97.6,-58.56,-126.88,107.36,19.52,190.32,717.36,209.84,146.4,14.64,-78.08
161.04,102.48,-58.56,-131.76,107.36,19.52,195.2,732,224.48,161.04,24.4,-63.44
165.92,107.36,-58.56,-136.64,112.24,24.4,195.2,732,229.36,170.8,34.16,-63.44
185.44,112.24,-73.2,-146.4,126.88,19.52,185.44,756.4,239.12,185.44,43.92,-48.8
200.08,126.88,-73.2,-161.04,136.64,24.4,190.32,780.8,248.88,195.2,58.56,-43.92
200.08,136.64,-63.44,-165.92,131.76,34.16,190.32,795.44,253.76,214.72,63.44,-43.92
204.96,136.64,-68.32,-170.8,136.64,34.16,200.08,814.96,268.4,224.48,78.08,-34.16
209.84,141.52,-68.32,-175.68,136.64,34.16,195.2,834.48,287.92,234.24,87.84,-24.4
214.72,146.4,-68.32,-180.56,141.52,39.04,200.08,849.12,302.56,244,102.48,-19.52
219.6,151.28,-68.32,-185.44,141.52,39.04,204.96,868.64,322.08,263.52,112.24,-9.76
224.48,165.92,-58.56,-195.2,141.52,53.68,204.96,878.4,341.6,278.16,122,0
224.48,180.56,-43.92,-200.08,131.76,68.32,219.6,897.92,356.24,292.8,131.76,4.88
229.36,180.56,-48.8,-204.96,136.64,63.44,219.6,907.68,361.12,307.44,136.64,9.76
234.24,185.44,-48.8,-209.84,141.52,68.32,224.48,927.2,370.88,312.32,146.4,19.52
239.12,185.44,-53.68,-209.84,146.4,63.44,229.36,941.84,380.64,331.84,161.04,24.4
244,209.84,-34.16,-224.48,136.64,87.84,219.6,951.6,380.64,341.6,161.04,19.52
244,214.72,-29.28,-229.36,136.64,92.72,224.48,961.36,395.28,351.36,165.92,24.4
244,219.6,-24.4,-229.36,131.76,97.6,224.48,961.36,409.92,361.12,175.68,39.04
244,224.48,-19.52,-234.24,131.76,102.48,229.36,971.12,419.68,375.76,180.56,43.92
234.24,219.6,-14.64,-224.48,122,102.48,239.12,971.12,429.44,375.76,190.32,48.8
248.88,224.48,-24.4,-234.24,136.64,97.6,239.12,971.12,439.2,385.52,200.08,53.68
248.88,229.36,-19.52,-239.12,131.76,102.48,239.12,976,444.08,395.28,204.96,58.56
248.88,229.36,-19.52,-239.12,131.76,102.48,244,980.88,444.08,395.28,209.84,63.44
263.52,229.36,-34.16,-244,146.4,97.6,234.24,971.12,448.96,400.16,214.72,68.32
263.52,229.36,-34.16,-244,146.4,97.6,234.24,971.12,453.84,409.92,219.6,68.32
263.52,234.24,-29.28,-248.88,146.4,102.48,239.12,971.12,453.84,409.92,219.6,73.2
258.64,234.24,-24.4,-244,141.52,102.48,239.12,961.36,453.84,409.92,224.48,73.2
248.88,234.24,-14.64,-239.12,131.76,107.36,239.12,946.72,444.08,414.8,224.48,68.32
239.12,239.12,0,-239.12,117.12,117.12,239.12,932.08,444.08,409.92,224.48,68.32
239.12,239.12,0,-239.12,117.12,117.12,239.12,922.32,439.2,405.04,224.48,68.32
229.36,234.24,4.88,-229.36,112.24,117.12,239.12,902.8,434.32,400.16,224.48,73.2
209.84,234.24,24.4,-219.6,92.72,126.88,229.36,873.52,424.56,390.4,214.72,73.2
200.08,234.24,34.16,-214.72,82.96,131.76,219.6,844.24,405.04,375.76,200.08,63.44
200.08,224.48,24.4,-209.84,87.84,122,219.6,810.08,390.4,366,190.32,53.68
200.08,219.6,19.52,-209.84,87.84,117.12,214.72,771.04,375.76,356.24,180.56,48.8
180.56,209.84,29.28,-195.2,73.2,117.12,209.84,746.64,356.24,336.72,165.92,39.04
180.56,200.08,19.52,-190.32,78.08,107.36,204.96,717.36,336.72,322.08,156.16,29.28
165.92,185.44,19.52,-175.68,73.2,102.48,200.08,692.96,317.2,302.56,141.52,24.4
161.04,175.68,14.64,-165.92,73.2,92.72,195.2,653.92,297.68,278.16,126.88,14.64
146.4,156.16,9.76,-151.28,68.32,82.96,185.44,624.64,263.52,244,102.48,-9.76
146.4,151.28,4.88,-146.4,68.32,78.08,175.68,590.48,239.12,219.6,87.84,-29.28
136.64,141.52,4.88,-136.64,63.44,73.2,165.92,546.56,209.84,195.2,68.32,-43.92
122,122,0,-122,58.56,58.56,156.16,507.52,185.44,165.92,48.8,-58.56
122,122,0,-122,58.56,58.56,146.4,483.12,175.68,146.4,19.52,-68.32
107.36,112.24,4.88,-107.36,48.8,58.56,136.64,448.96,146.4,122,9.76,-73.2
107.36,102.48,-4.88,-102.48,53.68,48.8,136.64,414.8,122,97.6,-4.88,-92.72
97.6,92.72,-4.88,-92.72,48.8,43.92,126.88,390.4,92.72,73.2,-29.28,-102.48
87.84,87.84,0,-87.84,43.92,43.92,122,370.88,73.2,58.56,-39.04,-107.36
73.2,68.32,-4.88,-68.32,39.04,29.28,122,341.6,48.8,34.16,-58.56,-117.12
34.16,63.44,29.28,-48.8,0,43.92,117.12,312.32,29.28,9.76,-78.08,-131.76
29.28,58.56,29.28,-43.92,0,43.92,112.24,283.04,9.76,-9.76,-87.84,-141.52
29.28,29.28,0,-29.28,14.64,14.64,107.36,263.52,-14.64,-24.4,-102.48,-151.28
29.28,19.52,-9.76,-24.4,19.52,4.88,102.48,234.24,-34.16,-48.8,-117.12,-170.8
29.28,14.64,-14.64,-19.52,19.52,0,87.84,214.72,-53.68,-63.44,-131.76,-170.8
29.28,4.88,-24.4,-14.64,24.4,-9.76,87.84,195.2,-78.08,-82.96,-141.52,-180.56
19.52,-4.88,-24.4,-4.88,19.52,-14.64,82.96,195.2,-92.72,-92.72,-146.4,-195.2
9.76,-19.52,-29.28,4.88,19.52,-24.4,82.96,180.56,-102.48,-107.36,-161.04,-204.96
4.88,-19.52,-24.4,9.76,14.64,-24.4,78.08,161.04,-107.36,-112.24,-170.8,-204.96
-4.88,-24.4,-19.52,14.64,4.88,-24.4,73.2,146.4,-112.24,-117.12,-180.56,-204.96
0,-34.16,-34.16,19.52,14.64,-34.16,63.44,131.76,-136.64,-131.76,-190.32,-219.6
-4.88,-39.04,-34.16,24.4,14.64,-39.04,58.56,122,-146.4,-141.52,-200.08,-219.6
-9.76,-48.8,-39.04,29.28,14.64,-43.92,53.68,112.24,-156.16,-151.28,-204.96,-219.6
-9.76,-48.8,-39.04,29.28,14.64,-43.92,53.68,102.48,-165.92,-161.04,-214.72,-224.48
-4.88,-48.8,-43.92,29.28,19.52,-48.8,53.68,87.84,-175.68,-170.8,-224.48,-234.24
-4.88,-48.8,-43.92,29.28,19.52,-48.8,53.68,82.96,-185.44,-180.56,-229.36,-239.12
-14.64,-58.56,-43.92,39.04,14.64,-53.68,53.68,78.08,-190.32,-190.32,-229.36,-239.12
-14.64,-53.68,-39.04,34.16,9.76,-48.8,53.68,58.56,-200.08,-190.32,-239.12,-244
-24.4,-58.56,-34.16,43.92,4.88,-48.8,63.44,63.44,-209.84,-190.32,-229.36,-244
-24.4,-73.2,-48.8,48.8,9.76,-63.44,58.56,68.32,-204.96,-190.32,-229.36,-244
-34.16,-78.08,-43.92,58.56,4.88,-63.44,58.56,73.2,-200.08,-195.2,-234.24,-244
-19.52,-87.84,-68.32,53.68,24.4,-78.08,58.56,73.2,-200.08,-195.2,-234.24,-244
-29.28,-78.08,-48.8,53.68,9.76,-63.44,58.56,58.56,-200.08,-204.96,-234.24,-253.76
-24.4,-78.08,-53.68,53.68,14.64,-68.32,58.56,58.56,-204.96,-204.96,-239.12,-258.64
-19.52,-82.96,-63.44,53.68,19.52,-73.2,58.56,63.44,-204.96,-204.96,-239.12,-258.64
-14.64,-82.96,-68.32,48.8,24.4,-78.08,58.56,63.44,-204.96,-204.96,-239.12,-258.64
-24.4,-87.84,-63.44,58.56,19.52,-78.08,58.56,58.56,-204.96,-200.08,-248.88,-253.76
-24.4,-87.84,-63.44,58.56,19.52,-78.08,58.56,53.68,-204.96,-200.08,-248.88,-263.52
-24.4,-87.84,-63.44,58.56,19.52,-78.08,58.56,53.68,-204.96,-200.08,-248.88,-253.76
-29.28,-87.84,-58.56,58.56,14.64,-73.2,58.56,53.68,-200.08,-204.96,-244,-253.76
-39.04,-78.08,-39.04,58.56,0,-58.56,68.32,53.68,-209.84,-214.72,-244,-258.64
-34.16,-78.08,-43.92,58.56,4.88,-63.44,73.2,53.68,-209.84,-214.72,-248.88,-258.64
-34.16,-78.08,-43.92,58.56,4.88,-63.44,73.2,53.68,-209.84,-214.72,-248.88,-258.64
-39.04,-82.96,-43.92,63.44,0,-63.44,68.32,53.68,-204.96,-214.72,-248.88,-258.64
-34.16,-92.72,-58.56,63.44,9.76,-78.08,68.32,53.68,-204.96,-214.72,-248.88,-273.28
-29.28,-87.84,-58.56,58.56,14.64,-73.2,68.32,48.8,-209.84,-214.72,-248.88,-273.28
-24.4,-87.84,-63.44,58.56,19.52,-78.08,68.32,48.8,-214.72,-214.72,-248.88,-273.28
-19.52,-92.72,-73.2,58.56,24.4,-82.96,63.44,48.8,-214.72,-214.72,-258.64,-278.16
-29.28,-82.96,-53.68,58.56,9.76,-68.32,63.44,43.92,-209.84,-214.72,-258.64,-273.28
-29.28,-82.96,-53.68,58.56,9.76,-68.32,63.44,48.8,-209.84,-214.72,-253.76,-273.28
-29.28,-82.96,-53.68,58.56,9.76,-68.32,63.44,48.8,-209.84,-209.84,-248.88,-268.4
-29.28,-82.96,-53.68,58.56,9.76,-68.32,63.44,43.92,-209.84,-209.84,-248.88,-268.4
-43.92,-82.96,-39.04,63.44,-4.88,-63.44,63.44,48.8,-200.08,-209.84,-248.88,-268.4
-43.92,-82.96,-39.04,63.44,-4.88,-63.44,68.32,48.8,-200.08,-209.84,-248.88,-268.4
-39.04,-82.96,-43.92,63.44,0,-63.44,73.2,53.68,-200.08,-209.84,-248.88,-268.4
-39.04,-87.84,-48.8,63.44,4.88,-68.32,73.2,58.56,-195.2,-209.84,-248.88,-268.4
-29.28,-87.84,-58.56,58.56,14.64,-73.2,73.2,58.56,-204.96,-209.84,-248.88,-268.4
-24.4,-82.96,-58.56,53.68,14.64,-73.2,73.2,58.56,-204.96,-209.84,-248.88,-273.28
-24.4,-82.96,-58.56,53.68,14.64,-73.2,68.32,58.56,-200.08,-204.96,-248.88,-273.28
-24.4,-82.96,-58.56,53.68,14.64,-73.2,68.32,63.44,-195.2,-204.96,-248.88,-273.28
-39.04,-92.72,-53.68,68.32,4.88,-73.2,68.32,68.32,-195.2,-204.96,-248.88,-273.28
-39.04,-92.72,-53.68,68.32,4.88,-73.2,73.2,68.32,-195.2,-204.96,-239.12,-268.4
-34.16,-92.72,-58.56,63.44,9.76,-78.08,73.2,68.32,-195.2,-200.08,-239.12,-263.52
-34.16,-92.72,-58.56,63.44,9.76,-78.08,73.2,63.44,-200.08,-200.08,-239.12,-263.52
-19.52,-92.72,-73.2,58.56,24.4,-82.96,73.2,53.68,-204.96,-200.08,-253.76,-268.4
-4.88,-87.84,-82.96,48.8,39.04,-87.84,68.32,48.8,-204.96,-200.08,-253.76,-273.28
-14.64,-87.84,-73.2,53.68,29.28,-82.96,68.32,48.8,-195.2,-200.08,-253.76,-273.28
-29.28,-87.84,-58.56,58.56,14.64,-73.2,68.32,53.68,-185.44,-195.2,-244,-273.28
-34.16,-87.84,-53.68,63.44,9.76,-73.2,73.2,63.44,-175.68,-195.2,-234.24,-268.4
-39.04,-87.84,-48.8,63.44,4.88,-68.32,73.2,63.44,-180.56,-195.2,-239.12,-268.4
-34.16,-82.96,-48.8,58.56,4.88,-68.32,73.2,63.44,-180.56,-195.2,-239.12,-268.4
-39.04,-82.96,-43.92,63.44,0,-63.44,73.2,68.32,-180.56,-195.2,-234.24,-268.4
-29.28,-87.84,-58.56,58.56,14.64,-73.2,73.2,68.32,-190.32,-195.2,-234.24,-263.52
-34.16,-97.6,-63.44,68.32,14.64,-82.96,73.2,68.32,-190.32,-200.08,-234.24,-263.52
-34.16,-87.84,-53.68,63.44,9.76,-73.2,73.2,68.32,-185.44,-200.08,-234.24,-263.52
-29.28,-87.84,-58.56,58.56,14.64,-73.2,68.32,68.32,-185.44,-200.08,-234.24,-263.52
-34.16,-78.08,-43.92,58.56,4.88,-63.44,78.08,63.44,-190.32,-200.08,-234.24,-263.52
-34.16,-78.08,-43.92,58.56,4.88,-63.44,82.96,58.56,-195.2,-195.2,-234.24,-263.52
-39.04,-78.08,-39.04,58.56,0,-58.56,82.96,53.68,-195.2,-195.2,-229.36,-253.76
-39.04,-82.96,-43.92,63.44,0,-63.44,82.96,48.8,-195.2,-195.2,-224.48,-253.76
-34.16,-82.96,-48.8,58.56,4.88,-68.32,73.2,48.8,-190.32,-195.2,-224.48,-258.64
-34.16,-78.08,-43.92,58.56,4.88,-63.44,73.2,48.8,-190.32,-195.2,-224.48,-258.64
-34.16,-73.2,-39.04,53.68,0,-58.56,73.2,53.68,-190.32,-195.2,-224.48,-258.64
-34.16,-73.2,-39.04,53.68,0,-58.56,68.32,68.32,-195.2,-195.2,-224.48,-258.64
-24.4,-82.96,-58.56,53.68,14.64,-73.2,68.32,68.32,-190.32,-195.2,-224.48,-258.64
-24.4,-78.08,-53.68,53.68,14.64,-68.32,68.32,68.32,-190.32,-195.2,-224.48,-253.76
-34.16,-78.08,-43.92,58.56,4.88,-63.44,68.32,68.32,-190.32,-195.2,-224.48,-253.76
-34.16,-78.08,-43.92,58.56,4.88,-63.44,78.08,68.32,-185.44,-190.32,-224.48,-258.64
-24.4,-78.08,-53.68,53.68,14.64,-68.32,68.32,63.44,-175.68,-190.32,-224.48,-258.64
-24.4,-78.08,-53.68,53.68,14.64,-68.32,68.32,63.44,-180.56,-195.2,-224.48,-253.76
-19.52,-78.08,-58.56,48.8,19.52,-68.32,68.32,63.44,-180.56,-195.2,-224.48,-253.76
-9.76,-78.08,-68.32,43.92,29.28,-73.2,68.32,63.44,-180.56,-195.2,-224.48,-258.64
-19.52,-68.32,-48.8,43.92,14.64,-58.56,68.32,58.56,-175.68,-195.2,-229.36,-263.52
-19.52,-68.32,-48.8,43.92,14.64,-58.56,68.32,53.68,-175.68,-200.08,-229.36,-263.52
-24.4,-68.32,-43.92,48.8,9.76,-58.56,68.32,53.68,-175.68,-200.08,-229.36,-263.52
-24.4,-68.32,-43.92,48.8,9.76,-58.56,68.32,53.68,-175.68,-195.2,-224.48,-258.64
-24.4,-78.08,-53.68,53.68,14.64,-68.32,63.44,53.68,-185.44,-204.96,-234.24,-263.52
-19.52,-78.08,-58.56,48.8,19.52,-68.32,63.44,53.68,-185.44,-204.96,-234.24,-268.4
-4.88,-78.08,-73.2,43.92,34.16,-78.08,63.44,48.8,-185.44,-209.84,-234.24,-273.28
0,-78.08,-78.08,39.04,39.04,-78.08,63.44,48.8,-185.44,-209.84,-234.24,-278.16
-14.64,-82.96,-68.32,48.8,24.4,-78.08,63.44,48.8,-175.68,-200.08,-224.48,-278.16
-14.64,-82.96,-68.32,48.8,24.4,-78.08,63.44,53.68,-175.68,-200.08,-224.48,-273.28
-14.64,-82.96,-68.32,48.8,24.4,-78.08,63.44,53.68,-180.56,-200.08,-224.48,-273.28
-14.64,-82.96,-68.32,48.8,24.4,-78.08,63.44,48.8,-180.56,-209.84,-224.48,-273.28
-19.52,-78.08,-58.56,48.8,19.52,-68.32,58.56,39.04,-180.56,-209.84,-224.48,-273.28
-9.76,-73.2,-63.44,43.92,24.4,-68.32,58.56,39.04,-180.56,-214.72,-224.48,-273.28
-19.52,-68.32,-48.8,43.92,14.64,-58.56,58.56,43.92,-190.32,-214.72,-229.36,-278.16
-19.52,-63.44,-43.92,43.92,9.76,-53.68,53.68,43.92,-190.32,-214.72,-234.24,-278.16
-14.64,-73.2,-58.56,43.92,19.52,-68.32,58.56,34.16,-190.32,-214.72,-229.36,-278.16
-9.76,-73.2,-63.44,43.92,24.4,-68.32,58.56,29.28,-200.08,-224.48,-229.36,-278.16
-4.88,-78.08,-73.2,43.92,34.16,-78.08,58.56,24.4,-204.96,-224.48,-229.36,-278.16
0,-78.08,-78.08,39.04,39.04,-78.08,58.56,24.4,-204.96,-219.6,-234.24,-278.16
-9.76,-68.32,-58.56,39.04,24.4,-63.44,58.56,34.16,-195.2,-219.6,-224.48,-278.16
-9.76,-68.32,-58.56,39.04,24.4,-63.44,58.56,29.28,-200.08,-229.36,-224.48,-278.16
-9.76,-68.32,-58.56,39.04,24.4,-63.44,58.56,24.4,-204.96,-229.36,-224.48,-278.16
-9.76,-68.32,-58.56,39.04,24.4,-63.44,58.56,24.4,-204.96,-224.48,-229.36,-278.16
-14.64,-73.2,-58.56,43.92,19.52,-68.32,48.8,29.28,-204.96,-214.72,-229.36,-283.04
-14.64,-73.2,-58.56,43.92,19.52,-68.32,58.56,29.28,-209.84,-219.6,-224.48,-283.04
-14.64,-73.2,-58.56,43.92,19.52,-68.32,58.56,19.52,-209.84,-219.6,-224.48,-283.04
-14.64,-68.32,-53.68,43.92,19.52,-63.44,58.56,14.64,-214.72,-224.48,-224.48,-287.92
-4.88,-68.32,-63.44,39.04,29.28,-68.32,48.8,9.76,-229.36,-234.24,-234.24,-287.92
-9.76,-68.32,-58.56,39.04,24.4,-63.44,58.56,4.88,-229.36,-234.24,-234.24,-283.04
-9.76,-68.32,-58.56,39.04,24.4,-63.44,58.56,0,-234.24,-239.12,-239.12,-283.04
-9.76,-73.2,-63.44,43.92,24.4,-68.32,58.56,-14.64,-234.24,-244,-248.88,-283.04
-9.76,-73.2,-63.44,43.92,24.4,-68.32,53.68,-4.88,-224.48,-244,-229.36,-287.92
-9.76,-73.2,-63.44,43.92,24.4,-68.32,53.68,0,-224.48,-248.88,-229.36,-287.92
-9.76,-73.2,-63.44,43.92,24.4,-68.32,53.68,0,-234.24,-253.76,-234.24,-287.92
-9.76,-73.2,-63.44,43.92,24.4,-68.32,53.68,0,-234.24,-253.76,-239.12,-287.92
-9.76,-82.96,-73.2,48.8,29.28,-78.08,43.92,-9.76,-234.24,-253.76,-248.88,-283.04
-14.64,-82.96,-68.32,48.8,24.4,-78.08,43.92,-19.52,-239.12,-253.76,-248.88,-283.04
-14.64,-82.96,-68.32,48.8,24.4,-78.08,43.92,-19.52,-239.12,-258.64,-248.88,-283.04
0,-82.96,-82.96,43.92,39.04,-82.96,43.92,-24.4,-239.12,-258.64,-253.76,-292.8
-4.88,-73.2,-68.32,39.04,29.28,-73.2,48.8,-19.52,-234.24,-253.76,-244,-287.92
-14.64,-73.2,-58.56,43.92,19.52,-68.32,48.8,-19.52,-234.24,-253.76,-239.12,-287.92
-19.52,-73.2,-53.68,48.8,14.64,-63.44,48.8,-24.4,-234.24,-253.76,-239.12,-278.16
-24.4,-73.2,-48.8,48.8,9.76,-63.44,48.8,-24.4,-239.12,-253.76,-239.12,-268.4
-24.4,-73.2,-48.8,48.8,9.76,-63.44,48.8,-24.4,-239.12,-258.64,-229.36,-268.4
-24.4,-73.2,-48.8,48.8,9.76,-63.44,43.92,-29.28,-239.12,-258.64,-239.12,-273.28
-24.4,-73.2,-48.8,48.8,9.76,-63.44,43.92,-34.16,-244,-258.64,-239.12,-273.28
-29.28,-73.2,-43.92,53.68,4.88,-58.56,48.8,-34.16,-244,-258.64,-234.24,-268.4
-19.52,-73.2,-53.68,48.8,14.64,-63.44,39.04,-39.04,-253.76,-268.4,-244,-278.16
-19.52,-73.2,-53.68,48.8,14.64,-63.44,39.04,-39.04,-253.76,-268.4,-244,-278.16
-19.52,-73.2,-53.68,48.8,14.64,-63.44,39.04,-39.04,-253.76,-268.4,-244,-283.04
-19.52,-78.08,-58.56,48.8,19.52,-68.32,39.04,-39.04,-253.76,-273.28,-244,-287.92
-14.64,-78.08,-63.44,48.8,24.4,-73.2,39.04,-48.8,-244,-273.28,-234.24,-278.16
-14.64,-78.08,-63.44,48.8,24.4,-73.2,39.04,-58.56,-248.88,-278.16,-234.24,-283.04
-14.64,-78.08,-63.44,48.8,24.4,-73.2,39.04,-58.56,-248.88,-283.04,-239.12,-283.04
-9.76,-78.08,-68.32,43.92,29.28,-73.2,39.04,-58.56,-248.88,-283.04,-239.12,-268.4
-19.52,-87.84,-68.32,53.68,24.4,-78.08,43.92,-48.8,-248.88,-268.4,-239.12,-278.16
-29.28,-87.84,-58.56,58.56,14.64,-73.2,43.92,-48.8,-248.88,-268.4,-244,-278.16
-34.16,-92.72,-58.56,63.44,9.76,-78.08,43.92,-48.8,-248.88,-273.28,-244,-278.16
-34.16,-92.72,-58.56,63.44,9.76,-78.08,48.8,-48.8,-248.88,-273.28,-239.12,-278.16
-24.4,-92.72,-68.32,58.56,19.52,-82.96,39.04,-48.8,-248.88,-283.04,-239.12,-278.16
-24.4,-87.84,-63.44,58.56,19.52,-78.08,39.04,-53.68,-253.76,-283.04,-239.12,-283.04
-19.52,-87.84,-68.32,53.68,24.4,-78.08,34.16,-53.68,-258.64,-283.04,-239.12,-283.04
-19.52,-87.84,-68.32,53.68,24.4,-78.08,34.16,-53.68,-258.64,-292.8,-239.12,-283.04
-29.28,-78.08,-48.8,53.68,9.76,-63.44,34.16,-53.68,-253.76,-283.04,-239.12,-283.04
-29.28,-78.08,-48.8,53.68,9.76,-63.44,34.16,-53.68,-253.76,-283.04,-239.12,-283.04
-19.52,-78.08,-58.56,48.8,19.52,-68.32,34.16,-53.68,-253.76,-283.04,-239.12,-283.04
-19.52,-78.08,-58.56,48.8,19.52,-68.32,34.16,-58.56,-253.76,-283.04,-244,-292.8
-29.28,-78.08,-48.8,53.68,9.76,-63.44,34.16,-63.44,-258.64,-292.8,-244,-292.8
-29.28,-78.08,-48.8,53.68,9.76,-63.44,34.16,-68.32,-258.64,-292.8,-244,-287.92
-29.28,-78.08,-48.8,53.68,9.76,-63.44,34.16,-73.2,-258.64,-292.8,-244,-287.92
-29.28,-82.96,-53.68,58.56,9.76,-68.32,34.16,-78.08,-268.4,-292.8,-244,-287.92
-19.52,-78.08,-58.56,48.8,19.52,-68.32,34.16,-68.32,-248.88,-287.92,-234.24,-268.4
-19.52,-78.08,-58.56,48.8,19.52,-68.32,34.16,-68.32,-248.88,-283.04,-229.36,-268.4
-19.52,-78.08,-58.56,48.8,19.52,-68.32,34.16,-73.2,-258.64,-283.04,-229.36,-268.4
-19.52,-73.2,-53.68,48.8,14.64,-63.44,34.16,-73.2,-258.64,-278.16,-229.36,-268.4
-29.28,-82.96,-53.68,58.56,9.76,-68.32,43.92,-63.44,-258.64,-287.92,-229.36,-273.28
-29.28,-82.96,-53.68,58.56,9.76,-68.32,39.04,-63.44,-258.64,-287.92,-229.36,-273.28
-29.28,-82.96,-53.68,58.56,9.76,-68.32,39.04,-63.44,-258.64,-287.92,-229.36,-273.28
-29.28,-82.96,-53.68,58.56,9.76,-68.32,39.04,-63.44,-258.64,-283.04,-229.36,-273.28
-19.52,-73.2,-53.68,48.8,14.64,-63.44,39.04,-78.08,-258.64,-283.04,-229.36,-273.28
-29.28,-73.2,-43.92,53.68,4.88,-58.56,39.04,-78.08,-263.52,-287.92,-234.24,-273.28
-19.52,-73.2,-53.68,48.8,14.64,-63.44,39.04,-78.08,-263.52,-287.92,-234.24,-273.28
-19.52,-78.08,-58.56,48.8,19.52,-68.32,39.04,-78.08,-263.52,-287.92,-229.36,-278.16
-29.28,-87.84,-58.56,58.56,14.64,-73.2,34.16,-78.08,-263.52,-287.92,-229.36,-268.4
-39.04,-87.84,-48.8,63.44,4.88,-68.32,34.16,-78.08,-258.64,-287.92,-224.48,-263.52
-24.4,-87.84,-63.44,58.56,19.52,-78.08,34.16,-82.96,-258.64,-287.92,-224.48,-263.52
-19.52,-87.84,-68.32,53.68,24.4,-78.08,29.28,-87.84,-268.4,-287.92,-234.24,-268.4
-19.52,-82.96,-63.44,53.68,19.52,-73.2,19.52,-97.6,-268.4,-292.8,-234.24,-278.16
-19.52,-82.96,-63.44,53.68,19.52,-73.2,19.52,-97.6,-268.4,-292.8,-229.36,-278.16
-19.52,-82.96,-63.44,53.68,19.52,-73.2,19.52,-97.6,-268.4,-292.8,-229.36,-278.16
-24.4,-82.96,-58.56,53.68,14.64,-73.2,24.4,-92.72,-268.4,-297.68,-229.36,-278.16
-14.64,-87.84,-73.2,53.68,29.28,-82.96,14.64,-87.84,-268.4,-297.68,-229.36,-268.4
-14.64,-73.2,-58.56,43.92,19.52,-68.32,14.64,-87.84,-268.4,-297.68,-229.36,-268.4
-14.64,-68.32,-53.68,43.92,19.52,-63.44,14.64,-97.6,-278.16,-297.68,-229.36,-263.52
-14.64,-63.44,-48.8,39.04,14.64,-58.56,14.64,-97.6,-268.4,-292.8,-229.36,-263.52
-14.64,-73.2,-58.56,43.92,19.52,-68.32,24.4,-97.6,-258.64,-283.04,-219.6,-263.52
-4.88,-78.08,-73.2,43.92,34.16,-78.08,19.52,-102.48,-263.52,-287.92,-224.48,-263.52
-14.64,-78.08,-63.44,48.8,24.4,-73.2,19.52,-102.48,-263.52,-287.92,-224.48,-258.64
-19.52,-82.96,-63.44,53.68,19.52,-73.2,24.4,-97.6,-263.52,-278.16,-219.6,-253.76
-39.04,-87.84,-48.8,63.44,4.88,-68.32,34.16,-97.6,-253.76,-278.16,-204.96,-248.88
-43.92,-87.84,-43.92,68.32,0,-68.32,34.16,-97.6,-258.64,-283.04,-204.96,-244
-43.92,-87.84,-43.92,68.32,0,-68.32,34.16,-97.6,-258.64,-283.04,-204.96,-239.12
-48.8,-87.84,-39.04,68.32,-4.88,-63.44,34.16,-97.6,-258.64,-283.04,-209.84,-244
-39.04,-87.84,-48.8,63.44,4.88,-68.32,34.16,-97.6,-258.64,-283.04,-209.84,-244
-39.04,-87.84,-48.8,63.44,4.88,-68.32,34.16,-97.6,-258.64,-278.16,-209.84,-244
-39.04,-87.84,-48.8,63.44,4.88,-68.32,34.16,-102.48,-258.64,-278.16,-209.84,-244
-34.16,-87.84,-53.68,63.44,9.76,-73.2,34.16,-102.48,-258.64,-278.16,-214.72,-248.88
-24.4,-87.84,-63.44,58.56,19.52,-78.08,24.4,-102.48,-258.64,-292.8,-214.72,-248.88
-24.4,-87.84,-63.44,58.56,19.52,-78.08,24.4,-102.48,-258.64,-292.8,-209.84,-239.12
-24.4,-87.84,-63.44,58.56,19.52,-78.08,24.4,-102.48,-258.64,-292.8,-209.84,-239.12
-24.4,-87.84,-63.44,58.56,19.52,-78.08,24.4,-102.48,-263.52,-292.8,-209.84,-239.12
-24.4,-97.6,-73.2,63.44,24.4,-87.84,24.4,-107.36,-263.52,-283.04,-219.6,-234.24
-24.4,-97.6,-73.2,63.44,24.4,-87.84,24.4,-107.36,-263.52,-283.04,-219.6,-234.24
-24.4,-107.36,-82.96,68.32,29.28,-97.6,24.4,-112.24,-263.52,-283.04,-214.72,-234.24
-24.4,-97.6,-73.2,63.44,24.4,-87.84,24.4,-112.24,-263.52,-283.04,-214.72,-234.24
-29.28,-92.72,-63.44,63.44,14.64,-78.08,24.4,-102.48,-263.52,-283.04,-204.96,-224.48
-34.16,-87.84,-53.68,63.44,9.76,-73.2,24.4,-102.48,-268.4,-283.04,-204.96,-229.36
-34.16,-82.96,-48.8,58.56,4.88,-68.32,24.4,-102.48,-268.4,-283.04,-204.96,-234.24
-29.28,-78.08,-48.8,53.68,9.76,-63.44,24.4,-102.48,-268.4,-283.04,-204.96,-234.24
-14.64,-78.08,-63.44,48.8,24.4,-73.2,14.64,-107.36,-268.4,-283.04,-204.96,-224.48
-14.64,-78.08,-63.44,48.8,24.4,-73.2,9.76,-117.12,-278.16,-283.04,-204.96,-234.24
-14.64,-73.2,-58.56,43.92,19.52,-68.32,9.76,-122,-278.16,-283.04,-204.96,-224.48
-9.76,-73.2,-63.44,43.92,24.4,-68.32,9.76,-126.88,-268.4,-283.04,-204.96,-214.72
-9.76,-82.96,-73.2,48.8,29.28,-78.08,9.76,-112.24,-278.16,-273.28,-204.96,-224.48
-19.52,-82.96,-63.44,53.68,19.52,-73.2,9.76,-122,-283.04,-287.92,-209.84,-229.36
-9.76,-73.2,-63.44,43.92,24.4,-68.32,14.64,-117.12,-278.16,-278.16,-204.96,-224.48
-19.52,-68.32,-48.8,43.92,14.64,-58.56,19.52,-107.36,-273.28,-273.28,-204.96,-224.48
-29.28,-78.08,-48.8,53.68,9.76,-63.44,19.52,-117.12,-273.28,-283.04,-204.96,-224.48
-29.28,-78.08,-48.8,53.68,9.76,-63.44,19.52,-117.12,-273.28,-283.04,-204.96,-224.48
-29.28,-78.08,-48.8,53.68,9.76,-63.44,19.52,-117.12,-273.28,-283.04,-204.96,-224.48
-29.28,-78.08,-48.8,53.68,9.76,-63.44,19.52,-117.12,-273.28,-283.04,-204.96,-224.48
-19.52,-78.08,-58.56,48.8,19.52,-68.32,9.76,-117.12,-283.04,-283.04,-195.2,-224.48
-19.52,-78.08,-58.56,48.8,19.52,-68.32,9.76,-117.12,-283.04,-283.04,-195.2,-224.48
-19.52,-78.08,-58.56,48.8,19.52,-68.32,9.76,-117.12,-283.04,-283.04,-195.2,-224.48
-19.52,-78.08,-58.56,48.8,19.52,-68.32,9.76,-117.12,-283.04,-283.04,-195.2,-224.48
-19.52,-78.08,-58.56,48.8,19.52,-68.32,9.76,-126.88,-283.04,-283.04,-195.2,-224.48
-19.52,-78.08,-58.56,48.8,19.52,-68.32,9.76,-126.88,-283.04,-283.04,-195.2,-224.48
-19.52,-78.08,-58.56,48.8,19.52,-68.32,9.76,-126.88,-283.04,-283.04,-195.2,-224.48
-19.52,-78.08,-58.56,48.8,19.52,-68.32,9.76,-126.88,-283.04,-283.04,-195.2,-224.48
-19.52,-87.84,-68.32,53.68,24.4,-78.08,0,-136.64,-292.8,-283.04,-195.2,-224.48
-19.52,-87.84,-68.32,53.68,24.4,-78.08,0,-136.64,-292.8,-283.04,-195.2,-224.48
-19.52,-87.84,-68.32,53.68,24.4,-78.08,0,-136.64,-292.8,-283.04,-195.2,-224.48
-19.52,-87.84,-68.32,53.68,24.4,-78.08,0,-136.64,-292.8,-283.04,-195.2,-224.48
-29.28,-78.08,-48.8,53.68,9.76,-63.44,0,-126.88,-283.04,-273.28,-185.44,-219.6
-29.28,-78.08,-48.8,53.68,9.76,-63.44,0,-126.88,-283.04,-273.28,-185.44,-214.72
-29.28,-78.08,-48.8,53.68,9.76,-63.44,0,-126.88,-283.04,-273.28,-185.44,-209.84
-29.28,-78.08,-48.8,53.68,9.76,-63.44,0,-126.88,-283.04,-273.28,-185.44,-204.96
-29.28,-68.32,-39.04,48.8,4.88,-53.68,9.76,-136.64,-292.8,-273.28,-185.44,-195.2
-29.28,-68.32,-39.04,48.8,4.88,-53.68,9.76,-136.64,-292.8,-273.28,-185.44,-195.2
-29.28,-68.32,-39.04,48.8,4.88,-53.68,9.76,-136.64,-292.8,-273.28,-185.44,-195.2
-29.28,-68.32,-39.04,48.8,4.88,-53.68,9.76,-136.64,-292.8,-273.28,-185.44,-195.2
-19.52,-78.08,-58.56,48.8,19.52,-68.32,9.76,-136.64,-292.8,-283.04,-195.2,-204.96
-19.52,-78.08,-58.56,48.8,19.52,-68.32,9.76,-136.64,-292.8,-283.04,-195.2,-204.96
-19.52,-78.08,-58.56,48.8,19.52,-68.32,9.76,-136.64,-292.8,-283.04,-195.2,-204.96
-19.52,-78.08,-58.56,48.8,19.52,-68.32,9.76,-136.64,-292.8,-283.04,-195.2,-204.96
-19.52,-78.08,-58.56,48.8,19.52,-68.32,0,-136.64,-302.56,-273.28,-185.44,-195.2
-19.52,-78.08,-58.56,48.8,19.52,-68.32,0,-136.64,-302.56,-273.28,-185.44,-195.2
-19.52,-78.08,-58.56,48.8,19.52,-68.32,0,-136.64,-302.56,-273.28,-185.44,-195.2
-19.52,-78.08,-58.56,48.8,19.52,-68.32,0,-136.64,-302.56,-273.28,-185.44,-195.2
-24.4,-78.08,-53.68,53.68,14.64,-68.32,9.76,-146.4,-292.8,-263.52,-175.68,-185.44
-29.28,-78.08,-48.8,53.68,9.76,-63.44,9.76,-146.4,-292.8,-263.52,-175.68,-185.44
-34.16,-78.08,-43.92,58.56,4.88,-63.44,9.76,-146.4,-292.8,-263.52,-175.68,-185.44
-39.04,-78.08,-39.04,58.56,0,-58.56,9.76,-146.4,-292.8,-263.52,-175.68,-185.44
-29.28,-78.08,-48.8,53.68,9.76,-63.44,0,-146.4,-302.56,-263.52,-185.44,-195.2
-29.28,-78.08,-48.8,53.68,9.76,-63.44,0,-146.4,-302.56,-263.52,-185.44,-195.2
-29.28,-78.08,-48.8,53.68,9.76,-63.44,0,-146.4,-302.56,-263.52,-185.44,-195.2
-29.28,-78.08,-48.8,53.68,9.76,-63.44,0,-146.4,-302.56,-263.52,-185.44,-195.2
-39.04,-78.08,-39.04,58.56,0,-58.56,9.76,-146.4,-302.56,-273.28,-185.44,-190.32
-39.04,-78.08,-39.04,58.56,0,-58.56,9.76,-146.4,-302.56,-273.28,-185.44,-185.44
-39.04,-78.08,-39.04,58.56,0,-58.56,9.76,-146.4,-302.56,-273.28,-185.44,-180.56
-39.04,-78.08,-39.04,58.56,0,-58.56,9.76,-146.4,-302.56,-273.28,-185.44,-175.68
-29.28,-68.32,-39.04,48.8,4.88,-53.68,0,-156.16,-312.32,-273.28,-175.68,-175.68
-29.28,-68.32,-39.04,48.8,4.88,-53.68,0,-156.16,-312.32,-273.28,-175.68,-175.68
-29.28,-68.32,-39.04,48.8,4.88,-53.68,0,-156.16,-312.32,-273.28,-175.68,-175.68
-29.28,-68.32,-39.04,48.8,4.88,-53.68,0,-156.16,-312.32,-273.28,-175.68,-175.68
-19.52,-68.32,-48.8,43.92,14.64,-58.56,0,-156.16,-312.32,-263.52,-175.68,-175.68
-19.52,-68.32,-48.8,43.92,14.64,-58.56,0,-156.16,-312.32,-263.52,-175.68,-175.68
-19.52,-68.32,-48.8,43.92,14.64,-58.56,0,-156.16,-312.32,-263.52,-175.68,-175.68
-19.52,-68.32,-48.8,43.92,14.64,-58.56,0,-156.16,-312.32,-263.52,-175.68,-175.68
-29.28,-78.08,-48.8,53.68,9.76,-63.44,0,-156.16,-312.32,-273.28,-175.68,-175.68
-29.28,-78.08,-48.8,53.68,9.76,-63.44,0,-156.16,-312.32,-273.28,-175.68,-175.68
-29.28,-78.08,-48.8,53.68,9.76,-63.44,0,-156.16,-312.32,-273.28,-175.68,-175.68
-29.28,-78.08,-48.8,53.68,9.76,-63.44,0,-156.16,-312.32,-273.28,-175.68,-175.68
-29.28,-78.08,-48.8,53.68,9.76,-63.44,9.76,-156.16,-322.08,-273.28,-185.44,-175.68
-29.28,-78.08,-48.8,53.68,9.76,-63.44,9.76,-156.16,-322.08,-273.28,-185.44,-175.68
-29.28,-78.08,-48.8,53.68,9.76,-63.44,9.76,-156.16,-322.08,-273.28,-185.44,-175.68
-29.28,-78.08,-48.8,53.68,9.76,-63.44,9.76,-156.16,-322.08,-273.28,-185.44,-175.68
-29.28,-68.32,-39.04,48.8,4.88,-53.68,9.76,-165.92,-322.08,-273.28,-185.44,-165.92
-29.28,-68.32,-39.04,48.8,4.88,-53.68,9.76,-165.92,-322.08,-273.28,-185.44,-165.92
-29.28,-68.32,-39.04,48.8,4.88,-53.68,9.76,-165.92,-322.08,-273.28,-185.44,-165.92
-29.28,-68.32,-39.04,48.8,4.88,-53.68,9.76,-165.92,-322.08,-273.28,-185.44,-165.92
-29.28,-78.08,-48.8,53.68,9.76,-63.44,0,-165.92,-312.32,-263.52,-185.44,-156.16
-29.28,-78.08,-48.8,53.68,9.76,-63.44,0,-165.92,-312.32,-263.52,-185.44,-156.16
-29.28,-78.08,-48.8,53.68,9.76,-63.44,0,-165.92,-312.32,-263.52,-185.44,-156.16
-29.28,-78.08,-48.8,53.68,9.76,-63.44,0,-165.92,-312.32,-263.52,-185.44,-156.16
-29.28,-68.32,-39.04,48.8,4.88,-53.68,0,-165.92,-322.08,-263.52,-175.68,-156.16
-29.28,-68.32,-39.04,48.8,4.88,-53.68,0,-165.92,-322.08,-263.52,-175.68,-156.16
-29.28,-68.32,-39.04,48.8,4.88,-53.68,0,-165.92,-322.08,-263.52,-175.68,-156.16
-29.28,-68.32,-39.04,48.8,4.88,-53.68,0,-165.92,-322.08,-263.52,-175.68,-156.16
-19.52,-68.32,-48.8,43.92,14.64,-58.56,0,-175.68,-322.08,-263.52,-165.92,-156.16
-19.52,-68.32,-48.8,43.92,14.64,-58.56,0,-175.68,-322.08,-263.52,-165.92,-156.16
-19.52,-68.32,-48.8,43.92,14.64,-58.56,0,-175.68,-322.08,-263.52,-165.92,-156.16
-19.52,-68.32,-48.8,43.92,14.64,-58.56,0,-175.68,-322.08,-263.52,-165.92,-156.16
-24.4,-68.32,-43.92,48.8,9.76,-58.56,0,-185.44,-312.32,-253.76,-165.92,-146.4
-29.28,-68.32,-39.04,48.8,4.88,-53.68,0,-185.44,-312.32,-253.76,-165.92,-146.4
-34.16,-68.32,-34.16,53.68,0,-53.68,0,-185.44,-312.32,-253.76,-165.92,-146.4
-39.04,-68.32,-29.28,53.68,-4.88,-48.8,0,-185.44,-312.32,-253.76,-165.92,-146.4
-29.28,-78.08,-48.8,53.68,9.76,-63.44,0,-185.44,-322.08,-253.76,-165.92,-136.64
-29.28,-78.08,-48.8,53.68,9.76,-63.44,0,-185.44,-322.08,-253.76,-165.92,-136.64
-29.28,-78.08,-48.8,53.68,9.76,-63.44,0,-185.44,-322.08,-253.76,-165.92,-136.64
-29.28,-78.08,-48.8,53.68,9.76,-63.44,0,-185.44,-322.08,-253.76,-165.92,-136.64
-39.04,-78.08,-39.04,58.56,0,-58.56,0,-175.68,-322.08,-263.52,-165.92,-136.64
-39.04,-78.08,-39.04,58.56,0,-58.56,0,-175.68,-322.08,-263.52,-165.92,-136.64
-39.04,-78.08,-39.04,58.56,0,-58.56,0,-175.68,-322.08,-263.52,-165.92,-136.64
-39.04,-78.08,-39.04,58.56,0,-58.56,0,-175.68,-322.08,-263.52,-165.92,-136.64
-29.28,-68.32,-39.04,48.8,4.88,-53.68,0,-185.44,-331.84,-263.52,-165.92,-136.64
-29.28,-68.32,-39.04,48.8,4.88,-53.68,0,-185.44,-331.84,-263.52,-165.92,-136.64
-29.28,-68.32,-39.04,48.8,4.88,-53.68,0,-185.44,-331.84,-263.52,-165.92,-136.64
-29.28,-68.32,-39.04,48.8,4.88,-53.68,0,-185.44,-331.84,-263.52,-165.92,-136.64
-29.28,-68.32,-39.04,48.8,4.88,-53.68,0,-195.2,-331.84,-263.52,-165.92,-136.64
-29.28,-68.32,-39.04,48.8,4.88,-53.68,0,-195.2,-331.84,-263.52,-165.92,-136.64
-29.28,-68.32,-39.04,48.8,4.88,-53.68,0,-195.2,-331.84,-263.52,-165.92,-136.64
-29.28,-68.32,-39.04,48.8,4.88,-53.68,0,-195.2,-331.84,-263.52,-165.92,-136.64
-29.28,-68.32,-39.04,48.8,4.88,-53.68,0,-195.2,-322.08,-263.52,-165.92,-126.88
-29.28,-68.32,-39.04,48.8,4.88,-53.68,0,-195.2,-322.08,-263.52,-165.92,-126.88
-29.28,-68.32,-39.04,48.8,4.88,-53.68,0,-195.2,-322.08,-263.52,-165.92,-126.88
-29.28,-68.32,-39.04,48.8,4.88,-53.68,0,-195.2,-322.08,-263.52,-165.92,-126.88
-29.28,-68.32,-39.04,48.8,4.88,-53.68,-9.76,-204.96,-326.96,-263.52,-165.92,-126.88
-29.28,-68.32,-39.04,48.8,4.88,-53.68,-9.76,-204.96,-331.84,-263.52,-165.92,-126.88
-29.28,-68.32,-39.04,48.8,4.88,-53.68,-9.76,-204.96,-336.72,-263.52,-165.92,-126.88
-29.28,-68.32,-39.04,48.8,4.88,-53.68,-9.76,-204.96,-341.6,-263.52,-165.92,-126.88
-19.52,-68.32,-48.8,43.92,14.64,-58.56,-19.52,-204.96,-331.84,-263.52,-165.92,-136.64
-19.52,-68.32,-48.8,43.92,14.64,-58.56,-19.52,-204.96,-331.84,-263.52,-165.92,-136.64
-19.52,-68.32,-48.8,43.92,14.64,-58.56,-19.52,-204.96,-331.84,-263.52,-165.92,-136.64
-19.52,-68.32,-48.8,43.92,14.64,-58.56,-19.52,-204.96,-331.84,-263.52,-165.92,-136.64
-29.28,-68.32,-39.04,48.8,4.88,-53.68,-9.76,-214.72,-331.84,-263.52,-165.92,-131.76
-29.28,-68.32,-39.04,48.8,4.88,-53.68,-9.76,-214.72,-331.84,-263.52,-165.92,-126.88
-29.28,-68.32,-39.04,48.8,4.88,-53.68,-9.76,-214.72,-331.84,-263.52,-165.92,-122
-29.28,-68.32,-39.04,48.8,4.88,-53.68,-9.76,-214.72,-331.84,-263.52,-165.92,-117.12
-19.52,-68.32,-48.8,43.92,14.64,-58.56,-19.52,-214.72,-331.84,-253.76,-165.92,-117.12
-19.52,-68.32,-48.8,43.92,14.64,-58.56,-19.52,-214.72,-331.84,-253.76,-165.92,-117.12
-19.52,-68.32,-48.8,43.92,14.64,-58.56,-19.52,-214.72,-331.84,-253.76,-165.92,-117.12
-19.52,-68.32,-48.8,43.92,14.64,-58.56,-19.52,-214.72,-331.84,-253.76,-165.92,-117.12
-24.4,-58.56,-34.16,43.92,4.88,-48.8,-19.52,-214.72,-322.08,-263.52,-165.92,-107.36
-29.28,-58.56,-29.28,43.92,0,-43.92,-19.52,-214.72,-322.08,-263.52,-165.92,-107.36
-34.16,-58.56,-24.4,48.8,-4.88,-43.92,-19.52,-214.72,-322.08,-263.52,-165.92,-107.36
-39.04,-58.56,-19.52,48.8,-9.76,-39.04,-19.52,-214.72,-322.08,-263.52,-165.92,-107.36
-39.04,-68.32,-29.28,53.68,-4.88,-48.8,-29.28,-214.72,-331.84,-253.76,-156.16,-97.6
-39.04,-68.32,-29.28,53.68,-4.88,-48.8,-29.28,-214.72,-331.84,-253.76,-156.16,-97.6
-39.04,-68.32,-29.28,53.68,-4.88,-48.8,-29.28,-214.72,-331.84,-253.76,-156.16,-97.6
-39.04,-68.32,-29.28,53.68,-4.88,-48.8,-29.28,-214.72,-331.84,-253.76,-156.16,-97.6
-29.28,-78.08,-48.8,53.68,9.76,-63.44,-19.52,-224.48,-322.08,-253.76,-156.16,-97.6
-29.28,-78.08,-48.8,53.68,9.76,-63.44,-19.52,-224.48,-322.08,-253.76,-156.16,-97.6
-29.28,-78.08,-48.8,53.68,9.76,-63.44,-19.52,-224.48,-322.08,-253.76,-156.16,-97.6
-29.28,-78.08,-48.8,53.68,9.76,-63.44,-19.52,-224.48,-322.08,-253.76,-156.16,-97.6
-19.52,-73.2,-53.68,48.8,14.64,-63.44,-29.28,-224.48,-326.96,-263.52,-165.92,-107.36
-19.52,-68.32,-48.8,43.92,14.64,-58.56,-29.28,-224.48,-331.84,-263.52,-165.92,-107.36
-19.52,-63.44,-43.92,43.92,9.76,-53.68,-29.28,-224.48,-336.72,-263.52,-165.92,-107.36
-19.52,-58.56,-39.04,39.04,9.76,-48.8,-29.28,-224.48,-341.6,-263.52,-165.92,-107.36
-29.28,-68.32,-39.04,48.8,4.88,-53.68,-29.28,-224.48,-331.84,-253.76,-156.16,-97.6
-29.28,-68.32,-39.04,48.8,4.88,-53.68,-29.28,-224.48,-331.84,-253.76,-156.16,-97.6
-29.28,-68.32,-39.04,48.8,4.88,-53.68,-29.28,-224.48,-331.84,-253.76,-156.16,-97.6
-29.28,-68.32,-39.04,48.8,4.88,-53.68,-29.28,-224.48,-331.84,-253.76,-156.16,-97.6
-39.04,-68.32,-29.28,53.68,-4.88,-48.8,-29.28,-224.48,-331.84,-253.76,-156.16,-87.84
-39.04,-68.32,-29.28,53.68,-4.88,-48.8,-29.28,-224.48,-331.84,-253.76,-156.16,-87.84
-39.04,-68.32,-29.28,53.68,-4.88,-48.8,-29.28,-224.48,-331.84,-253.76,-156.16,-87.84
-39.04,-68.32,-29.28,53.68,-4.88,-48.8,-29.28,-224.48,-331.84,-253.76,-156.16,-87.84
-29.28,-63.44,-34.16,48.8,0,-48.8,-39.04,-224.48,-341.6,-263.52,-165.92,-97.6
-29.28,-58.56,-29.28,43.92,0,-43.92,-39.04,-224.48,-341.6,-263.52,-165.92,-97.6
-29.28,-53.68,-24.4,43.92,-4.88,-39.04,-39.04,-224.48,-341.6,-263.52,-165.92,-97.6
-29.28,-48.8,-19.52,39.04,-4.88,-34.16,-39.04,-224.48,-341.6,-263.52,-165.92,-97.6
-39.04,-58.56,-19.52,48.8,-9.76,-39.04,-39.04,-224.48,-331.84,-253.76,-156.16,-87.84
-39.04,-58.56,-19.52,48.8,-9.76,-39.04,-39.04,-224.48,-331.84,-253.76,-156.16,-87.84
-39.04,-58.56,-19.52,48.8,-9.76,-39.04,-39.04,-224.48,-331.84,-253.76,-156.16,-87.84
-39.04,-58.56,-19.52,48.8,-9.76,-39.04,-39.04,-224.48,-331.84,-253.76,-156.16,-87.84
-29.28,-58.56,-29.28,43.92,0,-43.92,-39.04,-224.48,-341.6,-253.76,-156.16,-78.08
-29.28,-58.56,-29.28,43.92,0,-43.92,-39.04,-224.48,-341.6,-253.76,-156.16,-78.08
-29.28,-58.56,-29.28,43.92,0,-43.92,-39.04,-224.48,-341.6,-253.76,-156.16,-78.08
-29.28,-58.56,-29.28,43.92,0,-43.92,-39.04,-224.48,-341.6,-253.76,-156.16,-78.08
-39.04,-63.44,-24.4,53.68,-9.76,-43.92,-39.04,-214.72,-341.6,-253.76,-146.4,-78.08
-39.04,-68.32,-29.28,53.68,-4.88,-48.8,-39.04,-214.72,-341.6,-253.76,-146.4,-78.08
-39.04,-73.2,-34.16,58.56,-4.88,-53.68,-39.04,-214.72,-341.6,-253.76,-146.4,-78.08
-39.04,-78.08,-39.04,58.56,0,-58.56,-39.04,-214.72,-341.6,-253.76,-146.4,-78.08
-29.28,-68.32,-39.04,48.8,4.88,-53.68,-39.04,-224.48,-341.6,-244,-156.16,-87.84
-29.28,-68.32,-39.04,48.8,4.88,-53.68,-39.04,-224.48,-341.6,-244,-156.16,-87.84
-29.28,-68.32,-39.04,48.8,4.88,-53.68,-39.04,-224.48,-341.6,-244,-156.16,-87.84
-29.28,-68.32,-39.04,48.8,4.88,-53.68,-39.04,-224.48,-341.6,-244,-156.16,-87.84
-29.28,-58.56,-29.28,43.92,0,-43.92,-48.8,-224.48,-341.6,-244,-156.16,-87.84
-29.28,-58.56,-29.28,43.92,0,-43.92,-48.8,-224.48,-341.6,-244,-156.16,-87.84
-29.28,-58.56,-29.28,43.92,0,-43.92,-48.8,-224.48,-341.6,-244,-156.16,-87.84
-29.28,-58.56,-29.28,43.92,0,-43.92,-48.8,-224.48,-341.6,-244,-156.16,-87.84
-19.52,-58.56,-39.04,39.04,9.76,-48.8,-48.8,-234.24,-341.6,-244,-156.16,-87.84
-19.52,-58.56,-39.04,39.04,9.76,-48.8,-48.8,-234.24,-341.6,-244,-156.16,-87.84
-19.52,-58.56,-39.04,39.04,9.76,-48.8,-48.8,-234.24,-341.6,-244,-156.16,-87.84
-19.52,-58.56,-39.04,39.04,9.76,-48.8,-48.8,-234.24,-341.6,-244,-156.16,-87.84
-24.4,-58.56,-34.16,43.92,4.88,-48.8,-48.8,-224.48,-341.6,-244,-146.4,-82.96
-29.28,-58.56,-29.28,43.92,0,-43.92,-48.8,-224.48,-341.6,-244,-146.4,-78.08
-34.16,-58.56,-24.4,48.8,-4.88,-43.92,-48.8,-224.48,-341.6,-244,-146.4,-73.2
-39.04,-58.56,-19.52,48.8,-9.76,-39.04,-48.8,-224.48,-341.6,-244,-146.4,-68.32
-39.04,-68.32,-29.28,53.68,-4.88,-48.8,-58.56,-214.72,-331.84,-244,-146.4,-68.32
-39.04,-68.32,-29.28,53.68,-4.88,-48.8,-58.56,-214.72,-331.84,-244,-146.4,-68.32
-39.04,-68.32,-29.28,53.68,-4.88,-48.8,-58.56,-214.72,-331.84,-244,-146.4,-68.32
-39.04,-68.32,-29.28,53.68,-4.88,-48.8,-58.56,-214.72,-331.84,-244,-146.4,-68.32
-29.28,-68.32,-39.04,48.8,4.88,-53.68,-48.8,-214.72,-341.6,-234.24,-156.16,-58.56
-29.28,-68.32,-39.04,48.8,4.88,-53.68,-48.8,-214.72,-341.6,-234.24,-156.16,-58.56
-29.28,-68.32,-39.04,48.8,4.88,-53.68,-48.8,-214.72,-341.6,-234.24,-156.16,-58.56
-29.28,-68.32,-39.04,48.8,4.88,-53.68,-48.8,-214.72,-341.6,-234.24,-156.16,-58.56
-39.04,-68.32,-29.28,53.68,-4.88,-48.8,-48.8,-224.48,-341.6,-244,-146.4,-48.8
-39.04,-68.32,-29.28,53.68,-4.88,-48.8,-48.8,-224.48,-341.6,-244,-146.4,-48.8
-39.04,-68.32,-29.28,53.68,-4.88,-48.8,-48.8,-224.48,-341.6,-244,-146.4,-48.8
-39.04,-68.32,-29.28,53.68,-4.88,-48.8,-48.8,-224.48,-341.6,-244,-146.4,-48.8
-29.28,-58.56,-29.28,43.92,0,-43.92,-58.56,-224.48,-341.6,-244,-146.4,-58.56
-29.28,-58.56,-29.28,43.92,0,-43.92,-58.56,-224.48,-341.6,-244,-146.4,-58.56
-29.28,-58.56,-29.28,43.92,0,-43.92,-58.56,-224.48,-341.6,-244,-146.4,-58.56
-29.28,-58.56,-29.28,43.92,0,-43.92,-58.56,-224.48,-341.6,-244,-146.4,-58.56
-29.28,-58.56,-29.28,43.92,0,-43.92,-58.56,-224.48,-341.6,-244,-156.16,-48.8
-29.28,-58.56,-29.28,43.92,0,-43.92,-58.56,-224.48,-341.6,-244,-156.16,-48.8
-29.28,-58.56,-29.28,43.92,0,-43.92,-58.56,-224.48,-341.6,-244,-156.16,-48.8
-29.28,-58.56,-29.28,43.92,0,-43.92,-58.56,-224.48,-341.6,-244,-156.16,-48.8
-19.52,-58.56,-39.04,39.04,9.76,-48.8,-68.32,-224.48,-341.6,-244,-156.16,-48.8
-19.52,-58.56,-39.04,39.04,9.76,-48.8,-68.32,-224.48,-341.6,-244,-156.16,-48.8
-19.52,-58.56,-39.04,39.04,9.76,-48.8,-68.32,-224.48,-341.6,-244,-156.16,-48.8
-19.52,-58.56,-39.04,39.04,9.76,-48.8,-68.32,-224.48,-341.6,-244,-156.16,-48.8
-19.52,-68.32,-48.8,43.92,14.64,-58.56,-68.32,-234.24,-341.6,-244,-156.16,-48.8
-19.52,-68.32,-48.8,43.92,14.64,-58.56,-68.32,-234.24,-341.6,-244,-156.16,-48.8
-19.52,-68.32,-48.8,43.92,14.64,-58.56,-68.32,-234.24,-341.6,-244,-156.16,-48.8
-19.52,-68.32,-48.8,43.92,14.64,-58.56,-68.32,-234.24,-341.6,-244,-156.16,-48.8
-29.28,-58.56,-29.28,43.92,0,-43.92,-58.56,-224.48,-341.6,-234.24,-146.4,-39.04
-29.28,-58.56,-29.28,43.92,0,-43.92,-58.56,-224.48,-341.6,-234.24,-146.4,-39.04
-29.28,-58.56,-29.28,43.92,0,-43.92,-58.56,-224.48,-341.6,-234.24,-146.4,-39.04
-29.28,-58.56,-29.28,43.92,0,-43.92,-58.56,-224.48,-341.6,-234.24,-146.4,-39.04
-39.04,-58.56,-19.52,48.8,-9.76,-39.04,-58.56,-224.48,-341.6,-244,-146.4,-39.04
-39.04,-58.56,-19.52,48.8,-9.76,-39.04,-58.56,-224.48,-341.6,-244,-146.4,-39.04
-39.04,-58.56,-19.52,48.8,-9.76,-39.04,-58.56,-224.48,-341.6,-244,-146.4,-39.04
-39.04,-58.56,-19.52,48.8,-9.76,-39.04,-58.56,-224.48,-341.6,-244,-146.4,-39.04
-29.28,-68.32,-39.04,48.8,4.88,-53.68,-58.56,-224.48,-331.84,-234.24,-156.16,-29.28
-29.28,-68.32,-39.04,48.8,4.88,-53.68,-58.56,-224.48,-331.84,-234.24,-156.16,-29.28
-29.28,-68.32,-39.04,48.8,4.88,-53.68,-58.56,-224.48,-331.84,-234.24,-156.16,-29.28
-29.28,-68.32,-39.04,48.8,4.88,-53.68,-58.56,-224.48,-331.84,-234.24,-156.16,-29.28
-19.52,-58.56,-39.04,39.04,9.76,-48.8,-63.44,-224.48,-331.84,-234.24,-156.16,-29.28
-19.52,-58.56,-39.04,39.04,9.76,-48.8,-68.32,-224.48,-331.84,-234.24,-156.16,-29.28
-19.52,-58.56,-39.04,39.04,9.76,-48.8,-73.2,-224.48,-331.84,-234.24,-156.16,-29.28
-19.52,-58.56,-39.04,39.04,9.76,-48.8,-78.08,-224.48,-331.84,-234.24,-156.16,-29.28
-29.28,-68.32,-39.04,48.8,4.88,-53.68,-68.32,-234.24,-331.84,-234.24,-146.4,-24.4
-29.28,-68.32,-39.04,48.8,4.88,-53.68,-68.32,-234.24,-331.84,-234.24,-146.4,-19.52
-29.28,-68.32,-39.04,48.8,4.88,-53.68,-68.32,-234.24,-331.84,-234.24,-146.4,-14.64
-29.28,-68.32,-39.04,48.8,4.88,-53.68,-68.32,-234.24,-331.84,-234.24,-146.4,-9.76
-19.52,-63.44,-43.92,43.92,9.76,-53.68,-78.08,-234.24,-341.6,-244,-146.4,-19.52
-19.52,-58.56,-39.04,39.04,9.76,-48.8,-78.08,-234.24,-341.6,-244,-146.4,-19.52
-19.52,-53.68,-34.16,39.04,4.88,-43.92,-78.08,-234.24,-341.6,-244,-146.4,-19.52
-19.52,-48.8,-29.28,34.16,4.88,-39.04,-78.08,-234.24,-341.6,-244,-146.4,-19.52
-29.28,-58.56,-29.28,43.92,0,-43.92,-78.08,-234.24,-341.6,-234.24,-146.4,-9.76
-29.28,-58.56,-29.28,43.92,0,-43.92,-78.08,-234.24,-341.6,-234.24,-146.4,-9.76
-29.28,-58.56,-29.28,43.92,0,-43.92,-78.08,-234.24,-341.6,-234.24,-146.4,-9.76
-29.28,-58.56,-29.28,43.92,0,-43.92,-78.08,-234.24,-341.6,-234.24,-146.4,-9.76
-39.04,-58.56,-19.52,48.8,-9.76,-39.04,-87.84,-234.24,-341.6,-234.24,-156.16,-9.76
-39.04,-58.56,-19.52,48.8,-9.76,-39.04,-87.84,-234.24,-341.6,-234.24,-156.16,-9.76
-39.04,-58.56,-19.52,48.8,-9.76,-39.04,-87.84,-234.24,-341.6,-234.24,-156.16,-9.76
-39.04,-58.56,-19.52,48.8,-9.76,-39.04,-87.84,-234.24,-341.6,-234.24,-156.16,-9.76
-48.8,-48.8,0,48.8,-24.4,-24.4,-78.08,-234.24,-331.84,-234.24,-146.4,0
-43.92,-48.8,-4.88,48.8,-19.52,-29.28,-78.08,-234.24,-326.96,-234.24,-146.4,0
-43.92,-48.8,-4.88,48.8,-19.52,-29.28,-78.08,-239.12,-326.96,-234.24,-146.4,-4.88
-43.92,-53.68,-9.76,48.8,-19.52,-34.16,-78.08,-239.12,-326.96,-234.24,-146.4,-4.88
-39.04,-53.68,-14.64,48.8,-14.64,-34.16,-87.84,-239.12,-336.72,-234.24,-146.4,-4.88
-39.04,-53.68,-14.64,48.8,-14.64,-34.16,-87.84,-239.12,-336.72,-234.24,-146.4,-4.88
-34.16,-53.68,-19.52,43.92,-9.76,-39.04,-87.84,-234.24,-341.6,-234.24,-146.4,-4.88
-24.4,-48.8,-24.4,39.04,0,-39.04,-87.84,-234.24,-341.6,-234.24,-146.4,0
-29.28,-58.56,-29.28,43.92,0,-43.92,-78.08,-244,-326.96,-229.36,-146.4,9.76
-34.16,-63.44,-29.28,48.8,-4.88,-48.8,-78.08,-244,-326.96,-229.36,-146.4,9.76
-39.04,-63.44,-24.4,53.68,-9.76,-43.92,-78.08,-244,-326.96,-229.36,-146.4,9.76
-34.16,-58.56,-24.4,48.8,-4.88,-43.92,-78.08,-234.24,-322.08,-229.36,-146.4,9.76
-24.4,-58.56,-34.16,43.92,4.88,-48.8,-78.08,-224.48,-317.2,-229.36,-141.52,19.52
-24.4,-53.68,-29.28,39.04,0,-43.92,-68.32,-219.6,-312.32,-224.48,-141.52,19.52
-14.64,-43.92,-29.28,29.28,4.88,-39.04,-63.44,-219.6,-307.44,-224.48,-136.64,24.4
-4.88,-39.04,-34.16,24.4,14.64,-39.04,-53.68,-209.84,-307.44,-214.72,-136.64,29.28
-4.88,-43.92,-39.04,24.4,14.64,-43.92,-58.56,-214.72,-297.68,-214.72,-126.88,29.28
-14.64,-29.28,-14.64,24.4,0,-24.4,-48.8,-204.96,-292.8,-204.96,-122,39.04
-14.64,-19.52,-4.88,19.52,-4.88,-14.64,-34.16,-195.2,-283.04,-195.2,-117.12,39.04
-9.76,-9.76,0,9.76,-4.88,-4.88,-24.4,-190.32,-278.16,-195.2,-112.24,39.04
-19.52,0,19.52,9.76,-19.52,9.76,-24.4,-200.08,-283.04,-200.08,-122,39.04
-24.4,9.76,34.16,9.76,-29.28,19.52,-19.52,-190.32,-278.16,-195.2,-117.12,39.04
-24.4,19.52,43.92,4.88,-34.16,29.28,-19.52,-190.32,-278.16,-195.2,-117.12,43.92
-24.4,24.4,48.8,0,-39.04,34.16,-14.64,-190.32,-278.16,-195.2,-117.12,43.92
-24.4,9.76,34.16,9.76,-29.28,19.52,0,-170.8,-263.52,-180.56,-102.48,53.68
-29.28,9.76,39.04,9.76,-34.16,24.4,4.88,-170.8,-263.52,-180.56,-102.48,53.68
-29.28,9.76,39.04,9.76,-34.16,24.4,4.88,-170.8,-263.52,-180.56,-102.48,53.68
-19.52,14.64,34.16,4.88,-29.28,24.4,4.88,-170.8,-258.64,-180.56,-102.48,53.68
-14.64,4.88,19.52,4.88,-19.52,9.76,4.88,-175.68,-258.64,-180.56,-97.6,63.44
-14.64,4.88,19.52,4.88,-19.52,9.76,4.88,-175.68,-258.64,-180.56,-97.6,68.32
-14.64,4.88,19.52,4.88,-19.52,9.76,0,-170.8,-253.76,-180.56,-97.6,68.32
-9.76,4.88,14.64,4.88,-14.64,9.76,0,-170.8,-253.76,-180.56,-97.6,68.32
-19.52,9.76,29.28,4.88,-24.4,19.52,-14.64,-185.44,-263.52,-190.32,-97.6,73.2
-14.64,14.64,29.28,0,-24.4,19.52,-29.28,-190.32,-268.4,-190.32,-97.6,73.2
-14.64,19.52,34.16,0,-24.4,24.4,-34.16,-195.2,-268.4,-190.32,-97.6,73.2
-19.52,19.52,39.04,0,-29.28,29.28,-43.92,-195.2,-273.28,-190.32,-97.6,73.2
-14.64,24.4,39.04,-4.88,-29.28,29.28,-73.2,-200.08,-263.52,-180.56,-87.84,73.2
-4.88,19.52,24.4,-4.88,-14.64,19.52,-78.08,-200.08,-263.52,-180.56,-87.84,73.2
0,19.52,19.52,-9.76,-9.76,19.52,-82.96,-209.84,-268.4,-185.44,-87.84,73.2
4.88,19.52,14.64,-9.76,-4.88,14.64,-87.84,-209.84,-268.4,-190.32,-97.6,73.2
-4.88,4.88,9.76,0,-9.76,4.88,-82.96,-195.2,-268.4,-190.32,-107.36,82.96
0,0,0,0,0,0,-78.08,-195.2,-273.28,-190.32,-107.36,82.96
0,-4.88,-4.88,4.88,0,-4.88,-82.96,-204.96,-273.28,-195.2,-112.24,78.08
0,-4.88,-4.88,4.88,0,-4.88,-82.96,-209.84,-278.16,-200.08,-112.24,73.2
9.76,-9.76,-19.52,0,14.64,-14.64,-97.6,-219.6,-287.92,-209.84,-112.24,73.2
9.76,-14.64,-24.4,4.88,14.64,-19.52,-97.6,-234.24,-292.8,-214.72,-112.24,73.2
9.76,-14.64,-24.4,4.88,14.64,-19.52,-107.36,-244,-292.8,-214.72,-117.12,73.2
9.76,-14.64,-24.4,4.88,14.64,-19.52,-107.36,-253.76,-287.92,-214.72,-117.12,73.2
9.76,-19.52,-29.28,4.88,19.52,-24.4,-97.6,-248.88,-287.92,-200.08,-107.36,78.08
4.88,-43.92,-48.8,19.52,24.4,-48.8,-102.48,-253.76,-292.8,-195.2,-102.48,82.96
9.76,-48.8,-58.56,19.52,34.16,-53.68,-107.36,-268.4,-307.44,-200.08,-107.36,87.84
4.88,-53.68,-58.56,24.4,29.28,-58.56,-112.24,-268.4,-307.44,-200.08,-107.36,87.84
-14.64,-48.8,-34.16,34.16,9.76,-43.92,-112.24,-268.4,-312.32,-209.84,-107.36,87.84
-14.64,-48.8,-34.16,34.16,9.76,-43.92,-117.12,-268.4,-312.32,-214.72,-107.36,87.84
-14.64,-48.8,-34.16,34.16,9.76,-43.92,-117.12,-268.4,-312.32,-214.72,-107.36,78.08
-19.52,-48.8,-29.28,34.16,4.88,-39.04,-112.24,-268.4,-312.32,-214.72,-117.12,78.08
-14.64,-53.68,-39.04,34.16,9.76,-48.8,-112.24,-278.16,-317.2,-219.6,-131.76,63.44
-19.52,-48.8,-29.28,34.16,4.88,-39.04,-112.24,-278.16,-317.2,-234.24,-131.76,58.56
-24.4,-48.8,-24.4,39.04,0,-39.04,-107.36,-278.16,-322.08,-239.12,-136.64,58.56
-24.4,-48.8,-24.4,39.04,0,-39.04,-107.36,-283.04,-322.08,-248.88,-141.52,53.68
-39.04,-53.68,-14.64,48.8,-14.64,-34.16,-102.48,-283.04,-317.2,-244,-141.52,53.68
-39.04,-53.68,-14.64,48.8,-14.64,-34.16,-102.48,-283.04,-317.2,-239.12,-146.4,53.68
-39.04,-63.44,-24.4,53.68,-9.76,-43.92,-112.24,-287.92,-317.2,-234.24,-151.28,43.92
-39.04,-68.32,-29.28,53.68,-4.88,-48.8,-117.12,-287.92,-326.96,-239.12,-151.28,43.92
-29.28,-73.2,-43.92,53.68,4.88,-58.56,-126.88,-302.56,-326.96,-248.88,-151.28,53.68
-29.28,-78.08,-48.8,53.68,9.76,-63.44,-131.76,-302.56,-326.96,-253.76,-156.16,53.68
-29.28,-82.96,-53.68,58.56,9.76,-68.32,-131.76,-312.32,-326.96,-258.64,-156.16,53.68
-19.52,-87.84,-68.32,53.68,24.4,-78.08,-131.76,-317.2,-336.72,-258.64,-156.16,53.68
-19.52,-78.08,-58.56,48.8,19.52,-68.32,-151.28,-326.96,-336.72,-258.64,-156.16,58.56
-14.64,-73.2,-58.56,43.92,19.52,-68.32,-141.52,-312.32,-326.96,-258.64,-146.4,63.44
-14.64,-73.2,-58.56,43.92,19.52,-68.32,-122,-292.8,-317.2,-244,-141.52,73.2
-24.4,-73.2,-48.8,48.8,9.76,-63.44,-122,-283.04,-317.2,-234.24,-146.4,78.08
-34.16,-58.56,-24.4,48.8,-4.88,-43.92,-112.24,-278.16,-307.44,-229.36,-141.52,87.84
-24.4,-48.8,-24.4,39.04,0,-39.04,-107.36,-268.4,-297.68,-224.48,-126.88,97.6
-43.92,-43.92,0,43.92,-24.4,-24.4,-102.48,-273.28,-287.92,-214.72,-122,92.72
-48.8,-34.16,14.64,43.92,-34.16,-9.76,-117.12,-273.28,-278.16,-200.08,-107.36,92.72
-34.16,-29.28,4.88,34.16,-19.52,-14.64,-107.36,-278.16,-244,-190.32,-102.48,102.48
-34.16,-34.16,0,34.16,-19.52,-19.52,-87.84,-248.88,-219.6,-170.8,-97.6,107.36
-43.92,-39.04,4.88,43.92,-24.4,-19.52,-78.08,-209.84,-204.96,-161.04,-92.72,102.48
-48.8,-19.52,29.28,34.16,-39.04,4.88,-68.32,-185.44,-195.2,-146.4,-92.72,117.12
-43.92,-14.64,29.28,29.28,-39.04,4.88,-48.8,-180.56,-180.56,-131.76,-68.32,117.12
-58.56,0,58.56,29.28,-58.56,29.28,-39.04,-170.8,-170.8,-122,-63.44,117.12
-63.44,19.52,82.96,24.4,-73.2,48.8,-34.16,-151.28,-156.16,-112.24,-63.44,117.12
-58.56,34.16,92.72,14.64,-78.08,63.44,-24.4,-136.64,-126.88,-87.84,-48.8,126.88
-58.56,29.28,87.84,14.64,-73.2,58.56,-19.52,-122,-112.24,-73.2,-34.16,122
-73.2,29.28,102.48,24.4,-87.84,63.44,-14.64,-112.24,-87.84,-68.32,-24.4,131.76
-68.32,43.92,112.24,14.64,-92.72,78.08,-4.88,-97.6,-68.32,-53.68,-9.76,131.76
-68.32,63.44,131.76,4.88,-102.48,97.6,14.64,-82.96,-48.8,-43.92,0,131.76
-68.32,68.32,136.64,0,-102.48,102.48,34.16,-53.68,-34.16,-29.28,-14.64,122
-68.32,73.2,141.52,0,-107.36,107.36,48.8,-24.4,-29.28,-24.4,-14.64,131.76
-58.56,68.32,126.88,-4.88,-92.72,97.6,68.32,24.4,0,0,0,131.76
-53.68,73.2,126.88,-9.76,-92.72,97.6,87.84,78.08,39.04,34.16,4.88,131.76
-34.16,82.96,117.12,-24.4,-78.08,97.6,117.12,185.44,122,87.84,19.52,131.76
-24.4,112.24,136.64,-43.92,-82.96,122,175.68,326.96,248.88,175.68,63.44,146.4
-24.4,146.4,170.8,-58.56,-97.6,156.16,258.64,512.4,390.4,263.52,117.12,156.16
-34.16,190.32,224.48,-78.08,-131.76,204.96,336.72,717.36,561.2,380.64,175.68,185.44
0,239.12,239.12,-117.12,-122,239.12,414.8,917.44,736.88,536.8,273.28,239.12
39.04,273.28,234.24,-156.16,-97.6,253.76,473.36,1068.72,902.8,702.72,390.4,283.04
63.44,287.92,224.48,-175.68,-82.96,253.76,522.16,1161.44,1039.44,844.24,483.12,322.08
78.08,317.2,239.12,-195.2,-82.96,278.16,556.32,1176.08,1185.84,1010.16,595.36,390.4
126.88,400.16,273.28,-263.52,-73.2,336.72,580.72,1190.72,1356.64,1234.64,751.52,488
156.16,488,331.84,-322.08,-87.84,409.92,610,1190.72,1586,1488.4,936.96,595.36
185.44,580.72,395.28,-380.64,-107.36,488,600.24,1171.2,1800.72,1766.56,1141.92,722.24
214.72,688.08,473.36,-448.96,-131.76,580.72,541.68,1161.44,2049.6,2078.88,1385.92,878.4
248.88,805.2,556.32,-527.04,-156.16,678.32,429.44,1073.6,2293.6,2420.48,1644.56,1068.72
322.08,902.8,580.72,-610,-131.76,741.76,248.88,819.84,2415.6,2693.76,1869.04,1205.36
434.32,985.76,551.44,-707.6,-58.56,766.16,34.16,566.08,2444.88,2869.44,2025.2,1322.48
488,1015.04,527.04,-751.52,-19.52,771.04,-117.12,351.36,2400.96,2971.92,2156.96,1429.84
439.2,1005.28,566.08,-722.24,-63.44,785.68,-200.08,122,2269.2,2942.64,2181.36,1468.88
380.64,971.12,590.48,-673.44,-107.36,780.8,-263.52,-34.16,2098.4,2737.68,2054.48,1415.2
326.96,878.4,551.44,-600.24,-112.24,712.48,-336.72,-107.36,1908.08,2444.88,1839.76,1298.08
258.64,756.4,497.76,-507.52,-122,624.64,-419.68,-219.6,1668.96,2108.16,1586,1156.56
180.56,668.56,488,-424.56,-156.16,575.84,-527.04,-419.68,1381.04,1771.44,1342,1019.92
97.6,614.88,517.28,-356.24,-209.84,566.08,-644.16,-614.88,1073.6,1434.72,1122.4,907.68
-9.76,517.28,527.04,-253.76,-268.4,522.16,-722.24,-771.04,766.16,1058.96,873.52,766.16
-126.88,400.16,527.04,-136.64,-326.96,463.6,-741.76,-878.4,439.2,649.04,600.24,590.48
-170.8,297.68,468.48,-63.44,-322.08,380.64,-688.08,-932.08,131.76,297.68,356.24,434.32
-195.2,204.96,400.16,-4.88,-297.68,302.56,-610,-902.8,-92.72,73.2,195.2,336.72
-204.96,175.68,380.64,14.64,-292.8,278.16,-570.96,-863.76,-214.72,-58.56,97.6,273.28
-204.96,175.68,380.64,14.64,-292.8,278.16,-556.32,-810.08,-234.24,-97.6,53.68,239.12
-185.44,165.92,351.36,9.76,-268.4,258.64,-541.68,-712.48,-185.44,-82.96,53.68,248.88
-170.8,161.04,331.84,4.88,-253.76,244,-527.04,-600.24,-156.16,-63.44,68.32,268.4
-151.28,161.04,312.32,-4.88,-234.24,234.24,-463.6,-541.68,-136.64,-43.92,78.08,283.04
-136.64,161.04,297.68,-9.76,-219.6,229.36,-390.4,-492.88,-122,-34.16,78.08,287.92
-131.76,136.64,268.4,0,-200.08,200.08,-317.2,-444.08,-102.48,-34.16,73.2,283.04
-131.76,117.12,248.88,9.76,-190.32,180.56,-244,-380.64,-87.84,-39.04,63.44,268.4
-102.48,112.24,214.72,-4.88,-161.04,161.04,-180.56,-317.2,-63.44,-39.04,63.44,278.16
-73.2,102.48,175.68,-14.64,-126.88,136.64,-141.52,-263.52,-48.8,-29.28,68.32,278.16
-58.56,78.08,136.64,-9.76,-97.6,107.36,-122,-239.12,-39.04,-48.8,53.68,263.52
-53.68,63.44,117.12,-4.88,-87.84,87.84,-112.24,-214.72,-39.04,-63.44,34.16,268.4
-43.92,58.56,102.48,-4.88,-73.2,78.08,-92.72,-200.08,-39.04,-73.2,19.52,263.52
-53.68,39.04,92.72,9.76,-73.2,63.44,-82.96,-185.44,-48.8,-82.96,0,244
-58.56,29.28,87.84,14.64,-73.2,58.56,-78.08,-175.68,-63.44,-97.6,-19.52,224.48
-48.8,29.28,78.08,9.76,-63.44,53.68,-53.68,-165.92,-73.2,-112.24,-29.28,224.48
-48.8,9.76,58.56,19.52,-53.68,34.16,-43.92,-151.28,-78.08,-117.12,-39.04,214.72
-43.92,-14.64,29.28,29.28,-39.04,4.88,-39.04,-146.4,-82.96,-131.76,-48.8,204.96
-34.16,-19.52,14.64,29.28,-24.4,-4.88,-39.04,-136.64,-82.96,-131.76,-48.8,204.96
-29.28,-19.52,9.76,24.4,-19.52,-4.88,-34.16,-131.76,-78.08,-131.76,-48.8,204.96
-29.28,-19.52,9.76,24.4,-19.52,-4.88,-34.16,-136.64,-68.32,-131.76,-48.8,204.96
-39.04,-4.88,34.16,24.4,-39.04,14.64,-43.92,-141.52,-78.08,-136.64,-53.68,204.96
-34.16,-4.88,29.28,19.52,-34.16,9.76,-53.68,-146.4,-78.08,-141.52,-53.68,204.96
-34.16,-4.88,29.28,19.52,-34.16,9.76,-58.56,-146.4,-78.08,-141.52,-53.68,204.96
-34.16,-4.88,29.28,19.52,-34.16,9.76,-58.56,-146.4,-82.96,-146.4,-63.44,195.2
-19.52,-4.88,14.64,14.64,-19.52,4.88,-48.8,-126.88,-82.96,-146.4,-73.2,195.2
-19.52,-4.88,14.64,14.64,-19.52,4.88,-39.04,-122,-82.96,-146.4,-73.2,195.2
-19.52,-9.76,9.76,14.64,-14.64,0,-34.16,-107.36,-82.96,-141.52,-73.2,190.32
-14.64,-9.76,4.88,14.64,-9.76,-4.88,-34.16,-97.6,-78.08,-141.52,-73.2,190.32
-14.64,-19.52,-4.88,19.52,-4.88,-14.64,-29.28,-107.36,-68.32,-151.28,-73.2,200.08
-14.64,-19.52,-4.88,19.52,-4.88,-14.64,-29.28,-107.36,-58.56,-141.52,-63.44,200.08
-19.52,-19.52,0,19.52,-9.76,-9.76,-29.28,-107.36,-53.68,-141.52,-63.44,204.96
-19.52,-19.52,0,19.52,-9.76,-9.76,-29.28,-107.36,-53.68,-141.52,-63.44,204.96
-9.76,-19.52,-9.76,14.64,0,-14.64,-43.92,-97.6,-53.68,-131.76,-53.68,209.84
-9.76,-14.64,-4.88,14.64,-4.88,-9.76,-43.92,-97.6,-53.68,-131.76,-53.68,209.84
-9.76,-14.64,-4.88,14.64,-4.88,-9.76,-39.04,-92.72,-48.8,-126.88,-48.8,209.84
-9.76,-14.64,-4.88,14.64,-4.88,-9.76,-29.28,-87.84,-48.8,-122,-43.92,209.84
0,-14.64,-14.64,9.76,4.88,-14.64,-19.52,-78.08,-39.04,-126.88,-43.92,214.72
0,-24.4,-24.4,14.64,9.76,-24.4,-19.52,-73.2,-34.16,-122,-43.92,214.72
4.88,-14.64,-19.52,4.88,9.76,-19.52,-19.52,-68.32,-29.28,-117.12,-39.04,219.6
4.88,-14.64,-19.52,4.88,9.76,-19.52,-19.52,-63.44,-29.28,-117.12,-39.04,219.6
9.76,-24.4,-34.16,9.76,19.52,-29.28,-29.28,-63.44,-24.4,-102.48,-48.8,219.6
14.64,-24.4,-39.04,4.88,24.4,-34.16,-29.28,-63.44,-19.52,-102.48,-39.04,219.6
29.28,-19.52,-48.8,-4.88,39.04,-34.16,-29.28,-63.44,-19.52,-102.48,-39.04,224.48
34.16,-14.64,-48.8,-9.76,39.04,-34.16,-24.4,-68.32,-19.52,-97.6,-39.04,229.36
14.64,-4.88,-19.52,-4.88,14.64,-14.64,-24.4,-53.68,-4.88,-87.84,-34.16,239.12
4.88,-4.88,-9.76,0,4.88,-9.76,-19.52,-39.04,4.88,-73.2,-19.52,239.12
-4.88,-4.88,0,4.88,-4.88,-4.88,-19.52,-29.28,9.76,-68.32,-14.64,239.12
-14.64,-4.88,9.76,9.76,-14.64,0,-19.52,-19.52,19.52,-58.56,-9.76,239.12
0,-14.64,-14.64,9.76,4.88,-14.64,-19.52,-14.64,24.4,-68.32,-9.76,244
4.88,-14.64,-19.52,4.88,9.76,-19.52,-14.64,-9.76,29.28,-58.56,0,248.88
9.76,-14.64,-24.4,4.88,14.64,-19.52,-14.64,-9.76,39.04,-53.68,0,248.88
14.64,-9.76,-24.4,0,19.52,-19.52,-14.64,-9.76,39.04,-53.68,0,258.64
9.76,-4.88,-14.64,0,9.76,-9.76,-19.52,4.88,29.28,-53.68,-4.88,253.76
9.76,-4.88,-14.64,0,9.76,-9.76,-14.64,4.88,39.04,-53.68,-4.88,253.76
9.76,-4.88,-14.64,0,9.76,-9.76,-14.64,9.76,43.92,-48.8,-4.88,253.76
14.64,4.88,-9.76,-9.76,9.76,-4.88,-14.64,24.4,48.8,-39.04,0,253.76
19.52,4.88,-14.64,-9.76,14.64,-4.88,-14.64,19.52,58.56,-39.04,0,263.52
24.4,4.88,-19.52,-14.64,19.52,-9.76,-14.64,29.28,63.44,-43.92,0,263.52
39.04,9.76,-29.28,-24.4,34.16,-9.76,-14.64,39.04,68.32,-39.04,4.88,263.52
43.92,9.76,-34.16,-24.4,39.04,-14.64,-14.64,53.68,82.96,-39.04,4.88,268.4
39.04,9.76,-29.28,-24.4,34.16,-9.76,-9.76,63.44,92.72,-19.52,24.4,268.4
39.04,9.76,-29.28,-24.4,34.16,-9.76,-9.76,63.44,102.48,-14.64,29.28,268.4
39.04,14.64,-24.4,-24.4,29.28,-4.88,-9.76,73.2,107.36,-9.76,34.16,268.4
34.16,14.64,-19.52,-24.4,24.4,-4.88,-4.88,87.84,112.24,-9.76,39.04,273.28
43.92,14.64,-29.28,-29.28,34.16,-9.76,-4.88,97.6,126.88,4.88,39.04,278.16
48.8,14.64,-34.16,-29.28,39.04,-9.76,-4.88,107.36,136.64,14.64,43.92,283.04
48.8,19.52,-29.28,-34.16,39.04,-4.88,4.88,122,141.52,24.4,48.8,283.04
48.8,19.52,-29.28,-34.16,39.04,-4.88,4.88,131.76,151.28,29.28,53.68,283.04
73.2,24.4,-48.8,-48.8,58.56,-14.64,-4.88,131.76,151.28,24.4,53.68,292.8
78.08,34.16,-43.92,-53.68,58.56,-4.88,-4.88,136.64,161.04,29.28,58.56,292.8
78.08,34.16,-43.92,-53.68,58.56,-4.88,-4.88,146.4,165.92,39.04,58.56,292.8
78.08,34.16,-43.92,-53.68,58.56,-4.88,-4.88,161.04,180.56,53.68,68.32,302.56
82.96,39.04,-43.92,-58.56,63.44,-4.88,0,175.68,195.2,73.2,82.96,317.2
82.96,39.04,-43.92,-58.56,63.44,-4.88,4.88,195.2,200.08,82.96,82.96,322.08
78.08,48.8,-29.28,-63.44,53.68,9.76,19.52,209.84,209.84,82.96,87.84,322.08
82.96,53.68,-29.28,-68.32,53.68,9.76,24.4,224.48,219.6,92.72,97.6,322.08
97.6,58.56,-39.04,-78.08,68.32,9.76,34.16,244,234.24,102.48,102.48,326.96
97.6,58.56,-39.04,-78.08,68.32,9.76,39.04,258.64,248.88,112.24,107.36,331.84
97.6,68.32,-29.28,-82.96,63.44,19.52,48.8,278.16,258.64,122,117.12,336.72
107.36,68.32,-39.04,-87.84,73.2,14.64,53.68,287.92,263.52,136.64,122,346.48
112.24,68.32,-43.92,-87.84,78.08,9.76,53.68,297.68,268.4,146.4,131.76,346.48
126.88,78.08,-48.8,-102.48,87.84,14.64,53.68,312.32,283.04,156.16,136.64,351.36
126.88,87.84,-39.04,-107.36,82.96,24.4,58.56,341.6,297.68,165.92,146.4,361.12
126.88,87.84,-39.04,-107.36,82.96,24.4,63.44,370.88,317.2,180.56,161.04,370.88
141.52,102.48,-39.04,-122,87.84,29.28,58.56,395.28,317.2,195.2,165.92,375.76
146.4,107.36,-39.04,-126.88,92.72,34.16,63.44,405.04,336.72,214.72,180.56,380.64
151.28,112.24,-39.04,-131.76,92.72,34.16,68.32,424.56,351.36,229.36,190.32,395.28
156.16,117.12,-39.04,-136.64,97.6,39.04,68.32,429.44,356.24,239.12,200.08,395.28
156.16,112.24,-43.92,-131.76,97.6,34.16,78.08,463.6,380.64,263.52,219.6,409.92
170.8,126.88,-43.92,-146.4,107.36,39.04,82.96,488,395.28,273.28,234.24,414.8
170.8,136.64,-34.16,-151.28,102.48,48.8,82.96,502.64,405.04,292.8,239.12,414.8
175.68,136.64,-39.04,-156.16,107.36,48.8,92.72,522.16,424.56,302.56,253.76,424.56
180.56,131.76,-48.8,-156.16,112.24,39.04,97.6,551.44,444.08,322.08,263.52,444.08
185.44,136.64,-48.8,-161.04,117.12,43.92,102.48,566.08,458.72,331.84,278.16,448.96
190.32,141.52,-48.8,-165.92,117.12,43.92,107.36,585.6,478.24,351.36,287.92,458.72
195.2,156.16,-39.04,-175.68,117.12,58.56,107.36,595.36,497.76,366,297.68,468.48
204.96,170.8,-34.16,-185.44,117.12,68.32,102.48,614.88,502.64,370.88,297.68,463.6
209.84,170.8,-39.04,-190.32,122,63.44,102.48,624.64,507.52,385.52,302.56,468.48
214.72,175.68,-39.04,-195.2,126.88,68.32,107.36,644.16,517.28,390.4,312.32,478.24
219.6,175.68,-43.92,-195.2,131.76,63.44,112.24,658.8,527.04,409.92,326.96,483.12
214.72,200.08,-14.64,-204.96,112.24,92.72,122,673.44,546.56,429.44,346.48,497.76
214.72,204.96,-9.76,-209.84,112.24,97.6,126.88,688.08,561.2,439.2,351.36,502.64
214.72,209.84,-4.88,-209.84,107.36,102.48,126.88,692.96,575.84,448.96,361.12,517.28
214.72,214.72,0,-214.72,107.36,107.36,131.76,707.6,585.6,463.6,366,522.16
214.72,219.6,4.88,-214.72,102.48,112.24,131.76,727.12,595.36,483.12,375.76,527.04
229.36,224.48,-4.88,-224.48,117.12,107.36,131.76,727.12,605.12,492.88,385.52,531.92
229.36,229.36,0,-229.36,112.24,112.24,131.76,732,610,502.64,390.4,536.8
229.36,229.36,0,-229.36,112.24,112.24,136.64,736.88,610,502.64,395.28,541.68
244,239.12,-4.88,-239.12,122,117.12,136.64,736.88,624.64,497.76,400.16,536.8
244,239.12,-4.88,-239.12,122,117.12,136.64,736.88,629.52,507.52,405.04,536.8
244,244,0,-244,122,122,141.52,736.88,629.52,507.52,405.04,541.68
239.12,244,4.88,-239.12,117.12,122,141.52,727.12,629.52,507.52,409.92,541.68
229.36,253.76,24.4,-239.12,102.48,136.64,141.52,712.48,629.52,527.04,409.92,546.56
219.6,258.64,39.04,-239.12,87.84,146.4,141.52,697.84,629.52,527.04,409.92,546.56
219.6,258.64,39.04,-239.12,87.84,146.4,141.52,688.08,624.64,527.04,409.92,546.56
209.84,253.76,43.92,-229.36,82.96,146.4,141.52,668.56,619.76,527.04,409.92,551.44
190.32,253.76,63.44,-219.6,63.44,156.16,131.76,634.4,605.12,507.52,419.68,551.44
180.56,253.76,73.2,-214.72,53.68,161.04,122,610,590.48,492.88,405.04,541.68
180.56,244,63.44,-209.84,58.56,151.28,122,580.72,580.72,483.12,395.28,531.92
180.56,239.12,58.56,-209.84,58.56,146.4,117.12,546.56,570.96,473.36,385.52,527.04
170.8,229.36,58.56,-200.08,53.68,141.52,107.36,522.16,546.56,453.84,375.76,517.28
170.8,219.6,48.8,-195.2,58.56,131.76,97.6,492.88,522.16,439.2,361.12,507.52
156.16,204.96,48.8,-180.56,53.68,126.88,87.84,468.48,497.76,419.68,341.6,502.64
151.28,195.2,43.92,-170.8,53.68,117.12,78.08,429.44,473.36,395.28,322.08,492.88
136.64,190.32,53.68,-161.04,39.04,122,63.44,390.4,439.2,361.12,297.68,478.24
136.64,190.32,53.68,-161.04,39.04,122,48.8,356.24,414.8,336.72,283.04,458.72
126.88,185.44,58.56,-156.16,34.16,122,34.16,312.32,385.52,312.32,263.52,444.08
112.24,170.8,58.56,-141.52,24.4,112.24,19.52,273.28,361.12,283.04,244,429.44
102.48,156.16,53.68,-126.88,24.4,102.48,19.52,239.12,331.84,263.52,214.72,419.68
87.84,141.52,53.68,-112.24,14.64,97.6,9.76,204.96,302.56,239.12,204.96,414.8
87.84,126.88,39.04,-107.36,24.4,82.96,9.76,170.8,278.16,214.72,190.32,395.28
78.08,112.24,34.16,-92.72,19.52,73.2,0,146.4,248.88,190.32,165.92,385.52
78.08,97.6,19.52,-87.84,29.28,58.56,-14.64,117.12,229.36,175.68,165.92,370.88
73.2,78.08,4.88,-73.2,34.16,39.04,-14.64,87.84,204.96,151.28,146.4,361.12
43.92,73.2,29.28,-58.56,4.88,48.8,-19.52,58.56,185.44,126.88,126.88,346.48
48.8,68.32,19.52,-58.56,14.64,43.92,-24.4,29.28,165.92,107.36,117.12,336.72
34.16,58.56,24.4,-43.92,4.88,39.04,-29.28,0,141.52,82.96,92.72,336.72
19.52,48.8,29.28,-34.16,-4.88,39.04,-34.16,-29.28,122,58.56,78.08,317.2
4.88,43.92,39.04,-24.4,-19.52,39.04,-48.8,-48.8,102.48,43.92,63.44,317.2
-9.76,34.16,43.92,-9.76,-29.28,39.04,-48.8,-68.32,78.08,24.4,53.68,307.44
-4.88,34.16,39.04,-14.64,-24.4,34.16,-53.68,-82.96,53.68,0,39.04,302.56
-9.76,19.52,29.28,-4.88,-19.52,24.4,-53.68,-102.48,34.16,-19.52,24.4,292.8
-9.76,19.52,29.28,-4.88,-19.52,24.4,-58.56,-126.88,19.52,-29.28,14.64,292.8
-14.64,14.64,29.28,0,-24.4,19.52,-63.44,-146.4,4.88,-39.04,4.88,292.8
-19.52,0,19.52,9.76,-19.52,9.76,-73.2,-156.16,-9.76,-43.92,-4.88,268.4
-24.4,-9.76,14.64,19.52,-19.52,0,-78.08,-161.04,-19.52,-53.68,-14.64,268.4
-29.28,-24.4,4.88,29.28,-19.52,-9.76,-82.96,-165.92,-29.28,-63.44,-19.52,268.4
-29.28,-29.28,0,29.28,-14.64,-14.64,-82.96,-170.8,-39.04,-73.2,-29.28,263.52
-14.64,-24.4,-9.76,19.52,-4.88,-19.52,-82.96,-185.44,-48.8,-82.96,-39.04,244
-14.64,-29.28,-14.64,24.4,0,-24.4,-82.96,-190.32,-58.56,-92.72,-43.92,239.12
-24.4,-43.92,-19.52,34.16,-4.88,-34.16,-82.96,-195.2,-63.44,-102.48,-43.92,239.12
-24.4,-43.92,-19.52,34.16,-4.88,-34.16,-82.96,-214.72,-73.2,-102.48,-53.68,234.24
-34.16,-34.16,0,34.16,-19.52,-19.52,-92.72,-224.48,-87.84,-112.24,-53.68,234.24
-34.16,-43.92,-9.76,39.04,-14.64,-29.28,-97.6,-224.48,-87.84,-112.24,-53.68,234.24
-43.92,-43.92,0,43.92,-24.4,-24.4,-97.6,-224.48,-87.84,-117.12,-58.56,234.24
-29.28,-48.8,-19.52,39.04,-4.88,-34.16,-97.6,-229.36,-92.72,-117.12,-58.56,234.24
-43.92,-58.56,-14.64,53.68,-14.64,-39.04,-97.6,-224.48,-82.96,-117.12,-58.56,234.24
-43.92,-58.56,-14.64,53.68,-14.64,-39.04,-97.6,-224.48,-87.84,-117.12,-63.44,229.36
-43.92,-63.44,-19.52,53.68,-14.64,-43.92,-97.6,-219.6,-87.84,-117.12,-63.44,229.36
-43.92,-63.44,-19.52,53.68,-14.64,-43.92,-97.6,-219.6,-87.84,-117.12,-63.44,229.36
-53.68,-68.32,-14.64,63.44,-19.52,-43.92,-87.84,-224.48,-107.36,-122,-73.2,224.48
-53.68,-68.32,-14.64,63.44,-19.52,-43.92,-87.84,-229.36,-107.36,-122,-73.2,214.72
-53.68,-68.32,-14.64,63.44,-19.52,-43.92,-87.84,-229.36,-107.36,-122,-73.2,224.48
-58.56,-68.32,-9.76,63.44,-24.4,-39.04,-87.84,-229.36,-102.48,-126.88,-68.32,224.48
-48.8,-68.32,-19.52,58.56,-14.64,-43.92,-97.6,-229.36,-102.48,-126.88,-68.32,209.84
-43.92,-68.32,-24.4,58.56,-9.76,-48.8,-92.72,-229.36,-102.48,-126.88,-73.2,209.84
-43.92,-68.32,-24.4,58.56,-9.76,-48.8,-92.72,-229.36,-102.48,-126.88,-73.2,209.84
-48.8,-73.2,-24.4,63.44,-14.64,-48.8,-97.6,-229.36,-97.6,-126.88,-73.2,209.84
-58.56,-73.2,-14.64,68.32,-24.4,-43.92,-87.84,-219.6,-97.6,-126.88,-73.2,214.72
-58.56,-68.32,-9.76,63.44,-24.4,-39.04,-87.84,-224.48,-102.48,-126.88,-73.2,214.72
-58.56,-68.32,-9.76,63.44,-24.4,-39.04,-87.84,-224.48,-107.36,-126.88,-73.2,214.72
-58.56,-73.2,-14.64,68.32,-24.4,-43.92,-92.72,-224.48,-107.36,-126.88,-82.96,209.84
-58.56,-73.2,-14.64,68.32,-24.4,-43.92,-82.96,-229.36,-102.48,-126.88,-82.96,214.72
-58.56,-73.2,-14.64,68.32,-24.4,-43.92,-82.96,-224.48,-102.48,-126.88,-78.08,214.72
-58.56,-73.2,-14.64,68.32,-24.4,-43.92,-82.96,-224.48,-102.48,-122,-73.2,219.6
-58.56,-73.2,-14.64,68.32,-24.4,-43.92,-82.96,-229.36,-102.48,-122,-73.2,219.6
-53.68,-73.2,-19.52,63.44,-19.52,-48.8,-92.72,-234.24,-102.48,-122,-82.96,209.84
-53.68,-73.2,-19.52,63.44,-19.52,-48.8,-87.84,-234.24,-102.48,-122,-82.96,209.84
-48.8,-73.2,-24.4,63.44,-14.64,-48.8,-82.96,-229.36,-102.48,-122,-82.96,209.84
-48.8,-78.08,-29.28,63.44,-9.76,-53.68,-82.96,-224.48,-97.6,-122,-82.96,209.84
-53.68,-78.08,-24.4,68.32,-14.64,-53.68,-73.2,-214.72,-107.36,-122,-73.2,209.84
-53.68,-73.2,-19.52,63.44,-19.52,-48.8,-73.2,-214.72,-107.36,-122,-73.2,204.96
-58.56,-73.2,-14.64,68.32,-24.4,-43.92,-78.08,-214.72,-102.48,-117.12,-73.2,204.96
-63.44,-73.2,-9.76,68.32,-29.28,-43.92,-78.08,-209.84,-97.6,-117.12,-73.2,204.96
-63.44,-73.2,-9.76,68.32,-29.28,-43.92,-78.08,-214.72,-107.36,-117.12,-73.2,195.2
-58.56,-73.2,-14.64,68.32,-24.4,-43.92,-73.2,-214.72,-107.36,-117.12,-63.44,200.08
-48.8,-73.2,-24.4,63.44,-14.64,-48.8,-73.2,-214.72,-107.36,-112.24,-63.44,204.96
-43.92,-73.2,-29.28,58.56,-9.76,-53.68,-73.2,-219.6,-112.24,-112.24,-63.44,204.96
-43.92,-73.2,-29.28,58.56,-9.76,-53.68,-73.2,-214.72,-117.12,-102.48,-68.32,204.96
-34.16,-68.32,-34.16,53.68,0,-53.68,-78.08,-214.72,-117.12,-102.48,-68.32,204.96
-48.8,-68.32,-19.52,58.56,-14.64,-43.92,-78.08,-209.84,-107.36,-102.48,-68.32,209.84
-68.32,-68.32,0,68.32,-34.16,-34.16,-78.08,-200.08,-97.6,-97.6,-58.56,214.72
-58.56,-58.56,0,58.56,-29.28,-29.28,-73.2,-204.96,-107.36,-97.6,-58.56,219.6
-58.56,-58.56,0,58.56,-29.28,-29.28,-73.2,-209.84,-112.24,-97.6,-63.44,219.6
-48.8,-53.68,-4.88,53.68,-24.4,-29.28,-73.2,-214.72,-112.24,-97.6,-63.44,219.6
-48.8,-53.68,-4.88,53.68,-24.4,-29.28,-73.2,-214.72,-112.24,-97.6,-58.56,219.6
-58.56,-58.56,0,58.56,-29.28,-29.28,-73.2,-204.96,-112.24,-97.6,-58.56,214.72
-63.44,-68.32,-4.88,68.32,-29.28,-39.04,-73.2,-204.96,-112.24,-102.48,-58.56,214.72
-63.44,-58.56,4.88,63.44,-34.16,-29.28,-73.2,-204.96,-107.36,-102.48,-58.56,214.72
-58.56,-58.56,0,58.56,-29.28,-29.28,-78.08,-204.96,-107.36,-102.48,-58.56,214.72
-43.92,-68.32,-24.4,58.56,-9.76,-48.8,-87.84,-204.96,-112.24,-102.48,-68.32,214.72
-43.92,-68.32,-24.4,58.56,-9.76,-48.8,-82.96,-204.96,-117.12,-97.6,-68.32,214.72
-48.8,-68.32,-19.52,58.56,-14.64,-43.92,-82.96,-204.96,-117.12,-97.6,-63.44,224.48
-48.8,-73.2,-24.4,63.44,-14.64,-48.8,-82.96,-204.96,-117.12,-97.6,-58.56,224.48
-43.92,-63.44,-19.52,53.68,-14.64,-43.92,-82.96,-219.6,-122,-97.6,-48.8,229.36
-43.92,-58.56,-14.64,53.68,-14.64,-39.04,-82.96,-224.48,-122,-97.6,-48.8,229.36
-43.92,-53.68,-9.76,48.8,-19.52,-34.16,-82.96,-224.48,-122,-97.6,-48.8,229.36
-43.92,-53.68,-9.76,48.8,-19.52,-34.16,-87.84,-214.72,-126.88,-97.6,-48.8,229.36
-34.16,-53.68,-19.52,43.92,-9.76,-39.04,-97.6,-214.72,-131.76,-97.6,-58.56,219.6
-34.16,-48.8,-14.64,43.92,-9.76,-34.16,-97.6,-214.72,-131.76,-97.6,-58.56,224.48
-43.92,-48.8,-4.88,48.8,-19.52,-29.28,-97.6,-214.72,-131.76,-97.6,-58.56,224.48
-43.92,-48.8,-4.88,48.8,-19.52,-29.28,-87.84,-214.72,-126.88,-92.72,-58.56,219.6
-34.16,-48.8,-14.64,43.92,-9.76,-34.16,-87.84,-219.6,-126.88,-92.72,-58.56,219.6
-34.16,-48.8,-14.64,43.92,-9.76,-34.16,-87.84,-219.6,-131.76,-97.6,-58.56,224.48
-29.28,-48.8,-19.52,39.04,-4.88,-34.16,-87.84,-219.6,-131.76,-97.6,-58.56,224.48
-19.52,-48.8,-29.28,34.16,4.88,-39.04,-87.84,-219.6,-131.76,-97.6,-58.56,219.6
-19.52,-48.8,-29.28,34.16,4.88,-39.04,-87.84,-224.48,-141.52,-107.36,-63.44,224.48
-19.52,-48.8,-29.28,34.16,4.88,-39.04,-87.84,-229.36,-146.4,-112.24,-63.44,224.48
-24.4,-48.8,-24.4,39.04,0,-39.04,-87.84,-229.36,-151.28,-112.24,-63.44,224.48
-24.4,-48.8,-24.4,39.04,0,-39.04,-87.84,-229.36,-156.16,-107.36,-58.56,229.36
-34.16,-58.56,-24.4,48.8,-4.88,-43.92,-92.72,-229.36,-156.16,-97.6,-58.56,229.36
-39.04,-58.56,-19.52,48.8,-9.76,-39.04,-92.72,-229.36,-156.16,-97.6,-58.56,229.36
-34.16,-58.56,-24.4,48.8,-4.88,-43.92,-92.72,-234.24,-156.16,-102.48,-58.56,229.36
-39.04,-58.56,-19.52,48.8,-9.76,-39.04,-92.72,-234.24,-156.16,-102.48,-58.56,229.36
-34.16,-43.92,-9.76,39.04,-14.64,-29.28,-102.48,-234.24,-161.04,-112.24,-68.32,219.6
-34.16,-43.92,-9.76,39.04,-14.64,-29.28,-102.48,-229.36,-165.92,-112.24,-68.32,224.48
-34.16,-43.92,-9.76,39.04,-14.64,-29.28,-102.48,-229.36,-175.68,-112.24,-68.32,224.48
-34.16,-43.92,-9.76,39.04,-14.64,-29.28,-102.48,-234.24,-180.56,-122,-68.32,224.48
-29.28,-43.92,-14.64,39.04,-9.76,-29.28,-97.6,-244,-190.32,-122,-68.32,224.48
-19.52,-43.92,-24.4,34.16,0,-34.16,-97.6,-244,-190.32,-126.88,-68.32,224.48
-29.28,-43.92,-14.64,39.04,-9.76,-29.28,-97.6,-239.12,-200.08,-126.88,-73.2,219.6
-29.28,-43.92,-14.64,39.04,-9.76,-29.28,-102.48,-239.12,-200.08,-126.88,-78.08,219.6
-19.52,-34.16,-14.64,29.28,-4.88,-24.4,-107.36,-248.88,-209.84,-136.64,-82.96,209.84
-19.52,-34.16,-14.64,29.28,-4.88,-24.4,-107.36,-253.76,-219.6,-146.4,-82.96,209.84
-19.52,-39.04,-19.52,29.28,0,-29.28,-107.36,-258.64,-224.48,-146.4,-82.96,209.84
-19.52,-39.04,-19.52,29.28,0,-29.28,-107.36,-258.64,-224.48,-141.52,-87.84,209.84
-29.28,-48.8,-19.52,39.04,-4.88,-34.16,-107.36,-258.64,-224.48,-136.64,-78.08,209.84
-29.28,-48.8,-19.52,39.04,-4.88,-34.16,-107.36,-263.52,-229.36,-141.52,-78.08,209.84
-29.28,-48.8,-19.52,39.04,-4.88,-34.16,-107.36,-268.4,-234.24,-136.64,-78.08,209.84
-29.28,-48.8,-19.52,39.04,-4.88,-34.16,-107.36,-268.4,-234.24,-126.88,-82.96,209.84
-34.16,-63.44,-29.28,48.8,-4.88,-48.8,-107.36,-253.76,-244,-136.64,-92.72,209.84
-34.16,-63.44,-29.28,48.8,-4.88,-48.8,-97.6,-253.76,-248.88,-141.52,-87.84,214.72
-34.16,-63.44,-29.28,48.8,-4.88,-48.8,-97.6,-263.52,-248.88,-141.52,-87.84,219.6
-34.16,-58.56,-24.4,48.8,-4.88,-43.92,-97.6,-268.4,-253.76,-146.4,-87.84,219.6
-34.16,-48.8,-14.64,43.92,-9.76,-34.16,-117.12,-278.16,-258.64,-146.4,-87.84,209.84
-39.04,-48.8,-9.76,43.92,-14.64,-29.28,-107.36,-278.16,-258.64,-146.4,-87.84,214.72
-39.04,-48.8,-9.76,43.92,-14.64,-29.28,-107.36,-278.16,-263.52,-151.28,-92.72,214.72
-39.04,-53.68,-14.64,48.8,-14.64,-34.16,-107.36,-287.92,-263.52,-156.16,-102.48,214.72
-29.28,-53.68,-24.4,43.92,-4.88,-39.04,-112.24,-287.92,-268.4,-161.04,-102.48,209.84
-29.28,-53.68,-24.4,43.92,-4.88,-39.04,-112.24,-283.04,-273.28,-170.8,-102.48,209.84
-29.28,-53.68,-24.4,43.92,-4.88,-39.04,-112.24,-283.04,-287.92,-180.56,-107.36,209.84
-29.28,-53.68,-24.4,43.92,-4.88,-39.04,-112.24,-283.04,-292.8,-185.44,-112.24,209.84
-29.28,-63.44,-34.16,48.8,0,-48.8,-122,-273.28,-292.8,-180.56,-102.48,204.96
-34.16,-63.44,-29.28,48.8,-4.88,-48.8,-122,-283.04,-297.68,-175.68,-102.48,204.96
-34.16,-63.44,-29.28,48.8,-4.88,-48.8,-122,-283.04,-297.68,-175.68,-102.48,204.96
-19.52,-63.44,-43.92,43.92,9.76,-53.68,-122,-287.92,-297.68,-170.8,-107.36,195.2
-29.28,-63.44,-34.16,48.8,0,-48.8,-117.12,-283.04,-312.32,-175.68,-117.12,190.32
-34.16,-63.44,-29.28,48.8,-4.88,-48.8,-117.12,-283.04,-312.32,-175.68,-112.24,190.32
-34.16,-63.44,-29.28,48.8,-4.88,-48.8,-117.12,-287.92,-312.32,-175.68,-112.24,200.08
-34.16,-63.44,-29.28,48.8,-4.88,-48.8,-117.12,-287.92,-317.2,-175.68,-112.24,209.84
-24.4,-63.44,-39.04,43.92,4.88,-53.68,-107.36,-297.68,-317.2,-180.56,-102.48,200.08
-24.4,-63.44,-39.04,43.92,4.88,-53.68,-112.24,-302.56,-317.2,-180.56,-112.24,195.2
-24.4,-63.44,-39.04,43.92,4.88,-53.68,-112.24,-307.44,-322.08,-180.56,-112.24,195.2
-29.28,-63.44,-34.16,48.8,0,-48.8,-107.36,-307.44,-322.08,-180.56,-107.36,200.08
-29.28,-73.2,-43.92,53.68,4.88,-58.56,-117.12,-292.8,-331.84,-190.32,-117.12,209.84
-29.28,-73.2,-43.92,53.68,4.88,-58.56,-117.12,-292.8,-331.84,-190.32,-117.12,209.84
-29.28,-73.2,-43.92,53.68,4.88,-58.56,-117.12,-292.8,-331.84,-190.32,-117.12,204.96
-29.28,-78.08,-48.8,53.68,9.76,-63.44,-117.12,-292.8,-331.84,-195.2,-117.12,200.08
-24.4,-68.32,-43.92,48.8,9.76,-58.56,-107.36,-302.56,-331.84,-185.44,-117.12,200.08
-24.4,-68.32,-43.92,48.8,9.76,-58.56,-107.36,-312.32,-336.72,-190.32,-117.12,195.2
-24.4,-68.32,-43.92,48.8,9.76,-58.56,-107.36,-312.32,-336.72,-195.2,-122,195.2
-19.52,-68.32,-48.8,43.92,14.64,-58.56,-107.36,-312.32,-336.72,-195.2,-122,209.84
-29.28,-68.32,-39.04,48.8,4.88,-53.68,-122,-302.56,-346.48,-180.56,-112.24,200.08
-39.04,-68.32,-29.28,53.68,-4.88,-48.8,-122,-302.56,-346.48,-180.56,-117.12,200.08
-43.92,-73.2,-29.28,58.56,-9.76,-53.68,-122,-302.56,-346.48,-185.44,-117.12,200.08
-43.92,-73.2,-29.28,58.56,-9.76,-53.68,-117.12,-302.56,-346.48,-185.44,-112.24,200.08
-43.92,-63.44,-19.52,53.68,-14.64,-43.92,-117.12,-302.56,-346.48,-195.2,-122,200.08
-43.92,-58.56,-14.64,53.68,-14.64,-39.04,-117.12,-307.44,-351.36,-195.2,-122,195.2
-39.04,-58.56,-19.52,48.8,-9.76,-39.04,-122,-307.44,-356.24,-195.2,-122,195.2
-39.04,-58.56,-19.52,48.8,-9.76,-39.04,-122,-307.44,-356.24,-204.96,-122,195.2
-48.8,-58.56,-9.76,53.68,-19.52,-34.16,-112.24,-307.44,-361.12,-195.2,-112.24,195.2
-48.8,-58.56,-9.76,53.68,-19.52,-34.16,-112.24,-307.44,-361.12,-195.2,-112.24,195.2
-39.04,-58.56,-19.52,48.8,-9.76,-39.04,-112.24,-307.44,-361.12,-195.2,-112.24,195.2
-39.04,-58.56,-19.52,48.8,-9.76,-39.04,-112.24,-312.32,-361.12,-195.2,-117.12,185.44
-29.28,-68.32,-39.04,48.8,4.88,-53.68,-122,-302.56,-375.76,-195.2,-126.88,185.44
-29.28,-68.32,-39.04,48.8,4.88,-53.68,-122,-302.56,-375.76,-195.2,-126.88,190.32
-29.28,-68.32,-39.04,48.8,4.88,-53.68,-122,-302.56,-375.76,-195.2,-126.88,190.32
-29.28,-73.2,-43.92,53.68,4.88,-58.56,-122,-302.56,-385.52,-195.2,-126.88,190.32
-39.04,-78.08,-39.04,58.56,0,-58.56,-112.24,-292.8,-375.76,-195.2,-126.88,200.08
-39.04,-78.08,-39.04,58.56,0,-58.56,-112.24,-292.8,-375.76,-195.2,-122,200.08
-39.04,-78.08,-39.04,58.56,0,-58.56,-112.24,-297.68,-385.52,-200.08,-122,200.08
-39.04,-73.2,-34.16,58.56,-4.88,-53.68,-112.24,-297.68,-385.52,-200.08,-122,200.08
-29.28,-63.44,-34.16,48.8,0,-48.8,-112.24,-307.44,-395.28,-200.08,-122,195.2
-29.28,-63.44,-34.16,48.8,0,-48.8,-117.12,-307.44,-395.28,-200.08,-122,195.2
-29.28,-63.44,-34.16,48.8,0,-48.8,-117.12,-307.44,-395.28,-200.08,-122,195.2
-29.28,-63.44,-34.16,48.8,0,-48.8,-117.12,-307.44,-395.28,-195.2,-122,195.2
-39.04,-73.2,-34.16,58.56,-4.88,-53.68,-117.12,-302.56,-385.52,-195.2,-122,195.2
-48.8,-73.2,-24.4,63.44,-14.64,-48.8,-117.12,-302.56,-390.4,-200.08,-126.88,195.2
-39.04,-73.2,-34.16,58.56,-4.88,-53.68,-117.12,-302.56,-390.4,-200.08,-126.88,195.2
-39.04,-78.08,-39.04,58.56,0,-58.56,-117.12,-302.56,-390.4,-200.08,-122,190.32
-48.8,-78.08,-29.28,63.44,-9.76,-53.68,-112.24,-292.8,-400.16,-200.08,-122,200.08
-58.56,-78.08,-19.52,68.32,-19.52,-48.8,-112.24,-292.8,-395.28,-200.08,-117.12,204.96
-43.92,-78.08,-34.16,63.44,-4.88,-58.56,-112.24,-297.68,-395.28,-200.08,-117.12,204.96
-39.04,-78.08,-39.04,58.56,0,-58.56,-117.12,-302.56,-405.04,-200.08,-126.88,200.08
-39.04,-63.44,-24.4,53.68,-9.76,-43.92,-117.12,-302.56,-414.8,-214.72,-126.88,190.32
-39.04,-63.44,-24.4,53.68,-9.76,-43.92,-117.12,-302.56,-414.8,-214.72,-122,190.32
-39.04,-63.44,-24.4,53.68,-9.76,-43.92,-117.12,-302.56,-414.8,-214.72,-122,190.32
-43.92,-63.44,-19.52,53.68,-14.64,-43.92,-112.24,-297.68,-414.8,-219.6,-122,190.32
-43.92,-82.96,-39.04,63.44,-4.88,-63.44,-112.24,-292.8,-405.04,-209.84,-122,190.32
-43.92,-73.2,-29.28,58.56,-9.76,-53.68,-112.24,-292.8,-405.04,-209.84,-122,190.32
-43.92,-73.2,-29.28,58.56,-9.76,-53.68,-112.24,-302.56,-414.8,-209.84,-122,195.2
-43.92,-73.2,-29.28,58.56,-9.76,-53.68,-112.24,-302.56,-405.04,-204.96,-122,195.2
-43.92,-87.84,-43.92,68.32,0,-68.32,-102.48,-287.92,-405.04,-204.96,-122,195.2
-34.16,-87.84,-53.68,63.44,9.76,-73.2,-107.36,-287.92,-409.92,-209.84,-126.88,195.2
-43.92,-82.96,-39.04,63.44,-4.88,-63.44,-107.36,-283.04,-409.92,-209.84,-126.88,200.08
-48.8,-82.96,-34.16,68.32,-9.76,-58.56,-102.48,-273.28,-409.92,-200.08,-122,204.96
-43.92,-78.08,-34.16,63.44,-4.88,-58.56,-112.24,-287.92,-419.68,-209.84,-126.88,200.08
-43.92,-78.08,-34.16,63.44,-4.88,-58.56,-112.24,-292.8,-424.56,-214.72,-126.88,195.2
-39.04,-78.08,-39.04,58.56,0,-58.56,-112.24,-297.68,-424.56,-214.72,-126.88,190.32
-39.04,-78.08,-39.04,58.56,0,-58.56,-112.24,-302.56,-424.56,-214.72,-131.76,175.68
-48.8,-68.32,-19.52,58.56,-14.64,-43.92,-112.24,-292.8,-424.56,-214.72,-122,180.56
-48.8,-68.32,-19.52,58.56,-14.64,-43.92,-112.24,-292.8,-424.56,-209.84,-122,185.44
-48.8,-68.32,-19.52,58.56,-14.64,-43.92,-112.24,-297.68,-424.56,-209.84,-122,190.32
-43.92,-68.32,-24.4,58.56,-9.76,-48.8,-112.24,-297.68,-424.56,-209.84,-126.88,190.32
-43.92,-73.2,-29.28,58.56,-9.76,-53.68,-112.24,-287.92,-434.32,-214.72,-126.88,180.56
-43.92,-78.08,-34.16,63.44,-4.88,-58.56,-112.24,-287.92,-434.32,-214.72,-122,190.32
-43.92,-82.96,-39.04,63.44,-4.88,-63.44,-112.24,-287.92,-434.32,-214.72,-122,190.32
-43.92,-87.84,-43.92,68.32,0,-68.32,-112.24,-287.92,-439.2,-214.72,-122,190.32
-34.16,-78.08,-43.92,58.56,4.88,-63.44,-112.24,-283.04,-439.2,-214.72,-131.76,190.32
-34.16,-78.08,-43.92,58.56,4.88,-63.44,-112.24,-283.04,-439.2,-214.72,-131.76,185.44
-34.16,-87.84,-53.68,63.44,9.76,-73.2,-112.24,-287.92,-439.2,-214.72,-126.88,180.56
-34.16,-78.08,-43.92,58.56,4.88,-63.44,-112.24,-287.92,-439.2,-214.72,-126.88,175.68
-48.8,-78.08,-29.28,63.44,-9.76,-53.68,-102.48,-287.92,-439.2,-214.72,-126.88,185.44
-53.68,-78.08,-24.4,68.32,-14.64,-53.68,-102.48,-287.92,-444.08,-214.72,-126.88,180.56
-53.68,-78.08,-24.4,68.32,-14.64,-53.68,-102.48,-287.92,-444.08,-214.72,-126.88,175.68
-48.8,-78.08,-29.28,63.44,-9.76,-53.68,-102.48,-287.92,-444.08,-214.72,-126.88,175.68
-43.92,-87.84,-43.92,68.32,0,-68.32,-102.48,-278.16,-444.08,-224.48,-126.88,165.92
-43.92,-87.84,-43.92,68.32,0,-68.32,-107.36,-283.04,-453.84,-224.48,-126.88,156.16
-43.92,-82.96,-39.04,63.44,-4.88,-63.44,-107.36,-283.04,-453.84,-224.48,-126.88,165.92
-39.04,-82.96,-43.92,63.44,0,-63.44,-107.36,-283.04,-444.08,-224.48,-126.88,175.68
-39.04,-92.72,-53.68,68.32,4.88,-73.2,-107.36,-278.16,-453.84,-214.72,-126.88,175.68
-29.28,-73.2,-43.92,53.68,4.88,-58.56,-107.36,-278.16,-458.72,-219.6,-131.76,170.8
-39.04,-82.96,-43.92,63.44,0,-63.44,-102.48,-273.28,-453.84,-219.6,-126.88,175.68
-48.8,-78.08,-29.28,63.44,-9.76,-53.68,-107.36,-273.28,-448.96,-214.72,-126.88,175.68
-39.04,-68.32,-29.28,53.68,-4.88,-48.8,-107.36,-273.28,-453.84,-214.72,-126.88,165.92
-39.04,-68.32,-29.28,53.68,-4.88,-48.8,-107.36,-273.28,-458.72,-214.72,-126.88,165.92
-39.04,-68.32,-29.28,53.68,-4.88,-48.8,-107.36,-273.28,-463.6,-214.72,-126.88,165.92
-39.04,-68.32,-29.28,53.68,-4.88,-48.8,-107.36,-273.28,-468.48,-214.72,-126.88,165.92
-39.04,-78.08,-39.04,58.56,0,-58.56,-107.36,-273.28,-468.48,-214.72,-136.64,156.16
-39.04,-78.08,-39.04,58.56,0,-58.56,-107.36,-273.28,-468.48,-214.72,-136.64,156.16
-39.04,-78.08,-39.04,58.56,0,-58.56,-107.36,-273.28,-468.48,-214.72,-136.64,156.16
-39.04,-78.08,-39.04,58.56,0,-58.56,-107.36,-273.28,-468.48,-214.72,-136.64,156.16
-39.04,-78.08,-39.04,58.56,0,-58.56,-97.6,-273.28,-468.48,-224.48,-136.64,165.92
-39.04,-78.08,-39.04,58.56,0,-58.56,-97.6,-273.28,-468.48,-224.48,-136.64,165.92
-39.04,-78.08,-39.04,58.56,0,-58.56,-97.6,-273.28,-468.48,-224.48,-136.64,165.92
-39.04,-78.08,-39.04,58.56,0,-58.56,-97.6,-273.28,-468.48,-224.48,-136.64,165.92
-39.04,-87.84,-48.8,63.44,4.88,-68.32,-107.36,-273.28,-478.24,-214.72,-136.64,156.16
-39.04,-87.84,-48.8,63.44,4.88,-68.32,-107.36,-273.28,-478.24,-214.72,-136.64,156.16
-39.04,-87.84,-48.8,63.44,4.88,-68.32,-107.36,-273.28,-478.24,-214.72,-136.64,156.16
-39.04,-87.84,-48.8,63.44,4.88,-68.32,-107.36,-273.28,-478.24,-214.72,-136.64,156.16
-39.04,-78.08,-39.04,58.56,0,-58.56,-97.6,-268.4,-488,-224.48,-146.4,146.4
-39.04,-78.08,-39.04,58.56,0,-58.56,-97.6,-263.52,-488,-224.48,-146.4,146.4
-39.04,-78.08,-39.04,58.56,0,-58.56,-97.6,-258.64,-488,-224.48,-146.4,146.4
-39.04,-78.08,-39.04,58.56,0,-58.56,-97.6,-253.76,-488,-224.48,-146.4,146.4
-39.04,-68.32,-29.28,53.68,-4.88,-48.8,-97.6,-263.52,-497.76,-224.48,-146.4,136.64
-39.04,-68.32,-29.28,53.68,-4.88,-48.8,-97.6,-263.52,-497.76,-224.48,-146.4,136.64
-39.04,-68.32,-29.28,53.68,-4.88,-48.8,-97.6,-263.52,-497.76,-224.48,-146.4,136.64
-39.04,-68.32,-29.28,53.68,-4.88,-48.8,-97.6,-263.52,-497.76,-224.48,-146.4,136.64
-39.04,-73.2,-34.16,58.56,-4.88,-53.68,-97.6,-263.52,-497.76,-214.72,-136.64,136.64
-39.04,-78.08,-39.04,58.56,0,-58.56,-97.6,-263.52,-497.76,-214.72,-136.64,136.64
-39.04,-82.96,-43.92,63.44,0,-63.44,-97.6,-263.52,-497.76,-214.72,-136.64,136.64
-39.04,-87.84,-48.8,63.44,4.88,-68.32,-97.6,-263.52,-497.76,-214.72,-136.64,136.64
-39.04,-87.84,-48.8,63.44,4.88,-68.32,-87.84,-253.76,-507.52,-224.48,-146.4,136.64
-39.04,-87.84,-48.8,63.44,4.88,-68.32,-87.84,-253.76,-507.52,-224.48,-146.4,136.64
-39.04,-87.84,-48.8,63.44,4.88,-68.32,-87.84,-253.76,-507.52,-224.48,-146.4,136.64
-39.04,-87.84,-48.8,63.44,4.88,-68.32,-87.84,-253.76,-507.52,-224.48,-146.4,136.64
-39.04,-78.08,-39.04,58.56,0,-58.56,-87.84,-253.76,-507.52,-224.48,-146.4,126.88
-39.04,-78.08,-39.04,58.56,0,-58.56,-87.84,-253.76,-507.52,-224.48,-146.4,126.88
-39.04,-78.08,-39.04,58.56,0,-58.56,-87.84,-253.76,-507.52,-224.48,-146.4,126.88
-39.04,-78.08,-39.04,58.56,0,-58.56,-87.84,-253.76,-507.52,-224.48,-146.4,126.88
-39.04,-87.84,-48.8,63.44,4.88,-68.32,-87.84,-253.76,-507.52,-214.72,-146.4,126.88
-39.04,-87.84,-48.8,63.44,4.88,-68.32,-87.84,-253.76,-507.52,-214.72,-146.4,126.88
-39.04,-87.84,-48.8,63.44,4.88,-68.32,-87.84,-253.76,-507.52,-214.72,-146.4,126.88
-39.04,-87.84,-48.8,63.44,4.88,-68.32,-87.84,-253.76,-507.52,-214.72,-146.4,126.88
-48.8,-78.08,-29.28,63.44,-9.76,-53.68,-87.84,-253.76,-517.28,-224.48,-156.16,117.12
-48.8,-78.08,-29.28,63.44,-9.76,-53.68,-87.84,-253.76,-517.28,-224.48,-156.16,117.12
-48.8,-78.08,-29.28,63.44,-9.76,-53.68,-87.84,-253.76,-517.28,-224.48,-156.16,117.12
-48.8,-78.08,-29.28,63.44,-9.76,-53.68,-87.84,-253.76,-517.28,-224.48,-156.16,117.12
-43.92,-78.08,-34.16,63.44,-4.88,-58.56,-87.84,-253.76,-527.04,-224.48,-156.16,107.36
-39.04,-78.08,-39.04,58.56,0,-58.56,-87.84,-253.76,-527.04,-224.48,-156.16,107.36
-34.16,-78.08,-43.92,58.56,4.88,-63.44,-87.84,-253.76,-527.04,-224.48,-156.16,107.36
-29.28,-78.08,-48.8,53.68,9.76,-63.44,-87.84,-253.76,-527.04,-224.48,-156.16,107.36
-39.04,-87.84,-48.8,63.44,4.88,-68.32,-78.08,-244,-536.8,-214.72,-146.4,107.36
-39.04,-87.84,-48.8,63.44,4.88,-68.32,-78.08,-244,-536.8,-214.72,-146.4,107.36
-39.04,-87.84,-48.8,63.44,4.88,-68.32,-78.08,-244,-536.8,-214.72,-146.4,107.36
-39.04,-87.84,-48.8,63.44,4.88,-68.32,-78.08,-244,-536.8,-214.72,-146.4,107.36
-48.8,-87.84,-39.04,68.32,-4.88,-63.44,-87.84,-244,-527.04,-224.48,-146.4,97.6
-48.8,-87.84,-39.04,68.32,-4.88,-63.44,-87.84,-244,-527.04,-224.48,-146.4,97.6
-48.8,-87.84,-39.04,68.32,-4.88,-63.44,-87.84,-244,-527.04,-224.48,-146.4,97.6
-48.8,-87.84,-39.04,68.32,-4.88,-63.44,-87.84,-244,-527.04,-224.48,-146.4,97.6
-48.8,-87.84,-39.04,68.32,-4.88,-63.44,-78.08,-244,-536.8,-214.72,-156.16,97.6
-48.8,-87.84,-39.04,68.32,-4.88,-63.44,-78.08,-244,-536.8,-214.72,-156.16,97.6
-48.8,-87.84,-39.04,68.32,-4.88,-63.44,-78.08,-244,-536.8,-214.72,-156.16,97.6
-48.8,-87.84,-39.04,68.32,-4.88,-63.44,-78.08,-244,-536.8,-214.72,-156.16,97.6
-39.04,-78.08,-39.04,58.56,0,-58.56,-78.08,-244,-546.56,-214.72,-156.16,87.84
-39.04,-78.08,-39.04,58.56,0,-58.56,-78.08,-244,-546.56,-214.72,-156.16,87.84
-39.04,-78.08,-39.04,58.56,0,-58.56,-78.08,-244,-546.56,-214.72,-156.16,87.84
-39.04,-78.08,-39.04,58.56,0,-58.56,-78.08,-244,-546.56,-214.72,-156.16,87.84
-29.28,-78.08,-48.8,53.68,9.76,-63.44,-78.08,-244,-536.8,-214.72,-156.16,78.08
-29.28,-78.08,-48.8,53.68,9.76,-63.44,-78.08,-244,-536.8,-214.72,-156.16,78.08
-29.28,-78.08,-48.8,53.68,9.76,-63.44,-78.08,-244,-536.8,-214.72,-156.16,78.08
-29.28,-78.08,-48.8,53.68,9.76,-63.44,-78.08,-244,-536.8,-214.72,-156.16,78.08
-39.04,-68.32,-29.28,53.68,-4.88,-48.8,-68.32,-244,-536.8,-214.72,-156.16,68.32
-39.04,-68.32,-29.28,53.68,-4.88,-48.8,-68.32,-244,-536.8,-214.72,-156.16,68.32
-39.04,-68.32,-29.28,53.68,-4.88,-48.8,-68.32,-244,-536.8,-214.72,-156.16,68.32
-39.04,-68.32,-29.28,53.68,-4.88,-48.8,-68.32,-244,-536.8,-214.72,-156.16,68.32
-29.28,-78.08,-48.8,53.68,9.76,-63.44,-78.08,-244,-546.56,-214.72,-165.92,68.32
-29.28,-78.08,-48.8,53.68,9.76,-63.44,-78.08,-244,-546.56,-214.72,-165.92,68.32
-29.28,-78.08,-48.8,53.68,9.76,-63.44,-78.08,-244,-546.56,-214.72,-165.92,68.32
-29.28,-78.08,-48.8,53.68,9.76,-63.44,-78.08,-244,-546.56,-214.72,-165.92,68.32
-34.16,-78.08,-43.92,58.56,4.88,-63.44,-78.08,-239.12,-536.8,-214.72,-156.16,68.32
-39.04,-78.08,-39.04,58.56,0,-58.56,-78.08,-234.24,-536.8,-214.72,-156.16,68.32
-43.92,-78.08,-34.16,63.44,-4.88,-58.56,-78.08,-229.36,-536.8,-214.72,-156.16,68.32
-48.8,-78.08,-29.28,63.44,-9.76,-53.68,-78.08,-224.48,-536.8,-214.72,-156.16,68.32
-39.04,-78.08,-39.04,58.56,0,-58.56,-68.32,-224.48,-527.04,-204.96,-156.16,58.56
-39.04,-78.08,-39.04,58.56,0,-58.56,-68.32,-224.48,-527.04,-204.96,-156.16,58.56
-39.04,-78.08,-39.04,58.56,0,-58.56,-68.32,-224.48,-527.04,-204.96,-156.16,58.56
-39.04,-78.08,-39.04,58.56,0,-58.56,-68.32,-224.48,-527.04,-204.96,-156.16,58.56
-39.04,-68.32,-29.28,53.68,-4.88,-48.8,-78.08,-234.24,-536.8,-214.72,-165.92,48.8
-39.04,-68.32,-29.28,53.68,-4.88,-48.8,-78.08,-234.24,-536.8,-214.72,-165.92,48.8
-39.04,-68.32,-29.28,53.68,-4.88,-48.8,-78.08,-234.24,-536.8,-214.72,-165.92,48.8
-39.04,-68.32,-29.28,53.68,-4.88,-48.8,-78.08,-234.24,-536.8,-214.72,-165.92,48.8
-39.04,-78.08,-39.04,58.56,0,-58.56,-68.32,-224.48,-527.04,-214.72,-165.92,48.8
-39.04,-78.08,-39.04,58.56,0,-58.56,-68.32,-224.48,-527.04,-214.72,-165.92,48.8
-39.04,-78.08,-39.04,58.56,0,-58.56,-68.32,-224.48,-527.04,-214.72,-165.92,48.8
-39.04,-78.08,-39.04,58.56,0,-58.56,-68.32,-224.48,-527.04,-214.72,-165.92,48.8
-39.04,-87.84,-48.8,63.44,4.88,-68.32,-58.56,-224.48,-517.28,-204.96,-175.68,39.04
-39.04,-87.84,-48.8,63.44,4.88,-68.32,-58.56,-224.48,-517.28,-204.96,-175.68,39.04
-39.04,-87.84,-48.8,63.44,4.88,-68.32,-58.56,-224.48,-517.28,-204.96,-175.68,39.04
-39.04,-87.84,-48.8,63.44,4.88,-68.32,-58.56,-224.48,-517.28,-204.96,-175.68,39.04
-39.04,-78.08,-39.04,58.56,0,-58.56,-68.32,-234.24,-517.28,-204.96,-165.92,34.16
-39.04,-78.08,-39.04,58.56,0,-58.56,-68.32,-234.24,-517.28,-204.96,-165.92,29.28
-39.04,-78.08,-39.04,58.56,0,-58.56,-68.32,-234.24,-517.28,-204.96,-165.92,24.4
-39.04,-78.08,-39.04,58.56,0,-58.56,-68.32,-234.24,-517.28,-204.96,-165.92,19.52
-39.04,-78.08,-39.04,58.56,0,-58.56,-68.32,-224.48,-507.52,-204.96,-175.68,19.52
-39.04,-78.08,-39.04,58.56,0,-58.56,-68.32,-224.48,-507.52,-204.96,-175.68,19.52
-39.04,-78.08,-39.04,58.56,0,-58.56,-68.32,-224.48,-507.52,-204.96,-175.68,19.52
-39.04,-78.08,-39.04,58.56,0,-58.56,-68.32,-224.48,-507.52,-204.96,-175.68,19.52
-39.04,-78.08,-39.04,58.56,0,-58.56,-68.32,-224.48,-497.76,-204.96,-175.68,19.52
-39.04,-78.08,-39.04,58.56,0,-58.56,-68.32,-224.48,-497.76,-204.96,-175.68,19.52
-39.04,-78.08,-39.04,58.56,0,-58.56,-68.32,-224.48,-497.76,-204.96,-175.68,19.52
-39.04,-78.08,-39.04,58.56,0,-58.56,-68.32,-224.48,-497.76,-204.96,-175.68,19.52
-39.04,-78.08,-39.04,58.56,0,-58.56,-68.32,-224.48,-497.76,-204.96,-175.68,9.76
-39.04,-78.08,-39.04,58.56,0,-58.56,-68.32,-224.48,-497.76,-204.96,-175.68,9.76
-39.04,-78.08,-39.04,58.56,0,-58.56,-68.32,-224.48,-497.76,-204.96,-175.68,9.76
-39.04,-78.08,-39.04,58.56,0,-58.56,-68.32,-224.48,-497.76,-204.96,-175.68,9.76
-39.04,-78.08,-39.04,58.56,0,-58.56,-58.56,-214.72,-488,-204.96,-175.68,0
-39.04,-78.08,-39.04,58.56,0,-58.56,-58.56,-214.72,-488,-204.96,-175.68,0
-39.04,-78.08,-39.04,58.56,0,-58.56,-58.56,-214.72,-488,-204.96,-175.68,0
-39.04,-78.08,-39.04,58.56,0,-58.56,-58.56,-214.72,-488,-204.96,-175.68,0
-39.04,-78.08,-39.04,58.56,0,-58.56,-58.56,-214.72,-478.24,-204.96,-175.68,-9.76
-39.04,-78.08,-39.04,58.56,0,-58.56,-58.56,-214.72,-478.24,-204.96,-175.68,-9.76
-39.04,-78.08,-39.04,58.56,0,-58.56,-58.56,-214.72,-478.24,-204.96,-175.68,-9.76
-39.04,-78.08,-39.04,58.56,0,-58.56,-58.56,-214.72,-478.24,-204.96,-175.68,-9.76
-39.04,-78.08,-39.04,58.56,0,-58.56,-58.56,-204.96,-468.48,-204.96,-175.68,-19.52
-39.04,-78.08,-39.04,58.56,0,-58.56,-58.56,-204.96,-468.48,-204.96,-175.68,-19.52
-39.04,-78.08,-39.04,58.56,0,-58.56,-58.56,-204.96,-468.48,-204.96,-175.68,-19.52
-39.04,-78.08,-39.04,58.56,0,-58.56,-58.56,-204.96,-468.48,-204.96,-175.68,-19.52
-39.04,-68.32,-29.28,53.68,-4.88,-48.8,-58.56,-204.96,-458.72,-214.72,-185.44,-19.52
-39.04,-68.32,-29.28,53.68,-4.88,-48.8,-58.56,-204.96,-458.72,-214.72,-185.44,-19.52
-39.04,-68.32,-29.28,53.68,-4.88,-48.8,-58.56,-204.96,-458.72,-214.72,-185.44,-19.52
-39.04,-68.32,-29.28,53.68,-4.88,-48.8,-58.56,-204.96,-458.72,-214.72,-185.44,-19.52
-39.04,-78.08,-39.04,58.56,0,-58.56,-58.56,-204.96,-448.96,-204.96,-175.68,-29.28
-39.04,-78.08,-39.04,58.56,0,-58.56,-58.56,-204.96,-448.96,-204.96,-175.68,-29.28
-39.04,-78.08,-39.04,58.56,0,-58.56,-58.56,-204.96,-448.96,-204.96,-175.68,-29.28
-39.04,-78.08,-39.04,58.56,0,-58.56,-58.56,-204.96,-448.96,-204.96,-175.68,-29.28
-29.28,-78.08,-48.8,53.68,9.76,-63.44,-58.56,-204.96,-448.96,-204.96,-185.44,-39.04
-29.28,-78.08,-48.8,53.68,9.76,-63.44,-58.56,-204.96,-448.96,-204.96,-185.44,-39.04
-29.28,-78.08,-48.8,53.68,9.76,-63.44,-58.56,-204.96,-448.96,-204.96,-185.44,-39.04
-29.28,-78.08,-48.8,53.68,9.76,-63.44,-58.56,-204.96,-448.96,-204.96,-185.44,-39.04
-39.04,-78.08,-39.04,58.56,0,-58.56,-48.8,-200.08,-444.08,-204.96,-185.44,-39.04
-39.04,-78.08,-39.04,58.56,0,-58.56,-48.8,-195.2,-439.2,-204.96,-185.44,-39.04
-34.16,-78.08,-43.92,58.56,4.88,-63.44,-48.8,-190.32,-429.44,-204.96,-185.44,-39.04
-34.16,-78.08,-43.92,58.56,4.88,-63.44,-48.8,-190.32,-424.56,-204.96,-185.44,-43.92
-34.16,-82.96,-48.8,58.56,4.88,-68.32,-58.56,-190.32,-414.8,-204.96,-185.44,-43.92
-34.16,-82.96,-48.8,58.56,4.88,-68.32,-58.56,-190.32,-414.8,-204.96,-185.44,-43.92
-39.04,-82.96,-43.92,63.44,0,-63.44,-58.56,-190.32,-414.8,-204.96,-185.44,-43.92
-39.04,-82.96,-43.92,63.44,0,-63.44,-58.56,-185.44,-419.68,-204.96,-185.44,-43.92
-24.4,-78.08,-53.68,53.68,14.64,-68.32,-58.56,-185.44,-409.92,-214.72,-195.2,-43.92
-24.4,-78.08,-53.68,53.68,14.64,-68.32,-58.56,-185.44,-405.04,-209.84,-195.2,-48.8
-24.4,-82.96,-58.56,53.68,14.64,-73.2,-58.56,-185.44,-405.04,-209.84,-195.2,-53.68
-24.4,-82.96,-58.56,53.68,14.64,-73.2,-58.56,-185.44,-405.04,-209.84,-195.2,-58.56
-19.52,-68.32,-48.8,43.92,14.64,-58.56,-58.56,-175.68,-390.4,-204.96,-185.44,-48.8
-24.4,-68.32,-43.92,48.8,9.76,-58.56,-58.56,-175.68,-385.52,-200.08,-180.56,-48.8
-29.28,-63.44,-34.16,48.8,0,-48.8,-48.8,-170.8,-380.64,-190.32,-180.56,-48.8
-24.4,-53.68,-29.28,39.04,0,-43.92,-43.92,-170.8,-375.76,-185.44,-175.68,-43.92
-14.64,-58.56,-43.92,39.04,14.64,-53.68,-39.04,-151.28,-366,-185.44,-175.68,-43.92
-24.4,-53.68,-29.28,39.04,0,-43.92,-39.04,-146.4,-356.24,-185.44,-165.92,-48.8
-34.16,-39.04,-4.88,39.04,-14.64,-24.4,-34.16,-136.64,-351.36,-175.68,-161.04,-43.92
-34.16,-29.28,4.88,34.16,-19.52,-14.64,-24.4,-126.88,-341.6,-165.92,-156.16,-48.8
-19.52,-9.76,9.76,14.64,-14.64,0,-14.64,-131.76,-336.72,-175.68,-161.04,-58.56
-19.52,-4.88,14.64,14.64,-19.52,4.88,-4.88,-131.76,-331.84,-170.8,-161.04,-48.8
-24.4,0,24.4,14.64,-24.4,9.76,0,-122,-326.96,-165.92,-156.16,-48.8
-24.4,4.88,29.28,9.76,-29.28,14.64,0,-122,-326.96,-165.92,-156.16,-43.92
-24.4,4.88,29.28,9.76,-29.28,14.64,4.88,-122,-322.08,-156.16,-156.16,-53.68
-24.4,0,24.4,14.64,-24.4,9.76,9.76,-112.24,-312.32,-151.28,-151.28,-53.68
-29.28,0,29.28,14.64,-29.28,14.64,14.64,-112.24,-307.44,-151.28,-151.28,-53.68
-29.28,0,29.28,14.64,-29.28,14.64,14.64,-112.24,-302.56,-151.28,-151.28,-53.68
-9.76,4.88,14.64,4.88,-14.64,9.76,14.64,-112.24,-307.44,-161.04,-161.04,-53.68
-4.88,4.88,9.76,0,-9.76,4.88,14.64,-107.36,-307.44,-161.04,-156.16,-53.68
-4.88,4.88,9.76,0,-9.76,4.88,14.64,-107.36,-307.44,-161.04,-156.16,-48.8
-4.88,4.88,9.76,0,-9.76,4.88,9.76,-102.48,-302.56,-161.04,-156.16,-48.8
-4.88,-4.88,0,4.88,-4.88,-4.88,9.76,-102.48,-297.68,-161.04,-146.4,-58.56
-9.76,0,9.76,4.88,-9.76,4.88,4.88,-117.12,-292.8,-161.04,-146.4,-53.68
-9.76,4.88,14.64,4.88,-14.64,9.76,-9.76,-122,-292.8,-161.04,-146.4,-53.68
-14.64,9.76,24.4,4.88,-19.52,14.64,-14.64,-126.88,-287.92,-161.04,-146.4,-53.68
-9.76,19.52,29.28,-4.88,-19.52,24.4,-34.16,-126.88,-292.8,-161.04,-146.4,-63.44
-9.76,19.52,29.28,-4.88,-19.52,24.4,-53.68,-122,-292.8,-161.04,-146.4,-63.44
-4.88,9.76,14.64,0,-9.76,9.76,-58.56,-122,-292.8,-161.04,-146.4,-63.44
-4.88,4.88,9.76,0,-9.76,4.88,-63.44,-131.76,-297.68,-165.92,-146.4,-63.44
4.88,-9.76,-14.64,4.88,9.76,-14.64,-68.32,-141.52,-297.68,-180.56,-165.92,-68.32
4.88,-14.64,-19.52,4.88,9.76,-19.52,-68.32,-136.64,-297.68,-180.56,-165.92,-73.2
9.76,-19.52,-29.28,4.88,19.52,-24.4,-68.32,-136.64,-302.56,-180.56,-165.92,-78.08
9.76,-24.4,-34.16,9.76,19.52,-29.28,-78.08,-146.4,-302.56,-185.44,-170.8,-87.84
0,-24.4,-24.4,14.64,9.76,-24.4,-73.2,-141.52,-297.68,-180.56,-170.8,-92.72
0,-29.28,-29.28,14.64,14.64,-29.28,-78.08,-146.4,-307.44,-180.56,-170.8,-92.72
0,-34.16,-34.16,19.52,14.64,-34.16,-78.08,-156.16,-312.32,-185.44,-170.8,-92.72
0,-34.16,-34.16,19.52,14.64,-34.16,-87.84,-161.04,-312.32,-185.44,-175.68,-92.72
0,-34.16,-34.16,19.52,14.64,-34.16,-87.84,-156.16,-307.44,-195.2,-175.68,-92.72
4.88,-34.16,-39.04,14.64,19.52,-39.04,-87.84,-161.04,-307.44,-195.2,-170.8,-92.72
4.88,-53.68,-58.56,24.4,29.28,-58.56,-92.72,-165.92,-312.32,-195.2,-170.8,-92.72
14.64,-53.68,-68.32,19.52,39.04,-63.44,-97.6,-180.56,-326.96,-204.96,-180.56,-92.72
24.4,-43.92,-68.32,9.76,43.92,-58.56,-112.24,-180.56,-317.2,-209.84,-195.2,-107.36
14.64,-48.8,-63.44,19.52,39.04,-58.56,-112.24,-180.56,-322.08,-209.84,-195.2,-107.36
14.64,-48.8,-63.44,19.52,39.04,-58.56,-117.12,-180.56,-322.08,-214.72,-195.2,-107.36
14.64,-48.8,-63.44,19.52,39.04,-58.56,-117.12,-180.56,-322.08,-214.72,-195.2,-117.12
9.76,-58.56,-68.32,24.4,39.04,-63.44,-112.24,-180.56,-312.32,-214.72,-195.2,-107.36
0,-68.32,-68.32,34.16,34.16,-68.32,-112.24,-180.56,-307.44,-214.72,-200.08,-112.24
-9.76,-68.32,-58.56,39.04,24.4,-63.44,-112.24,-180.56,-307.44,-224.48,-200.08,-117.12
-19.52,-73.2,-53.68,48.8,14.64,-63.44,-107.36,-180.56,-312.32,-224.48,-204.96,-117.12
-34.16,-87.84,-53.68,63.44,9.76,-73.2,-97.6,-175.68,-312.32,-219.6,-209.84,-131.76
-39.04,-92.72,-53.68,68.32,4.88,-73.2,-102.48,-185.44,-317.2,-219.6,-209.84,-131.76
-39.04,-92.72,-53.68,68.32,4.88,-73.2,-102.48,-185.44,-317.2,-219.6,-214.72,-131.76
-39.04,-102.48,-63.44,73.2,9.76,-82.96,-112.24,-190.32,-317.2,-219.6,-219.6,-141.52
-29.28,-102.48,-73.2,68.32,19.52,-87.84,-117.12,-200.08,-326.96,-239.12,-229.36,-146.4
-29.28,-97.6,-68.32,63.44,19.52,-82.96,-117.12,-204.96,-326.96,-239.12,-229.36,-151.28
-29.28,-92.72,-63.44,63.44,14.64,-78.08,-122,-204.96,-326.96,-244,-234.24,-156.16
-29.28,-87.84,-58.56,58.56,14.64,-73.2,-122,-214.72,-326.96,-248.88,-234.24,-161.04
-29.28,-87.84,-58.56,58.56,14.64,-73.2,-122,-219.6,-326.96,-248.88,-224.48,-151.28
-19.52,-87.84,-68.32,53.68,24.4,-78.08,-122,-219.6,-317.2,-248.88,-224.48,-146.4
-34.16,-82.96,-48.8,58.56,4.88,-68.32,-122,-214.72,-317.2,-248.88,-224.48,-141.52
-34.16,-82.96,-48.8,58.56,4.88,-68.32,-122,-214.72,-317.2,-244,-219.6,-141.52
-24.4,-82.96,-58.56,53.68,14.64,-73.2,-122,-214.72,-307.44,-234.24,-224.48,-146.4
-24.4,-78.08,-53.68,53.68,14.64,-68.32,-112.24,-200.08,-297.68,-229.36,-219.6,-156.16
-14.64,-78.08,-63.44,48.8,24.4,-73.2,-117.12,-170.8,-287.92,-214.72,-214.72,-146.4
-14.64,-73.2,-58.56,43.92,19.52,-68.32,-102.48,-156.16,-268.4,-214.72,-209.84,-141.52
-39.04,-73.2,-34.16,58.56,-4.88,-53.68,-97.6,-146.4,-258.64,-200.08,-204.96,-131.76
-43.92,-68.32,-24.4,58.56,-9.76,-48.8,-87.84,-131.76,-244,-180.56,-190.32,-131.76
-24.4,-53.68,-29.28,39.04,0,-43.92,-78.08,-122,-239.12,-180.56,-185.44,-136.64
-34.16,-48.8,-14.64,43.92,-9.76,-34.16,-78.08,-122,-234.24,-180.56,-190.32,-141.52
-58.56,-39.04,19.52,48.8,-39.04,-9.76,-68.32,-107.36,-214.72,-165.92,-180.56,-136.64
-63.44,-24.4,39.04,43.92,-53.68,4.88,-48.8,-92.72,-190.32,-151.28,-165.92,-126.88
-68.32,-9.76,58.56,39.04,-63.44,24.4,-39.04,-73.2,-170.8,-141.52,-161.04,-126.88
-82.96,-9.76,73.2,48.8,-78.08,29.28,-34.16,-43.92,-146.4,-122,-161.04,-136.64
-78.08,-14.64,63.44,48.8,-73.2,24.4,-14.64,-19.52,-117.12,-97.6,-136.64,-126.88
-78.08,0,78.08,39.04,-78.08,39.04,0,-4.88,-92.72,-92.72,-131.76,-122
-92.72,29.28,122,34.16,-107.36,73.2,4.88,4.88,-87.84,-87.84,-131.76,-131.76
-97.6,34.16,131.76,34.16,-117.12,82.96,14.64,19.52,-78.08,-73.2,-117.12,-122
-97.6,34.16,131.76,34.16,-117.12,82.96,34.16,43.92,-58.56,-43.92,-107.36,-112.24
-107.36,39.04,146.4,34.16,-126.88,92.72,53.68,63.44,-43.92,-29.28,-102.48,-112.24
-107.36,43.92,151.28,34.16,-131.76,97.6,58.56,92.72,-19.52,-24.4,-102.48,-122
-68.32,48.8,117.12,9.76,-92.72,82.96,68.32,131.76,0,-9.76,-97.6,-131.76
-63.44,53.68,117.12,4.88,-92.72,82.96,97.6,204.96,48.8,14.64,-92.72,-131.76
-63.44,73.2,136.64,-4.88,-102.48,102.48,146.4,312.32,141.52,68.32,-68.32,-131.76
-63.44,112.24,175.68,-24.4,-122,141.52,224.48,473.36,268.4,165.92,-24.4,-107.36
-43.92,156.16,200.08,-53.68,-122,175.68,307.44,658.8,409.92,263.52,19.52,-97.6
-34.16,200.08,234.24,-82.96,-136.64,214.72,375.76,883.28,561.2,370.88,87.84,-68.32
-19.52,248.88,268.4,-112.24,-146.4,258.64,444.08,1054.08,727.12,527.04,185.44,-24.4
9.76,292.8,283.04,-151.28,-136.64,287.92,502.64,1176.08,873.52,673.44,292.8,39.04
14.64,317.2,302.56,-165.92,-146.4,307.44,541.68,1220,1000.4,814.96,385.52,87.84
19.52,346.48,326.96,-180.56,-156.16,336.72,585.6,1254.16,1166.32,990.64,507.52,156.16
58.56,419.68,361.12,-239.12,-151.28,390.4,619.76,1259.04,1356.64,1215.12,673.44,244
126.88,517.28,390.4,-322.08,-131.76,453.84,610,1229.76,1546.96,1459.12,858.88,361.12
185.44,600.24,414.8,-390.4,-117.12,507.52,551.44,1220,1761.68,1727.52,1063.84,497.76
263.52,717.36,453.84,-488,-97.6,585.6,473.36,1190.72,1991.04,2020.32,1288.32,644.16
336.72,844.24,507.52,-590.48,-87.84,673.44,312.32,985.76,2156.96,2313.12,1527.44,805.2
380.64,941.84,561.2,-658.8,-92.72,751.52,112.24,732,2249.68,2557.12,1722.64,941.84
424.56,995.52,570.96,-707.6,-73.2,780.8,-53.68,536.8,2269.2,2723.04,1878.8,1058.96
448.96,1005.28,556.32,-727.12,-53.68,780.8,-185.44,283.04,2176.48,2776.72,1971.52,1137.04
419.68,976,556.32,-697.84,-68.32,766.16,-307.44,73.2,2034.96,2679.12,1947.12,1146.8
370.88,902.8,531.92,-634.4,-82.96,717.36,-400.16,4.88,1893.44,2464.4,1800.72,1063.84
336.72,780.8,444.08,-556.32,-53.68,610,-492.88,-58.56,1693.36,2161.84,1576.24,936.96
278.16,649.04,370.88,-463.6,-48.8,507.52,-585.6,-219.6,1434.72,1834.88,1332.24,795.44
209.84,561.2,351.36,-385.52,-73.2,453.84,-692.96,-390.4,1185.84,1546.96,1117.52,668.56
146.4,507.52,361.12,-326.96,-107.36,434.32,-780.8,-527.04,927.2,1249.28,907.68,546.56
39.04,419.68,380.64,-229.36,-170.8,400.16,-810.08,-624.64,639.28,893.04,668.56,395.28
-97.6,302.56,400.16,-102.48,-248.88,351.36,-722.24,-673.44,341.6,512.4,395.28,229.36
-209.84,190.32,400.16,9.76,-307.44,292.8,-610,-697.84,34.16,170.8,161.04,82.96
-244,136.64,380.64,53.68,-312.32,258.64,-551.44,-717.36,-170.8,-34.16,29.28,-4.88
-253.76,126.88,380.64,63.44,-317.2,253.76,-551.44,-668.56,-234.24,-97.6,-29.28,-48.8
-234.24,117.12,351.36,58.56,-292.8,234.24,-536.8,-575.84,-214.72,-97.6,-53.68,-73.2
-185.44,117.12,302.56,34.16,-244,209.84,-512.4,-478.24,-175.68,-82.96,-53.68,-73.2
-151.28,122,273.28,14.64,-214.72,195.2,-468.48,-414.8,-136.64,-63.44,-29.28,-63.44
-131.76,131.76,263.52,0,-200.08,195.2,-405.04,-356.24,-117.12,-53.68,-29.28,-58.56
-117.12,122,239.12,0,-180.56,180.56,-331.84,-297.68,-102.48,-53.68,-39.04,-63.44
-102.48,117.12,219.6,-4.88,-161.04,165.92,-258.64,-229.36,-92.72,-43.92,-43.92,-68.32
-112.24,107.36,219.6,4.88,-165.92,161.04,-185.44,-165.92,-68.32,-39.04,-43.92,-73.2
-102.48,102.48,204.96,0,-156.16,151.28,-131.76,-92.72,-53.68,-29.28,-34.16,-63.44
-82.96,82.96,165.92,0,-126.88,122,-92.72,-48.8,-39.04,-29.28,-39.04,-63.44
-78.08,58.56,136.64,9.76,-107.36,97.6,-82.96,-34.16,-39.04,-58.56,-63.44,-78.08
-63.44,43.92,107.36,9.76,-87.84,73.2,-63.44,-19.52,-39.04,-63.44,-82.96,-82.96
-43.92,19.52,63.44,14.64,-53.68,39.04,-53.68,-4.88,-39.04,-73.2,-87.84,-97.6
-34.16,0,34.16,19.52,-34.16,14.64,-43.92,-9.76,-58.56,-92.72,-107.36,-107.36
-39.04,-9.76,29.28,24.4,-34.16,9.76,-29.28,-9.76,-73.2,-117.12,-126.88,-117.12
-29.28,-9.76,19.52,19.52,-24.4,4.88,-14.64,0,-82.96,-122,-136.64,-126.88
-19.52,-29.28,-9.76,24.4,-4.88,-19.52,4.88,14.64,-97.6,-136.64,-146.4,-136.64
-24.4,-43.92,-19.52,34.16,-4.88,-34.16,19.52,34.16,-102.48,-141.52,-165.92,-146.4
-24.4,-48.8,-24.4,39.04,0,-39.04,19.52,48.8,-102.48,-141.52,-165.92,-146.4
-29.28,-48.8,-19.52,39.04,-4.88,-34.16,24.4,58.56,-97.6,-141.52,-165.92,-146.4
-39.04,-48.8,-9.76,43.92,-14.64,-29.28,24.4,58.56,-87.84,-141.52,-165.92,-146.4
-48.8,-34.16,14.64,43.92,-34.16,-9.76,9.76,43.92,-97.6,-146.4,-170.8,-156.16
-43.92,-34.16,9.76,39.04,-29.28,-14.64,4.88,39.04,-97.6,-151.28,-170.8,-156.16
-43.92,-34.16,9.76,39.04,-29.28,-14.64,4.88,39.04,-97.6,-151.28,-170.8,-156.16
-43.92,-34.16,9.76,39.04,-29.28,-14.64,9.76,39.04,-102.48,-156.16,-180.56,-165.92
-34.16,-34.16,0,34.16,-19.52,-19.52,19.52,48.8,-102.48,-156.16,-180.56,-165.92
-29.28,-34.16,-4.88,34.16,-14.64,-19.52,29.28,53.68,-102.48,-156.16,-180.56,-165.92
-24.4,-39.04,-14.64,34.16,-4.88,-29.28,34.16,68.32,-102.48,-151.28,-180.56,-170.8
-14.64,-39.04,-24.4,29.28,4.88,-34.16,34.16,78.08,-97.6,-151.28,-180.56,-170.8
-14.64,-39.04,-24.4,29.28,4.88,-34.16,29.28,87.84,-87.84,-151.28,-180.56,-170.8
-14.64,-39.04,-24.4,29.28,4.88,-34.16,29.28,87.84,-78.08,-141.52,-170.8,-170.8
-19.52,-39.04,-19.52,29.28,0,-29.28,29.28,87.84,-73.2,-141.52,-170.8,-165.92
-19.52,-39.04,-19.52,29.28,0,-29.28,29.28,87.84,-73.2,-141.52,-170.8,-165.92
-19.52,-39.04,-19.52,29.28,0,-29.28,34.16,97.6,-73.2,-141.52,-170.8,-161.04
-19.52,-34.16,-14.64,29.28,-4.88,-24.4,34.16,97.6,-73.2,-141.52,-170.8,-161.04
-19.52,-34.16,-14.64,29.28,-4.88,-24.4,39.04,102.48,-68.32,-136.64,-165.92,-161.04
-19.52,-34.16,-14.64,29.28,-4.88,-24.4,48.8,107.36,-68.32,-131.76,-161.04,-161.04
-9.76,-43.92,-34.16,29.28,9.76,-39.04,48.8,126.88,-68.32,-126.88,-161.04,-165.92
-9.76,-53.68,-43.92,34.16,14.64,-48.8,48.8,131.76,-63.44,-122,-161.04,-165.92
-4.88,-43.92,-39.04,24.4,14.64,-43.92,48.8,136.64,-58.56,-117.12,-156.16,-161.04
-4.88,-43.92,-39.04,24.4,14.64,-43.92,48.8,141.52,-58.56,-117.12,-156.16,-161.04
-4.88,-34.16,-29.28,19.52,9.76,-34.16,48.8,146.4,-43.92,-112.24,-156.16,-161.04
-4.88,-34.16,-29.28,19.52,9.76,-34.16,48.8,151.28,-39.04,-112.24,-146.4,-161.04
4.88,-29.28,-34.16,14.64,19.52,-34.16,48.8,156.16,-39.04,-112.24,-146.4,-156.16
4.88,-24.4,-29.28,9.76,14.64,-29.28,53.68,156.16,-39.04,-107.36,-146.4,-151.28
4.88,-24.4,-29.28,9.76,14.64,-29.28,53.68,156.16,-39.04,-102.48,-146.4,-151.28
4.88,-24.4,-29.28,9.76,14.64,-29.28,58.56,165.92,-34.16,-92.72,-136.64,-151.28
4.88,-24.4,-29.28,9.76,14.64,-29.28,58.56,170.8,-34.16,-92.72,-136.64,-151.28
4.88,-24.4,-29.28,9.76,14.64,-29.28,58.56,175.68,-29.28,-87.84,-136.64,-151.28
14.64,-14.64,-29.28,0,19.52,-24.4,48.8,185.44,-24.4,-87.84,-136.64,-156.16
14.64,-14.64,-29.28,0,19.52,-24.4,53.68,195.2,-19.52,-78.08,-126.88,-151.28
14.64,-14.64,-29.28,0,19.52,-24.4,53.68,200.08,-9.76,-73.2,-126.88,-151.28
14.64,-9.76,-24.4,0,19.52,-19.52,53.68,204.96,-9.76,-73.2,-126.88,-141.52
19.52,-14.64,-34.16,0,24.4,-24.4,58.56,214.72,-9.76,-73.2,-122,-146.4
19.52,-14.64,-34.16,0,24.4,-24.4,63.44,219.6,0,-73.2,-122,-146.4
19.52,-14.64,-34.16,0,24.4,-24.4,63.44,229.36,4.88,-68.32,-122,-146.4
24.4,-4.88,-29.28,-9.76,24.4,-19.52,63.44,248.88,9.76,-58.56,-117.12,-146.4
24.4,4.88,-19.52,-14.64,19.52,-9.76,73.2,253.76,9.76,-63.44,-117.12,-146.4
24.4,4.88,-19.52,-14.64,19.52,-9.76,73.2,263.52,14.64,-63.44,-117.12,-146.4
34.16,9.76,-24.4,-19.52,29.28,-9.76,73.2,273.28,19.52,-53.68,-112.24,-146.4
34.16,9.76,-24.4,-19.52,29.28,-9.76,73.2,287.92,34.16,-48.8,-112.24,-141.52
34.16,9.76,-24.4,-19.52,29.28,-9.76,78.08,307.44,34.16,-39.04,-112.24,-131.76
39.04,9.76,-29.28,-24.4,34.16,-9.76,78.08,307.44,43.92,-34.16,-107.36,-131.76
43.92,14.64,-29.28,-29.28,34.16,-9.76,78.08,317.2,48.8,-29.28,-102.48,-131.76
43.92,14.64,-29.28,-29.28,34.16,-9.76,82.96,331.84,53.68,-29.28,-97.6,-126.88
43.92,14.64,-29.28,-29.28,34.16,-9.76,82.96,341.6,58.56,-24.4,-97.6,-122
48.8,14.64,-34.16,-29.28,39.04,-9.76,82.96,351.36,68.32,-14.64,-92.72,-117.12
48.8,19.52,-29.28,-34.16,39.04,-4.88,92.72,366,73.2,-4.88,-87.84,-117.12
48.8,19.52,-29.28,-34.16,39.04,-4.88,92.72,375.76,82.96,0,-82.96,-117.12
63.44,24.4,-39.04,-43.92,48.8,-9.76,92.72,400.16,92.72,4.88,-82.96,-117.12
68.32,34.16,-34.16,-48.8,48.8,0,92.72,409.92,102.48,9.76,-78.08,-117.12
68.32,34.16,-34.16,-48.8,48.8,0,92.72,424.56,107.36,19.52,-78.08,-117.12
68.32,34.16,-34.16,-48.8,48.8,0,92.72,444.08,122,34.16,-68.32,-107.36
78.08,39.04,-39.04,-58.56,58.56,0,102.48,458.72,126.88,43.92,-53.68,-102.48
82.96,39.04,-43.92,-58.56,63.44,-4.88,102.48,478.24,131.76,53.68,-53.68,-97.6
82.96,48.8,-34.16,-63.44,58.56,4.88,112.24,492.88,141.52,53.68,-48.8,-97.6
92.72,53.68,-39.04,-73.2,63.44,4.88,112.24,507.52,151.28,63.44,-39.04,-97.6
87.84,48.8,-39.04,-68.32,63.44,4.88,112.24,517.28,156.16,73.2,-34.16,-92.72
87.84,48.8,-39.04,-68.32,63.44,4.88,117.12,531.92,170.8,82.96,-29.28,-87.84
87.84,58.56,-29.28,-73.2,58.56,14.64,126.88,551.44,180.56,92.72,-19.52,-82.96
97.6,58.56,-39.04,-78.08,68.32,9.76,131.76,561.2,185.44,107.36,-14.64,-73.2
112.24,63.44,-48.8,-87.84,78.08,4.88,131.76,575.84,200.08,126.88,-4.88,-82.96
126.88,78.08,-48.8,-102.48,87.84,14.64,131.76,595.36,214.72,136.64,0,-78.08
126.88,92.72,-34.16,-107.36,78.08,29.28,136.64,629.52,229.36,146.4,9.76,-68.32
126.88,97.6,-29.28,-112.24,78.08,34.16,141.52,663.68,248.88,161.04,24.4,-58.56
122,92.72,-29.28,-107.36,73.2,29.28,156.16,692.96,268.4,175.68,39.04,-53.68
126.88,97.6,-29.28,-112.24,78.08,34.16,161.04,707.6,287.92,195.2,53.68,-48.8
131.76,102.48,-29.28,-117.12,78.08,34.16,165.92,732,302.56,209.84,63.44,-34.16
136.64,107.36,-29.28,-122,82.96,39.04,165.92,741.76,307.44,219.6,73.2,-34.16
156.16,112.24,-43.92,-131.76,97.6,34.16,156.16,756.4,317.2,224.48,78.08,-29.28
170.8,126.88,-43.92,-146.4,107.36,39.04,161.04,780.8,326.96,234.24,87.84,-24.4
170.8,136.64,-34.16,-151.28,102.48,48.8,161.04,795.44,331.84,253.76,87.84,-24.4
175.68,136.64,-39.04,-156.16,107.36,48.8,170.8,814.96,346.48,263.52,97.6,-14.64
170.8,146.4,-24.4,-156.16,97.6,58.56,175.68,849.12,375.76,287.92,112.24,-4.88
175.68,156.16,-19.52,-165.92,97.6,68.32,180.56,868.64,390.4,302.56,131.76,0
180.56,165.92,-14.64,-170.8,97.6,73.2,185.44,893.04,409.92,326.96,146.4,9.76
185.44,185.44,0,-185.44,92.72,92.72,185.44,907.68,429.44,346.48,161.04,19.52
204.96,195.2,-9.76,-200.08,107.36,92.72,190.32,917.44,434.32,351.36,170.8,24.4
209.84,190.32,-19.52,-200.08,112.24,82.96,190.32,927.2,439.2,366,175.68,29.28
214.72,190.32,-24.4,-200.08,117.12,82.96,195.2,946.72,448.96,370.88,185.44,39.04
219.6,185.44,-34.16,-200.08,126.88,73.2,200.08,961.36,458.72,390.4,200.08,43.92
224.48,200.08,-24.4,-209.84,122,87.84,209.84,976,468.48,409.92,209.84,39.04
224.48,204.96,-19.52,-214.72,122,92.72,214.72,990.64,483.12,419.68,214.72,43.92
224.48,209.84,-14.64,-214.72,117.12,97.6,214.72,995.52,497.76,429.44,224.48,58.56
224.48,214.72,-9.76,-219.6,117.12,102.48,219.6,1010.16,507.52,444.08,229.36,63.44
214.72,229.36,14.64,-219.6,97.6,122,219.6,1029.68,517.28,453.84,239.12,68.32
229.36,234.24,4.88,-229.36,112.24,117.12,219.6,1029.68,527.04,463.6,248.88,73.2
229.36,239.12,9.76,-234.24,107.36,122,219.6,1034.56,531.92,473.36,253.76,78.08
229.36,239.12,9.76,-234.24,107.36,122,224.48,1039.44,531.92,473.36,258.64,82.96
244,239.12,-4.88,-239.12,122,117.12,224.48,1034.56,536.8,478.24,253.76,87.84
244,239.12,-4.88,-239.12,122,117.12,224.48,1029.68,541.68,488,258.64,87.84
244,244,0,-244,122,122,229.36,1024.8,541.68,488,258.64,92.72
239.12,244,4.88,-239.12,117.12,122,229.36,1010.16,541.68,488,263.52,92.72
229.36,253.76,24.4,-239.12,102.48,136.64,224.48,995.52,531.92,488,263.52,87.84
219.6,258.64,39.04,-239.12,87.84,146.4,219.6,980.88,531.92,488,263.52,87.84
219.6,258.64,39.04,-239.12,87.84,146.4,214.72,971.12,527.04,488,263.52,87.84
209.84,253.76,43.92,-229.36,82.96,146.4,209.84,951.6,522.16,488,263.52,92.72
200.08,248.88,48.8,-224.48,73.2,146.4,209.84,927.2,512.4,468.48,263.52,102.48
190.32,244,53.68,-214.72,68.32,146.4,200.08,902.8,492.88,453.84,248.88,92.72
190.32,229.36,39.04,-209.84,73.2,131.76,200.08,873.52,478.24,444.08,239.12,82.96
190.32,219.6,29.28,-204.96,78.08,122,195.2,839.36,463.6,434.32,229.36,78.08
180.56,224.48,43.92,-200.08,68.32,131.76,180.56,805.2,439.2,409.92,214.72,58.56
180.56,219.6,39.04,-200.08,68.32,126.88,175.68,775.92,414.8,390.4,204.96,48.8
165.92,209.84,43.92,-185.44,58.56,126.88,170.8,751.52,390.4,366,190.32,43.92
161.04,204.96,43.92,-180.56,58.56,122,165.92,712.48,366,336.72,175.68,34.16
146.4,185.44,39.04,-165.92,53.68,112.24,146.4,663.68,336.72,302.56,141.52,19.52
146.4,180.56,34.16,-161.04,53.68,107.36,136.64,629.52,307.44,278.16,126.88,0
136.64,170.8,34.16,-151.28,48.8,102.48,126.88,585.6,273.28,253.76,107.36,-14.64
122,151.28,29.28,-136.64,43.92,87.84,117.12,546.56,244,224.48,87.84,-29.28
112.24,131.76,19.52,-122,43.92,73.2,97.6,522.16,214.72,204.96,68.32,-48.8
97.6,122,24.4,-107.36,34.16,73.2,87.84,488,185.44,180.56,58.56,-53.68
97.6,112.24,14.64,-102.48,39.04,63.44,87.84,453.84,161.04,156.16,43.92,-73.2
87.84,102.48,14.64,-92.72,34.16,58.56,78.08,429.44,131.76,131.76,19.52,-82.96
78.08,97.6,19.52,-87.84,29.28,58.56,73.2,409.92,112.24,117.12,9.76,-87.84
63.44,78.08,14.64,-68.32,24.4,43.92,73.2,380.64,87.84,92.72,-9.76,-97.6
24.4,73.2,48.8,-48.8,-14.64,58.56,68.32,351.36,68.32,68.32,-29.28,-112.24
19.52,68.32,48.8,-43.92,-14.64,58.56,63.44,322.08,48.8,48.8,-39.04,-122
19.52,39.04,19.52,-29.28,0,29.28,39.04,292.8,14.64,24.4,-73.2,-141.52
19.52,29.28,9.76,-24.4,4.88,19.52,34.16,263.52,-4.88,0,-87.84,-161.04
19.52,24.4,4.88,-19.52,4.88,14.64,19.52,244,-24.4,-14.64,-102.48,-161.04
19.52,14.64,-4.88,-14.64,9.76,4.88,19.52,224.48,-48.8,-34.16,-112.24,-170.8
14.64,4.88,-9.76,-9.76,9.76,-4.88,24.4,214.72,-68.32,-39.04,-117.12,-175.68
0,-9.76,-9.76,4.88,4.88,-9.76,24.4,200.08,-82.96,-58.56,-131.76,-185.44
-9.76,-9.76,0,9.76,-4.88,-4.88,19.52,180.56,-92.72,-68.32,-141.52,-185.44
-24.4,-14.64,9.76,19.52,-19.52,-4.88,14.64,165.92,-102.48,-78.08,-151.28,-185.44
-24.4,-24.4,0,24.4,-14.64,-14.64,14.64,161.04,-117.12,-92.72,-161.04,-209.84
-24.4,-29.28,-4.88,29.28,-9.76,-19.52,9.76,151.28,-126.88,-102.48,-170.8,-209.84
-24.4,-39.04,-14.64,34.16,-4.88,-29.28,4.88,141.52,-136.64,-112.24,-175.68,-209.84
-19.52,-39.04,-19.52,29.28,0,-29.28,4.88,131.76,-146.4,-122,-185.44,-214.72
-14.64,-43.92,-29.28,29.28,4.88,-39.04,-4.88,122,-156.16,-122,-185.44,-224.48
-14.64,-48.8,-34.16,34.16,9.76,-43.92,-4.88,122,-165.92,-131.76,-190.32,-229.36
-24.4,-63.44,-39.04,43.92,4.88,-53.68,-4.88,122,-170.8,-141.52,-190.32,-229.36
-24.4,-63.44,-39.04,43.92,4.88,-53.68,-4.88,107.36,-180.56,-141.52,-200.08,-234.24
-34.16,-63.44,-29.28,48.8,-4.88,-48.8,4.88,102.48,-185.44,-141.52,-200.08,-244
-34.16,-73.2,-39.04,53.68,0,-58.56,0,107.36,-185.44,-141.52,-200.08,-244
-43.92,-73.2,-29.28,58.56,-9.76,-53.68,0,112.24,-185.44,-146.4,-204.96,-244
-29.28,-78.08,-48.8,53.68,9.76,-63.44,0,112.24,-190.32,-146.4,-204.96,-244
-34.16,-68.32,-34.16,53.68,0,-53.68,-9.76,97.6,-195.2,-151.28,-209.84,-253.76
-34.16,-68.32,-34.16,53.68,0,-53.68,-9.76,97.6,-204.96,-156.16,-219.6,-258.64
-34.16,-73.2,-39.04,53.68,0,-58.56,-9.76,102.48,-209.84,-161.04,-224.48,-258.64
-34.16,-73.2,-39.04,53.68,0,-58.56,-9.76,102.48,-214.72,-165.92,-229.36,-258.64
-34.16,-87.84,-53.68,63.44,9.76,-73.2,-9.76,97.6,-224.48,-161.04,-234.24,-253.76
-34.16,-87.84,-53.68,63.44,9.76,-73.2,-9.76,92.72,-224.48,-161.04,-229.36,-263.52
-34.16,-87.84,-53.68,63.44,9.76,-73.2,-9.76,92.72,-224.48,-161.04,-224.48,-253.76
-39.04,-87.84,-48.8,63.44,4.88,-68.32,-9.76,92.72,-219.6,-165.92,-214.72,-253.76
-29.28,-87.84,-58.56,58.56,14.64,-73.2,-9.76,102.48,-219.6,-165.92,-224.48,-258.64
-24.4,-87.84,-63.44,58.56,19.52,-78.08,-4.88,102.48,-219.6,-165.92,-229.36,-258.64
-24.4,-87.84,-63.44,58.56,19.52,-78.08,-4.88,102.48,-219.6,-165.92,-229.36,-258.64
-29.28,-92.72,-63.44,63.44,14.64,-78.08,-9.76,102.48,-214.72,-165.92,-229.36,-258.64
-39.04,-82.96,-43.92,63.44,0,-63.44,-9.76,102.48,-214.72,-156.16,-219.6,-253.76
-39.04,-78.08,-39.04,58.56,0,-58.56,-9.76,97.6,-219.6,-156.16,-219.6,-253.76
-39.04,-78.08,-39.04,58.56,0,-58.56,-9.76,97.6,-224.48,-156.16,-219.6,-253.76
-39.04,-82.96,-43.92,63.44,0,-63.44,-14.64,97.6,-224.48,-156.16,-229.36,-258.64
-39.04,-92.72,-53.68,68.32,4.88,-73.2,-4.88,102.48,-229.36,-165.92,-229.36,-273.28
-39.04,-92.72,-53.68,68.32,4.88,-73.2,-4.88,107.36,-229.36,-165.92,-224.48,-273.28
-39.04,-92.72,-53.68,68.32,4.88,-73.2,-4.88,107.36,-229.36,-161.04,-219.6,-268.4
-39.04,-92.72,-53.68,68.32,4.88,-73.2,-4.88,102.48,-229.36,-161.04,-219.6,-268.4
-43.92,-82.96,-39.04,63.44,-4.88,-63.44,-4.88,107.36,-229.36,-161.04,-219.6,-268.4
-43.92,-82.96,-39.04,63.44,-4.88,-63.44,0,107.36,-229.36,-161.04,-219.6,-268.4
-39.04,-82.96,-43.92,63.44,0,-63.44,4.88,112.24,-229.36,-161.04,-219.6,-268.4
-39.04,-87.84,-48.8,63.44,4.88,-68.32,4.88,117.12,-224.48,-161.04,-219.6,-268.4
-29.28,-97.6,-68.32,63.44,19.52,-82.96,-4.88,107.36,-234.24,-161.04,-229.36,-268.4
-24.4,-92.72,-68.32,58.56,19.52,-82.96,-4.88,107.36,-234.24,-161.04,-229.36,-273.28
-24.4,-92.72,-68.32,58.56,19.52,-82.96,-9.76,107.36,-229.36,-156.16,-229.36,-273.28
-24.4,-92.72,-68.32,58.56,19.52,-82.96,-9.76,112.24,-224.48,-156.16,-229.36,-273.28
-48.8,-92.72,-43.92,73.2,-4.88,-68.32,9.76,117.12,-214.72,-146.4,-219.6,-263.52
-48.8,-92.72,-43.92,73.2,-4.88,-68.32,14.64,117.12,-214.72,-146.4,-209.84,-258.64
-43.92,-92.72,-48.8,68.32,0,-73.2,14.64,117.12,-214.72,-141.52,-209.84,-253.76
-43.92,-92.72,-48.8,68.32,0,-73.2,14.64,112.24,-219.6,-141.52,-209.84,-253.76
-48.8,-92.72,-43.92,73.2,-4.88,-68.32,4.88,117.12,-224.48,-141.52,-214.72,-258.64
-34.16,-87.84,-53.68,63.44,9.76,-73.2,0,117.12,-224.48,-141.52,-214.72,-263.52
-43.92,-87.84,-43.92,68.32,0,-68.32,0,122,-214.72,-141.52,-214.72,-263.52
-58.56,-87.84,-29.28,73.2,-14.64,-58.56,0,131.76,-204.96,-136.64,-204.96,-263.52
-53.68,-87.84,-34.16,73.2,-9.76,-63.44,4.88,122,-214.72,-146.4,-214.72,-268.4
-48.8,-87.84,-39.04,68.32,-4.88,-63.44,4.88,122,-219.6,-146.4,-219.6,-268.4
-34.16,-82.96,-48.8,58.56,4.88,-68.32,4.88,122,-219.6,-146.4,-219.6,-268.4
-29.28,-82.96,-53.68,58.56,9.76,-68.32,4.88,126.88,-219.6,-146.4,-214.72,-268.4
-39.04,-87.84,-48.8,63.44,4.88,-68.32,4.88,126.88,-219.6,-136.64,-204.96,-263.52
-43.92,-97.6,-53.68,73.2,4.88,-78.08,4.88,126.88,-219.6,-141.52,-204.96,-263.52
-43.92,-87.84,-43.92,68.32,0,-68.32,4.88,126.88,-214.72,-141.52,-204.96,-263.52
-39.04,-87.84,-48.8,63.44,4.88,-68.32,0,126.88,-214.72,-141.52,-204.96,-263.52
-43.92,-87.84,-43.92,68.32,0,-68.32,0,126.88,-209.84,-141.52,-195.2,-273.28
-43.92,-87.84,-43.92,68.32,0,-68.32,4.88,126.88,-214.72,-136.64,-195.2,-273.28
-48.8,-87.84,-39.04,68.32,-4.88,-63.44,4.88,126.88,-214.72,-136.64,-190.32,-263.52
-48.8,-92.72,-43.92,73.2,-4.88,-68.32,4.88,126.88,-214.72,-136.64,-185.44,-263.52
-34.16,-92.72,-58.56,63.44,9.76,-78.08,14.64,131.76,-209.84,-146.4,-190.32,-258.64
-34.16,-87.84,-53.68,63.44,9.76,-73.2,14.64,126.88,-209.84,-146.4,-195.2,-258.64
-34.16,-82.96,-48.8,58.56,4.88,-68.32,14.64,126.88,-209.84,-146.4,-200.08,-258.64
-34.16,-82.96,-48.8,58.56,4.88,-68.32,9.76,136.64,-214.72,-146.4,-204.96,-258.64
-24.4,-82.96,-58.56,53.68,14.64,-73.2,0,136.64,-209.84,-136.64,-195.2,-268.4
-24.4,-78.08,-53.68,53.68,14.64,-68.32,0,136.64,-209.84,-136.64,-195.2,-263.52
-34.16,-78.08,-43.92,58.56,4.88,-63.44,0,136.64,-209.84,-136.64,-195.2,-263.52
-34.16,-78.08,-43.92,58.56,4.88,-63.44,9.76,136.64,-204.96,-131.76,-195.2,-268.4
-43.92,-78.08,-34.16,63.44,-4.88,-58.56,19.52,151.28,-195.2,-141.52,-204.96,-258.64
-43.92,-78.08,-34.16,63.44,-4.88,-58.56,19.52,151.28,-200.08,-146.4,-204.96,-253.76
-39.04,-78.08,-39.04,58.56,0,-58.56,19.52,151.28,-200.08,-146.4,-204.96,-253.76
-29.28,-78.08,-48.8,53.68,9.76,-63.44,19.52,151.28,-200.08,-146.4,-204.96,-258.64
-29.28,-87.84,-58.56,58.56,14.64,-73.2,9.76,146.4,-195.2,-146.4,-200.08,-253.76
-29.28,-87.84,-58.56,58.56,14.64,-73.2,9.76,141.52,-195.2,-151.28,-200.08,-253.76
-34.16,-87.84,-53.68,63.44,9.76,-73.2,9.76,141.52,-195.2,-151.28,-200.08,-253.76
-34.16,-87.84,-53.68,63.44,9.76,-73.2,9.76,141.52,-195.2,-146.4,-195.2,-248.88
-39.04,-78.08,-39.04,58.56,0,-58.56,14.64,151.28,-195.2,-146.4,-195.2,-258.64
-39.04,-78.08,-39.04,58.56,0,-58.56,14.64,151.28,-195.2,-146.4,-195.2,-258.64
-29.28,-78.08,-48.8,53.68,9.76,-63.44,14.64,146.4,-195.2,-151.28,-195.2,-258.64
-29.28,-78.08,-48.8,53.68,9.76,-63.44,14.64,146.4,-195.2,-151.28,-195.2,-258.64
-24.4,-73.2,-48.8,48.8,9.76,-63.44,4.88,146.4,-195.2,-151.28,-195.2,-268.4
-24.4,-73.2,-48.8,48.8,9.76,-63.44,4.88,151.28,-195.2,-151.28,-195.2,-263.52
-24.4,-73.2,-48.8,48.8,9.76,-63.44,4.88,151.28,-200.08,-151.28,-195.2,-263.52
-24.4,-73.2,-48.8,48.8,9.76,-63.44,4.88,146.4,-200.08,-161.04,-195.2,-263.52
-19.52,-73.2,-53.68,48.8,14.64,-63.44,0,136.64,-200.08,-151.28,-195.2,-263.52
-9.76,-73.2,-63.44,43.92,24.4,-68.32,0,136.64,-200.08,-156.16,-195.2,-263.52
-19.52,-73.2,-53.68,48.8,14.64,-63.44,0,141.52,-209.84,-156.16,-200.08,-268.4
-19.52,-73.2,-53.68,48.8,14.64,-63.44,-4.88,141.52,-209.84,-156.16,-204.96,-268.4
-29.28,-73.2,-43.92,53.68,4.88,-58.56,0,141.52,-204.96,-156.16,-200.08,-258.64
-29.28,-73.2,-43.92,53.68,4.88,-58.56,0,136.64,-209.84,-165.92,-200.08,-258.64
-29.28,-78.08,-48.8,53.68,9.76,-63.44,0,131.76,-209.84,-165.92,-200.08,-258.64
-29.28,-78.08,-48.8,53.68,9.76,-63.44,0,131.76,-204.96,-161.04,-204.96,-258.64
-24.4,-68.32,-43.92,48.8,9.76,-58.56,-9.76,122,-204.96,-161.04,-204.96,-268.4
-19.52,-68.32,-48.8,43.92,14.64,-58.56,-9.76,117.12,-209.84,-170.8,-204.96,-268.4
-14.64,-68.32,-53.68,43.92,19.52,-63.44,-9.76,112.24,-214.72,-170.8,-204.96,-268.4
-9.76,-68.32,-58.56,39.04,24.4,-63.44,-9.76,112.24,-214.72,-165.92,-209.84,-268.4
-24.4,-73.2,-48.8,48.8,9.76,-63.44,-14.64,126.88,-204.96,-156.16,-200.08,-268.4
-34.16,-73.2,-39.04,53.68,0,-58.56,0,126.88,-209.84,-161.04,-195.2,-263.52
-43.92,-73.2,-29.28,58.56,-9.76,-53.68,4.88,117.12,-209.84,-161.04,-195.2,-258.64
-53.68,-68.32,-14.64,63.44,-19.52,-43.92,9.76,112.24,-214.72,-165.92,-195.2,-258.64
-48.8,-68.32,-19.52,58.56,-14.64,-43.92,0,112.24,-219.6,-165.92,-195.2,-268.4
-48.8,-68.32,-19.52,58.56,-14.64,-43.92,9.76,112.24,-219.6,-165.92,-195.2,-263.52
-43.92,-68.32,-24.4,58.56,-9.76,-48.8,9.76,112.24,-224.48,-170.8,-200.08,-263.52
-39.04,-73.2,-34.16,58.56,-4.88,-53.68,9.76,102.48,-224.48,-175.68,-209.84,-263.52
-29.28,-63.44,-34.16,48.8,0,-48.8,-4.88,102.48,-234.24,-175.68,-209.84,-268.4
-29.28,-63.44,-34.16,48.8,0,-48.8,-4.88,107.36,-234.24,-180.56,-209.84,-268.4
-29.28,-63.44,-34.16,48.8,0,-48.8,-4.88,107.36,-244,-185.44,-214.72,-268.4
-29.28,-63.44,-34.16,48.8,0,-48.8,-4.88,107.36,-244,-185.44,-219.6,-268.4
-29.28,-63.44,-34.16,48.8,0,-48.8,-4.88,107.36,-234.24,-195.2,-219.6,-263.52
-34.16,-63.44,-29.28,48.8,-4.88,-48.8,-4.88,97.6,-239.12,-195.2,-219.6,-263.52
-34.16,-63.44,-29.28,48.8,-4.88,-48.8,-4.88,97.6,-239.12,-200.08,-219.6,-263.52
-19.52,-63.44,-43.92,43.92,9.76,-53.68,-4.88,92.72,-239.12,-200.08,-224.48,-273.28
-19.52,-73.2,-53.68,48.8,14.64,-63.44,-9.76,87.84,-244,-195.2,-224.48,-278.16
-24.4,-73.2,-48.8,48.8,9.76,-63.44,-9.76,87.84,-244,-195.2,-219.6,-278.16
-24.4,-73.2,-48.8,48.8,9.76,-63.44,-9.76,82.96,-244,-195.2,-219.6,-268.4
-24.4,-73.2,-48.8,48.8,9.76,-63.44,-9.76,82.96,-248.88,-195.2,-219.6,-258.64
-24.4,-73.2,-48.8,48.8,9.76,-63.44,-9.76,82.96,-248.88,-209.84,-219.6,-268.4
-24.4,-73.2,-48.8,48.8,9.76,-63.44,-14.64,78.08,-248.88,-209.84,-229.36,-273.28
-24.4,-73.2,-48.8,48.8,9.76,-63.44,-14.64,73.2,-253.76,-209.84,-229.36,-273.28
-29.28,-73.2,-43.92,53.68,4.88,-58.56,-9.76,73.2,-253.76,-209.84,-224.48,-268.4
-29.28,-73.2,-43.92,53.68,4.88,-58.56,-9.76,78.08,-244,-209.84,-234.24,-268.4
-29.28,-73.2,-43.92,53.68,4.88,-58.56,-9.76,78.08,-244,-209.84,-234.24,-268.4
-29.28,-73.2,-43.92,53.68,4.88,-58.56,-9.76,78.08,-244,-209.84,-234.24,-273.28
-29.28,-78.08,-48.8,53.68,9.76,-63.44,-9.76,78.08,-244,-214.72,-234.24,-278.16
-14.64,-78.08,-63.44,48.8,24.4,-73.2,-19.52,78.08,-244,-214.72,-224.48,-268.4
-14.64,-78.08,-63.44,48.8,24.4,-73.2,-19.52,68.32,-248.88,-219.6,-224.48,-273.28
-14.64,-78.08,-63.44,48.8,24.4,-73.2,-19.52,68.32,-248.88,-224.48,-229.36,-273.28
-9.76,-78.08,-68.32,43.92,29.28,-73.2,-19.52,68.32,-248.88,-224.48,-229.36,-258.64
-19.52,-68.32,-48.8,43.92,14.64,-58.56,-14.64,68.32,-248.88,-219.6,-229.36,-268.4
-29.28,-68.32,-39.04,48.8,4.88,-53.68,-14.64,68.32,-248.88,-219.6,-234.24,-268.4
-34.16,-73.2,-39.04,53.68,0,-58.56,-14.64,68.32,-248.88,-224.48,-234.24,-268.4
-34.16,-73.2,-39.04,53.68,0,-58.56,-9.76,68.32,-248.88,-224.48,-229.36,-268.4
-34.16,-73.2,-39.04,53.68,0,-58.56,-19.52,58.56,-248.88,-224.48,-229.36,-268.4
-34.16,-68.32,-34.16,53.68,0,-53.68,-19.52,53.68,-253.76,-224.48,-229.36,-273.28
-29.28,-68.32,-39.04,48.8,4.88,-53.68,-24.4,53.68,-258.64,-224.48,-229.36,-273.28
-29.28,-68.32,-39.04,48.8,4.88,-53.68,-24.4,53.68,-258.64,-234.24,-229.36,-273.28
-39.04,-78.08,-39.04,58.56,0,-58.56,-24.4,53.68,-253.76,-234.24,-229.36,-273.28
-39.04,-78.08,-39.04,58.56,0,-58.56,-24.4,53.68,-253.76,-234.24,-229.36,-273.28
-29.28,-78.08,-48.8,53.68,9.76,-63.44,-24.4,53.68,-253.76,-234.24,-229.36,-273.28
-29.28,-78.08,-48.8,53.68,9.76,-63.44,-24.4,48.8,-253.76,-234.24,-234.24,-283.04
-29.28,-78.08,-48.8,53.68,9.76,-63.44,-24.4,48.8,-248.88,-234.24,-234.24,-283.04
-29.28,-78.08,-48.8,53.68,9.76,-63.44,-24.4,48.8,-248.88,-234.24,-234.24,-278.16
-29.28,-78.08,-48.8,53.68,9.76,-63.44,-24.4,48.8,-248.88,-234.24,-234.24,-278.16
-29.28,-82.96,-53.68,58.56,9.76,-68.32,-24.4,48.8,-258.64,-234.24,-234.24,-278.16
-29.28,-78.08,-48.8,53.68,9.76,-63.44,-34.16,39.04,-248.88,-234.24,-234.24,-278.16
-29.28,-78.08,-48.8,53.68,9.76,-63.44,-34.16,39.04,-248.88,-234.24,-229.36,-278.16
-29.28,-78.08,-48.8,53.68,9.76,-63.44,-34.16,34.16,-258.64,-239.12,-229.36,-278.16
-29.28,-73.2,-43.92,53.68,4.88,-58.56,-34.16,34.16,-258.64,-239.12,-229.36,-278.16
-29.28,-73.2,-43.92,53.68,4.88,-58.56,-34.16,34.16,-258.64,-239.12,-229.36,-283.04
-29.28,-73.2,-43.92,53.68,4.88,-58.56,-39.04,34.16,-258.64,-239.12,-229.36,-283.04
-29.28,-73.2,-43.92,53.68,4.88,-58.56,-39.04,34.16,-258.64,-239.12,-229.36,-283.04
-29.28,-73.2,-43.92,53.68,4.88,-58.56,-39.04,34.16,-258.64,-234.24,-229.36,-283.04
-29.28,-73.2,-43.92,53.68,4.88,-58.56,-29.28,29.28,-258.64,-244,-229.36,-273.28
-39.04,-73.2,-34.16,58.56,-4.88,-53.68,-29.28,29.28,-263.52,-248.88,-234.24,-273.28
-29.28,-73.2,-43.92,53.68,4.88,-58.56,-29.28,29.28,-263.52,-248.88,-234.24,-273.28
-29.28,-78.08,-48.8,53.68,9.76,-63.44,-29.28,29.28,-263.52,-248.88,-229.36,-278.16
-43.92,-78.08,-34.16,63.44,-4.88,-58.56,-24.4,39.04,-253.76,-239.12,-219.6,-268.4
-58.56,-78.08,-19.52,68.32,-19.52,-48.8,-24.4,39.04,-248.88,-239.12,-214.72,-263.52
-48.8,-78.08,-29.28,63.44,-9.76,-53.68,-24.4,34.16,-248.88,-239.12,-214.72,-263.52
-48.8,-78.08,-29.28,63.44,-9.76,-53.68,-29.28,29.28,-258.64,-239.12,-224.48,-268.4
-39.04,-82.96,-43.92,63.44,0,-63.44,-29.28,29.28,-248.88,-244,-224.48,-268.4
-39.04,-82.96,-43.92,63.44,0,-63.44,-29.28,29.28,-248.88,-244,-219.6,-268.4
-39.04,-82.96,-43.92,63.44,0,-63.44,-29.28,29.28,-248.88,-244,-219.6,-268.4
-43.92,-82.96,-39.04,63.44,-4.88,-63.44,-24.4,34.16,-248.88,-248.88,-219.6,-268.4
-43.92,-92.72,-48.8,68.32,0,-73.2,-34.16,29.28,-258.64,-248.88,-229.36,-268.4
-43.92,-82.96,-39.04,63.44,-4.88,-63.44,-34.16,29.28,-258.64,-248.88,-229.36,-268.4
-43.92,-82.96,-39.04,63.44,-4.88,-63.44,-34.16,19.52,-268.4,-248.88,-229.36,-263.52
-43.92,-82.96,-39.04,63.44,-4.88,-63.44,-34.16,19.52,-258.64,-244,-229.36,-263.52
-34.16,-87.84,-53.68,63.44,9.76,-73.2,-24.4,19.52,-258.64,-253.76,-229.36,-273.28
-24.4,-87.84,-63.44,58.56,19.52,-78.08,-29.28,14.64,-263.52,-258.64,-234.24,-273.28
-34.16,-82.96,-48.8,58.56,4.88,-68.32,-29.28,14.64,-263.52,-258.64,-234.24,-268.4
-39.04,-82.96,-43.92,63.44,0,-63.44,-24.4,19.52,-263.52,-248.88,-229.36,-263.52
-43.92,-87.84,-43.92,68.32,0,-68.32,-24.4,19.52,-263.52,-248.88,-214.72,-263.52
-43.92,-87.84,-43.92,68.32,0,-68.32,-24.4,19.52,-268.4,-253.76,-214.72,-263.52
-39.04,-87.84,-48.8,63.44,4.88,-68.32,-24.4,19.52,-268.4,-253.76,-214.72,-263.52
-39.04,-87.84,-48.8,63.44,4.88,-68.32,-24.4,19.52,-268.4,-253.76,-219.6,-273.28
-39.04,-87.84,-48.8,63.44,4.88,-68.32,-34.16,9.76,-268.4,-253.76,-229.36,-273.28
-39.04,-87.84,-48.8,63.44,4.88,-68.32,-34.16,9.76,-268.4,-248.88,-229.36,-273.28
-39.04,-87.84,-48.8,63.44,4.88,-68.32,-34.16,4.88,-268.4,-248.88,-229.36,-273.28
-34.16,-87.84,-53.68,63.44,9.76,-73.2,-34.16,4.88,-268.4,-248.88,-234.24,-278.16
-34.16,-78.08,-43.92,58.56,4.88,-63.44,-34.16,4.88,-268.4,-263.52,-234.24,-287.92
-34.16,-78.08,-43.92,58.56,4.88,-63.44,-34.16,4.88,-268.4,-263.52,-229.36,-278.16
-34.16,-78.08,-43.92,58.56,4.88,-63.44,-34.16,4.88,-268.4,-263.52,-229.36,-278.16
-34.16,-78.08,-43.92,58.56,4.88,-63.44,-34.16,4.88,-273.28,-263.52,-229.36,-278.16
-34.16,-78.08,-43.92,58.56,4.88,-63.44,-24.4,9.76,-273.28,-263.52,-229.36,-273.28
-34.16,-78.08,-43.92,58.56,4.88,-63.44,-24.4,9.76,-273.28,-263.52,-229.36,-273.28
-34.16,-87.84,-53.68,63.44,9.76,-73.2,-24.4,4.88,-273.28,-263.52,-224.48,-273.28
-34.16,-78.08,-43.92,58.56,4.88,-63.44,-24.4,4.88,-273.28,-263.52,-224.48,-273.28
-39.04,-78.08,-39.04,58.56,0,-58.56,-24.4,4.88,-273.28,-263.52,-224.48,-263.52
-43.92,-78.08,-34.16,63.44,-4.88,-58.56,-24.4,4.88,-278.16,-263.52,-224.48,-268.4
-43.92,-78.08,-34.16,63.44,-4.88,-58.56,-24.4,4.88,-278.16,-263.52,-224.48,-273.28
-39.04,-78.08,-39.04,58.56,0,-58.56,-24.4,4.88,-278.16,-263.52,-224.48,-273.28
-34.16,-87.84,-53.68,63.44,9.76,-73.2,-14.64,4.88,-278.16,-263.52,-224.48,-273.28
-34.16,-87.84,-53.68,63.44,9.76,-73.2,-19.52,0,-287.92,-263.52,-224.48,-283.04
-34.16,-82.96,-48.8,58.56,4.88,-68.32,-19.52,0,-287.92,-263.52,-224.48,-273.28
-29.28,-82.96,-53.68,58.56,9.76,-68.32,-19.52,0,-278.16,-263.52,-224.48,-263.52
-29.28,-92.72,-63.44,63.44,14.64,-78.08,-19.52,4.88,-278.16,-263.52,-224.48,-273.28
-39.04,-92.72,-53.68,68.32,4.88,-73.2,-9.76,4.88,-273.28,-258.64,-209.84,-268.4
-39.04,-92.72,-53.68,68.32,4.88,-73.2,-14.64,0,-278.16,-258.64,-214.72,-273.28
-39.04,-87.84,-48.8,63.44,4.88,-68.32,-19.52,0,-283.04,-263.52,-224.48,-273.28
-29.28,-78.08,-48.8,53.68,9.76,-63.44,-9.76,0,-292.8,-263.52,-224.48,-273.28
-29.28,-78.08,-48.8,53.68,9.76,-63.44,-9.76,0,-292.8,-263.52,-224.48,-273.28
-29.28,-78.08,-48.8,53.68,9.76,-63.44,-9.76,0,-292.8,-263.52,-224.48,-273.28
-29.28,-78.08,-48.8,53.68,9.76,-63.44,-9.76,0,-292.8,-263.52,-224.48,-273.28
-39.04,-87.84,-48.8,63.44,4.88,-68.32,-9.76,9.76,-283.04,-253.76,-214.72,-263.52
-39.04,-87.84,-48.8,63.44,4.88,-68.32,-9.76,9.76,-283.04,-253.76,-214.72,-263.52
-39.04,-87.84,-48.8,63.44,4.88,-68.32,-9.76,9.76,-283.04,-253.76,-214.72,-263.52
-39.04,-87.84,-48.8,63.44,4.88,-68.32,-9.76,9.76,-283.04,-253.76,-214.72,-263.52
-29.28,-87.84,-58.56,58.56,14.64,-73.2,-9.76,0,-292.8,-263.52,-214.72,-273.28
-29.28,-87.84,-58.56,58.56,14.64,-73.2,-9.76,0,-292.8,-263.52,-214.72,-273.28
-29.28,-87.84,-58.56,58.56,14.64,-73.2,-9.76,0,-292.8,-263.52,-214.72,-273.28
-29.28,-87.84,-58.56,58.56,14.64,-73.2,-9.76,0,-292.8,-263.52,-214.72,-273.28
-34.16,-78.08,-43.92,58.56,4.88,-63.44,-9.76,0,-283.04,-263.52,-214.72,-273.28
-39.04,-78.08,-39.04,58.56,0,-58.56,-9.76,0,-283.04,-263.52,-214.72,-273.28
-43.92,-78.08,-34.16,63.44,-4.88,-58.56,-9.76,0,-283.04,-263.52,-214.72,-273.28
-48.8,-78.08,-29.28,63.44,-9.76,-53.68,-9.76,0,-283.04,-263.52,-214.72,-273.28
-48.8,-78.08,-29.28,63.44,-9.76,-53.68,-9.76,0,-292.8,-263.52,-214.72,-273.28
-48.8,-78.08,-29.28,63.44,-9.76,-53.68,-9.76,0,-292.8,-263.52,-214.72,-273.28
-48.8,-78.08,-29.28,63.44,-9.76,-53.68,-9.76,0,-292.8,-263.52,-214.72,-273.28
-48.8,-78.08,-29.28,63.44,-9.76,-53.68,-9.76,0,-292.8,-263.52,-214.72,-273.28
-43.92,-68.32,-24.4,58.56,-9.76,-48.8,-9.76,0,-302.56,-263.52,-219.6,-283.04
-39.04,-68.32,-29.28,53.68,-4.88,-48.8,-9.76,0,-302.56,-263.52,-224.48,-283.04
-34.16,-68.32,-34.16,53.68,0,-53.68,-9.76,0,-302.56,-263.52,-229.36,-283.04
-29.28,-68.32,-39.04,48.8,4.88,-53.68,-9.76,0,-302.56,-263.52,-234.24,-283.04
-39.04,-78.08,-39.04,58.56,0,-58.56,-9.76,9.76,-292.8,-263.52,-229.36,-273.28
-39.04,-78.08,-39.04,58.56,0,-58.56,-9.76,9.76,-292.8,-263.52,-224.48,-273.28
-39.04,-78.08,-39.04,58.56,0,-58.56,-9.76,9.76,-292.8,-263.52,-219.6,-273.28
-39.04,-78.08,-39.04,58.56,0,-58.56,-9.76,9.76,-292.8,-263.52,-214.72,-273.28
-39.04,-87.84,-48.8,63.44,4.88,-68.32,-9.76,9.76,-283.04,-263.52,-214.72,-273.28
-39.04,-87.84,-48.8,63.44,4.88,-68.32,-9.76,9.76,-283.04,-263.52,-214.72,-273.28
-39.04,-87.84,-48.8,63.44,4.88,-68.32,-9.76,9.76,-283.04,-263.52,-214.72,-273.28
-39.04,-87.84,-48.8,63.44,4.88,-68.32,-9.76,9.76,-283.04,-263.52,-214.72,-273.28
-29.28,-78.08,-48.8,53.68,9.76,-63.44,-19.52,0,-292.8,-273.28,-224.48,-283.04
-29.28,-78.08,-48.8,53.68,9.76,-63.44,-19.52,0,-292.8,-273.28,-224.48,-283.04
-29.28,-78.08,-48.8,53.68,9.76,-63.44,-19.52,0,-292.8,-273.28,-224.48,-283.04
-29.28,-78.08,-48.8,53.68,9.76,-63.44,-19.52,0,-292.8,-273.28,-224.48,-283.04
-34.16,-78.08,-43.92,58.56,4.88,-63.44,-9.76,9.76,-283.04,-263.52,-224.48,-273.28
-39.04,-78.08,-39.04,58.56,0,-58.56,-9.76,9.76,-283.04,-263.52,-224.48,-273.28
-43.92,-78.08,-34.16,63.44,-4.88,-58.56,-9.76,9.76,-283.04,-263.52,-224.48,-273.28
-48.8,-78.08,-29.28,63.44,-9.76,-53.68,-9.76,9.76,-283.04,-263.52,-224.48,-273.28
-39.04,-78.08,-39.04,58.56,0,-58.56,-9.76,0,-283.04,-263.52,-214.72,-273.28
-39.04,-78.08,-39.04,58.56,0,-58.56,-9.76,0,-283.04,-263.52,-214.72,-273.28
-39.04,-78.08,-39.04,58.56,0,-58.56,-9.76,0,-283.04,-263.52,-214.72,-273.28
-39.04,-78.08,-39.04,58.56,0,-58.56,-9.76,0,-283.04,-263.52,-214.72,-273.28
-39.04,-87.84,-48.8,63.44,4.88,-68.32,0,9.76,-283.04,-253.76,-214.72,-273.28
-39.04,-87.84,-48.8,63.44,4.88,-68.32,0,9.76,-283.04,-253.76,-214.72,-273.28
-39.04,-87.84,-48.8,63.44,4.88,-68.32,0,9.76,-283.04,-253.76,-214.72,-273.28
-39.04,-87.84,-48.8,63.44,4.88,-68.32,0,9.76,-283.04,-253.76,-214.72,-273.28
-29.28,-78.08,-48.8,53.68,9.76,-63.44,-9.76,9.76,-283.04,-263.52,-224.48,-273.28
-29.28,-78.08,-48.8,53.68,9.76,-63.44,-9.76,9.76,-283.04,-263.52,-224.48,-273.28
-29.28,-78.08,-48.8,53.68,9.76,-63.44,-9.76,9.76,-283.04,-263.52,-224.48,-273.28
-29.28,-78.08,-48.8,53.68,9.76,-63.44,-9.76,9.76,-283.04,-263.52,-224.48,-273.28
-29.28,-78.08,-48.8,53.68,9.76,-63.44,-9.76,0,-283.04,-263.52,-224.48,-283.04
-29.28,-78.08,-48.8,53.68,9.76,-63.44,-9.76,0,-283.04,-263.52,-224.48,-283.04
-29.28,-78.08,-48.8,53.68,9.76,-63.44,-9.76,0,-283.04,-263.52,-224.48,-283.04
-29.28,-78.08,-48.8,53.68,9.76,-63.44,-9.76,0,-283.04,-263.52,-224.48,-283.04
-29.28,-68.32,-39.04,48.8,4.88,-53.68,-9.76,0,-283.04,-263.52,-234.24,-283.04
-29.28,-68.32,-39.04,48.8,4.88,-53.68,-9.76,0,-283.04,-263.52,-234.24,-283.04
-29.28,-68.32,-39.04,48.8,4.88,-53.68,-9.76,0,-283.04,-263.52,-234.24,-283.04
-29.28,-68.32,-39.04,48.8,4.88,-53.68,-9.76,0,-283.04,-263.52,-234.24,-283.04
-39.04,-68.32,-29.28,53.68,-4.88,-48.8,-9.76,0,-283.04,-263.52,-224.48,-283.04
-39.04,-68.32,-29.28,53.68,-4.88,-48.8,-9.76,0,-283.04,-263.52,-224.48,-283.04
-39.04,-68.32,-29.28,53.68,-4.88,-48.8,-9.76,0,-283.04,-263.52,-224.48,-283.04
-39.04,-68.32,-29.28,53.68,-4.88,-48.8,-9.76,0,-283.04,-263.52,-224.48,-283.04
-48.8,-78.08,-29.28,63.44,-9.76,-53.68,-4.88,0,-273.28,-253.76,-214.72,-273.28
-48.8,-78.08,-29.28,63.44,-9.76,-53.68,0,0,-273.28,-253.76,-214.72,-273.28
-48.8,-78.08,-29.28,63.44,-9.76,-53.68,4.88,0,-273.28,-253.76,-214.72,-273.28
-48.8,-78.08,-29.28,63.44,-9.76,-53.68,9.76,0,-273.28,-253.76,-214.72,-273.28
-39.04,-78.08,-39.04,58.56,0,-58.56,9.76,0,-263.52,-253.76,-214.72,-283.04
-39.04,-78.08,-39.04,58.56,0,-58.56,9.76,0,-263.52,-253.76,-214.72,-283.04
-39.04,-78.08,-39.04,58.56,0,-58.56,9.76,0,-263.52,-253.76,-214.72,-283.04
-39.04,-78.08,-39.04,58.56,0,-58.56,9.76,0,-263.52,-253.76,-214.72,-283.04
-29.28,-78.08,-48.8,53.68,9.76,-63.44,0,-9.76,-273.28,-253.76,-214.72,-283.04
-29.28,-78.08,-48.8,53.68,9.76,-63.44,0,-9.76,-273.28,-253.76,-214.72,-283.04
-29.28,-78.08,-48.8,53.68,9.76,-63.44,0,-9.76,-273.28,-253.76,-214.72,-283.04
-29.28,-78.08,-48.8,53.68,9.76,-63.44,0,-9.76,-273.28,-253.76,-214.72,-283.04
-29.28,-68.32,-39.04,48.8,4.88,-53.68,0,-9.76,-273.28,-263.52,-224.48,-283.04
-29.28,-68.32,-39.04,48.8,4.88,-53.68,0,-9.76,-273.28,-263.52,-224.48,-283.04
-29.28,-68.32,-39.04,48.8,4.88,-53.68,0,-9.76,-273.28,-263.52,-224.48,-283.04
-29.28,-68.32,-39.04,48.8,4.88,-53.68,0,-9.76,-273.28,-263.52,-224.48,-283.04
-29.28,-78.08,-48.8,53.68,9.76,-63.44,0,-9.76,-273.28,-253.76,-224.48,-283.04
-29.28,-78.08,-48.8,53.68,9.76,-63.44,0,-9.76,-273.28,-253.76,-224.48,-283.04
-29.28,-78.08,-48.8,53.68,9.76,-63.44,0,-9.76,-273.28,-253.76,-224.48,-283.04
-29.28,-78.08,-48.8,53.68,9.76,-63.44,0,-9.76,-273.28,-253.76,-224.48,-283.04
-19.52,-68.32,-48.8,43.92,14.64,-58.56,0,-19.52,-273.28,-253.76,-224.48,-283.04
-19.52,-68.32,-48.8,43.92,14.64,-58.56,0,-19.52,-273.28,-253.76,-224.48,-283.04
-19.52,-68.32,-48.8,43.92,14.64,-58.56,0,-19.52,-273.28,-253.76,-224.48,-283.04
-19.52,-68.32,-48.8,43.92,14.64,-58.56,0,-19.52,-273.28,-253.76,-224.48,-283.04
-29.28,-68.32,-39.04,48.8,4.88,-53.68,9.76,-19.52,-273.28,-253.76,-214.72,-283.04
-29.28,-68.32,-39.04,48.8,4.88,-53.68,9.76,-19.52,-273.28,-253.76,-214.72,-283.04
-29.28,-68.32,-39.04,48.8,4.88,-53.68,9.76,-19.52,-273.28,-253.76,-214.72,-283.04
-29.28,-68.32,-39.04,48.8,4.88,-53.68,9.76,-19.52,-273.28,-253.76,-214.72,-283.04
-29.28,-68.32,-39.04,48.8,4.88,-53.68,9.76,-19.52,-283.04,-253.76,-224.48,-283.04
-29.28,-68.32,-39.04,48.8,4.88,-53.68,9.76,-19.52,-283.04,-253.76,-224.48,-283.04
-29.28,-68.32,-39.04,48.8,4.88,-53.68,9.76,-19.52,-283.04,-253.76,-224.48,-283.04
-29.28,-68.32,-39.04,48.8,4.88,-53.68,9.76,-19.52,-283.04,-253.76,-224.48,-283.04
-19.52,-78.08,-58.56,48.8,19.52,-68.32,9.76,-19.52,-273.28,-263.52,-214.72,-292.8
-19.52,-78.08,-58.56,48.8,19.52,-68.32,9.76,-19.52,-273.28,-263.52,-214.72,-292.8
-19.52,-78.08,-58.56,48.8,19.52,-68.32,9.76,-19.52,-273.28,-263.52,-214.72,-292.8
-19.52,-78.08,-58.56,48.8,19.52,-68.32,9.76,-19.52,-273.28,-263.52,-214.72,-292.8
-29.28,-78.08,-48.8,53.68,9.76,-63.44,9.76,-9.76,-273.28,-253.76,-214.72,-292.8
-29.28,-78.08,-48.8,53.68,9.76,-63.44,9.76,-9.76,-273.28,-253.76,-214.72,-292.8
-29.28,-78.08,-48.8,53.68,9.76,-63.44,9.76,-9.76,-273.28,-253.76,-214.72,-292.8
-29.28,-78.08,-48.8,53.68,9.76,-63.44,9.76,-9.76,-273.28,-253.76,-214.72,-292.8
-29.28,-78.08,-48.8,53.68,9.76,-63.44,9.76,-19.52,-283.04,-253.76,-214.72,-283.04
-29.28,-78.08,-48.8,53.68,9.76,-63.44,9.76,-19.52,-283.04,-253.76,-214.72,-283.04
-29.28,-78.08,-48.8,53.68,9.76,-63.44,9.76,-19.52,-283.04,-253.76,-214.72,-283.04
-29.28,-78.08,-48.8,53.68,9.76,-63.44,9.76,-19.52,-283.04,-253.76,-214.72,-283.04
-24.4,-78.08,-53.68,53.68,14.64,-68.32,9.76,-29.28,-283.04,-263.52,-214.72,-292.8
-19.52,-78.08,-58.56,48.8,19.52,-68.32,9.76,-29.28,-283.04,-263.52,-214.72,-292.8
-14.64,-78.08,-63.44,48.8,24.4,-73.2,9.76,-29.28,-283.04,-263.52,-214.72,-292.8
-9.76,-78.08,-68.32,43.92,29.28,-73.2,9.76,-29.28,-283.04,-263.52,-214.72,-292.8
-19.52,-68.32,-48.8,43.92,14.64,-58.56,9.76,-29.28,-273.28,-263.52,-214.72,-292.8
-19.52,-68.32,-48.8,43.92,14.64,-58.56,9.76,-29.28,-273.28,-263.52,-214.72,-292.8
-19.52,-68.32,-48.8,43.92,14.64,-58.56,9.76,-29.28,-273.28,-263.52,-214.72,-292.8
-19.52,-68.32,-48.8,43.92,14.64,-58.56,9.76,-29.28,-273.28,-263.52,-214.72,-292.8
-24.4,-68.32,-43.92,48.8,9.76,-58.56,19.52,-19.52,-273.28,-253.76,-214.72,-283.04
-29.28,-68.32,-39.04,48.8,4.88,-53.68,19.52,-19.52,-273.28,-253.76,-214.72,-283.04
-34.16,-68.32,-34.16,53.68,0,-53.68,19.52,-19.52,-273.28,-253.76,-214.72,-283.04
-39.04,-68.32,-29.28,53.68,-4.88,-48.8,19.52,-19.52,-273.28,-253.76,-214.72,-283.04
-29.28,-68.32,-39.04,48.8,4.88,-53.68,19.52,-19.52,-273.28,-253.76,-214.72,-283.04
-29.28,-68.32,-39.04,48.8,4.88,-53.68,19.52,-19.52,-273.28,-253.76,-214.72,-283.04
-29.28,-68.32,-39.04,48.8,4.88,-53.68,19.52,-19.52,-273.28,-253.76,-214.72,-283.04
-29.28,-68.32,-39.04,48.8,4.88,-53.68,19.52,-19.52,-273.28,-253.76,-214.72,-283.04
-19.52,-68.32,-48.8,43.92,14.64,-58.56,9.76,-19.52,-273.28,-253.76,-214.72,-292.8
-19.52,-68.32,-48.8,43.92,14.64,-58.56,9.76,-19.52,-273.28,-253.76,-214.72,-292.8
-19.52,-68.32,-48.8,43.92,14.64,-58.56,9.76,-19.52,-273.28,-253.76,-214.72,-292.8
-19.52,-68.32,-48.8,43.92,14.64,-58.56,9.76,-19.52,-273.28,-253.76,-214.72,-292.8
-19.52,-68.32,-48.8,43.92,14.64,-58.56,9.76,-19.52,-283.04,-263.52,-224.48,-292.8
-19.52,-68.32,-48.8,43.92,14.64,-58.56,9.76,-19.52,-283.04,-263.52,-224.48,-292.8
-19.52,-68.32,-48.8,43.92,14.64,-58.56,9.76,-19.52,-283.04,-263.52,-224.48,-292.8
-19.52,-68.32,-48.8,43.92,14.64,-58.56,9.76,-19.52,-283.04,-263.52,-224.48,-292.8
-29.28,-78.08,-48.8,53.68,9.76,-63.44,9.76,-19.52,-278.16,-253.76,-219.6,-292.8
-29.28,-78.08,-48.8,53.68,9.76,-63.44,9.76,-19.52,-273.28,-253.76,-214.72,-292.8
-29.28,-78.08,-48.8,53.68,9.76,-63.44,9.76,-19.52,-268.4,-253.76,-209.84,-292.8
-29.28,-78.08,-48.8,53.68,9.76,-63.44,9.76,-19.52,-263.52,-253.76,-204.96,-292.8
-19.52,-68.32,-48.8,43.92,14.64,-58.56,9.76,-29.28,-273.28,-253.76,-209.84,-302.56
-19.52,-68.32,-48.8,43.92,14.64,-58.56,9.76,-29.28,-273.28,-253.76,-214.72,-302.56
-19.52,-68.32,-48.8,43.92,14.64,-58.56,9.76,-29.28,-273.28,-253.76,-219.6,-302.56
-19.52,-68.32,-48.8,43.92,14.64,-58.56,9.76,-29.28,-273.28,-253.76,-224.48,-302.56
-29.28,-78.08,-48.8,53.68,9.76,-63.44,19.52,-19.52,-263.52,-253.76,-214.72,-302.56
-29.28,-78.08,-48.8,53.68,9.76,-63.44,19.52,-19.52,-263.52,-253.76,-214.72,-302.56
-29.28,-78.08,-48.8,53.68,9.76,-63.44,19.52,-19.52,-263.52,-253.76,-214.72,-302.56
-29.28,-78.08,-48.8,53.68,9.76,-63.44,19.52,-19.52,-263.52,-253.76,-214.72,-302.56
-24.4,-78.08,-53.68,53.68,14.64,-68.32,19.52,-19.52,-263.52,-253.76,-224.48,-292.8
-19.52,-78.08,-58.56,48.8,19.52,-68.32,19.52,-19.52,-263.52,-253.76,-224.48,-292.8
-14.64,-78.08,-63.44,48.8,24.4,-73.2,19.52,-19.52,-263.52,-253.76,-224.48,-292.8
-9.76,-78.08,-68.32,43.92,29.28,-73.2,19.52,-19.52,-263.52,-253.76,-224.48,-292.8
-14.64,-68.32,-53.68,43.92,19.52,-63.44,9.76,-19.52,-253.76,-253.76,-224.48,-302.56
-19.52,-68.32,-48.8,43.92,14.64,-58.56,9.76,-19.52,-253.76,-253.76,-224.48,-302.56
-24.4,-68.32,-43.92,48.8,9.76,-58.56,9.76,-19.52,-253.76,-253.76,-224.48,-302.56
-29.28,-68.32,-39.04,48.8,4.88,-53.68,9.76,-19.52,-253.76,-253.76,-224.48,-302.56
-29.28,-78.08,-48.8,53.68,9.76,-63.44,19.52,-19.52,-253.76,-244,-214.72,-292.8
-29.28,-78.08,-48.8,53.68,9.76,-63.44,19.52,-19.52,-253.76,-244,-214.72,-292.8
-29.28,-78.08,-48.8,53.68,9.76,-63.44,19.52,-19.52,-253.76,-244,-214.72,-292.8
-29.28,-78.08,-48.8,53.68,9.76,-63.44,19.52,-19.52,-253.76,-244,-214.72,-292.8
-19.52,-68.32,-48.8,43.92,14.64,-58.56,19.52,-9.76,-253.76,-244,-224.48,-302.56
-19.52,-68.32,-48.8,43.92,14.64,-58.56,19.52,-9.76,-253.76,-244,-224.48,-302.56
-19.52,-68.32,-48.8,43.92,14.64,-58.56,19.52,-9.76,-253.76,-244,-224.48,-302.56
-19.52,-68.32,-48.8,43.92,14.64,-58.56,19.52,-9.76,-253.76,-244,-224.48,-302.56
-19.52,-68.32,-48.8,43.92,14.64,-58.56,9.76,-14.64,-244,-253.76,-224.48,-302.56
-19.52,-68.32,-48.8,43.92,14.64,-58.56,9.76,-19.52,-244,-253.76,-224.48,-302.56
-19.52,-68.32,-48.8,43.92,14.64,-58.56,9.76,-24.4,-244,-253.76,-224.48,-302.56
-19.52,-68.32,-48.8,43.92,14.64,-58.56,9.76,-29.28,-244,-253.76,-224.48,-302.56
-19.52,-68.32,-48.8,43.92,14.64,-58.56,9.76,-19.52,-244,-244,-224.48,-292.8
-19.52,-68.32,-48.8,43.92,14.64,-58.56,9.76,-19.52,-244,-244,-224.48,-292.8
-19.52,-68.32,-48.8,43.92,14.64,-58.56,9.76,-19.52,-244,-244,-224.48,-292.8
-19.52,-68.32,-48.8,43.92,14.64,-58.56,9.76,-19.52,-244,-244,-224.48,-292.8
-19.52,-78.08,-58.56,48.8,19.52,-68.32,9.76,-19.52,-253.76,-244,-224.48,-302.56
-19.52,-78.08,-58.56,48.8,19.52,-68.32,9.76,-19.52,-253.76,-244,-224.48,-302.56
-19.52,-78.08,-58.56,48.8,19.52,-68.32,9.76,-19.52,-253.76,-244,-224.48,-302.56
-19.52,-78.08,-58.56,48.8,19.52,-68.32,9.76,-19.52,-253.76,-244,-224.48,-302.56
-29.28,-68.32,-39.04,48.8,4.88,-53.68,9.76,-19.52,-244,-253.76,-224.48,-302.56
-29.28,-68.32,-39.04,48.8,4.88,-53.68,9.76,-19.52,-244,-253.76,-224.48,-302.56
-29.28,-68.32,-39.04,48.8,4.88,-53.68,9.76,-19.52,-244,-253.76,-224.48,-302.56
-29.28,-68.32,-39.04,48.8,4.88,-53.68,9.76,-19.52,-244,-253.76,-224.48,-302.56
-19.52,-68.32,-48.8,43.92,14.64,-58.56,9.76,-29.28,-244,-253.76,-224.48,-302.56
-19.52,-68.32,-48.8,43.92,14.64,-58.56,9.76,-29.28,-244,-253.76,-224.48,-302.56
-19.52,-68.32,-48.8,43.92,14.64,-58.56,9.76,-29.28,-244,-253.76,-224.48,-302.56
-19.52,-68.32,-48.8,43.92,14.64,-58.56,9.76,-29.28,-244,-253.76,-224.48,-302.56
-29.28,-78.08,-48.8,53.68,9.76,-63.44,19.52,-24.4,-234.24,-244,-224.48,-302.56
-29.28,-78.08,-48.8,53.68,9.76,-63.44,19.52,-19.52,-234.24,-244,-224.48,-302.56
-29.28,-78.08,-48.8,53.68,9.76,-63.44,19.52,-14.64,-234.24,-244,-224.48,-302.56
-29.28,-78.08,-48.8,53.68,9.76,-63.44,19.52,-9.76,-234.24,-244,-224.48,-302.56
-19.52,-68.32,-48.8,43.92,14.64,-58.56,19.52,-19.52,-234.24,-244,-224.48,-302.56
-19.52,-68.32,-48.8,43.92,14.64,-58.56,19.52,-19.52,-234.24,-244,-224.48,-302.56
-19.52,-68.32,-48.8,43.92,14.64,-58.56,19.52,-19.52,-234.24,-244,-224.48,-302.56
-19.52,-68.32,-48.8,43.92,14.64,-58.56,19.52,-19.52,-234.24,-244,-224.48,-302.56
-19.52,-68.32,-48.8,43.92,14.64,-58.56,19.52,-29.28,-244,-253.76,-234.24,-302.56
-19.52,-68.32,-48.8,43.92,14.64,-58.56,19.52,-29.28,-244,-253.76,-234.24,-302.56
-19.52,-68.32,-48.8,43.92,14.64,-58.56,19.52,-29.28,-244,-253.76,-234.24,-302.56
-19.52,-68.32,-48.8,43.92,14.64,-58.56,19.52,-29.28,-244,-253.76,-234.24,-302.56
-19.52,-68.32,-48.8,43.92,14.64,-58.56,19.52,-19.52,-234.24,-244,-224.48,-302.56
-19.52,-68.32,-48.8,43.92,14.64,-58.56,19.52,-19.52,-234.24,-244,-224.48,-302.56
-19.52,-68.32,-48.8,43.92,14.64,-58.56,19.52,-19.52,-234.24,-244,-224.48,-302.56
-19.52,-68.32,-48.8,43.92,14.64,-58.56,19.52,-19.52,-234.24,-244,-224.48,-302.56
-19.52,-78.08,-58.56,48.8,19.52,-68.32,19.52,-19.52,-244,-244,-224.48,-302.56
-19.52,-78.08,-58.56,48.8,19.52,-68.32,19.52,-19.52,-244,-244,-224.48,-302.56
-19.52,-78.08,-58.56,48.8,19.52,-68.32,19.52,-19.52,-244,-244,-224.48,-302.56
-19.52,-78.08,-58.56,48.8,19.52,-68.32,19.52,-19.52,-244,-244,-224.48,-302.56
-19.52,-73.2,-53.68,48.8,14.64,-63.44,19.52,-19.52,-244,-253.76,-234.24,-312.32
-19.52,-68.32,-48.8,43.92,14.64,-58.56,19.52,-19.52,-244,-253.76,-234.24,-312.32
-19.52,-63.44,-43.92,43.92,9.76,-53.68,19.52,-19.52,-244,-253.76,-234.24,-312.32
-19.52,-58.56,-39.04,39.04,9.76,-48.8,19.52,-19.52,-244,-253.76,-234.24,-312.32
-19.52,-68.32,-48.8,43.92,14.64,-58.56,19.52,-19.52,-234.24,-248.88,-234.24,-302.56
-19.52,-68.32,-48.8,43.92,14.64,-58.56,19.52,-19.52,-234.24,-244,-234.24,-302.56
-19.52,-68.32,-48.8,43.92,14.64,-58.56,19.52,-19.52,-234.24,-239.12,-234.24,-302.56
-14.64,-68.32,-53.68,43.92,19.52,-63.44,19.52,-19.52,-229.36,-234.24,-234.24,-302.56
-14.64,-68.32,-53.68,43.92,19.52,-63.44,19.52,-14.64,-239.12,-234.24,-234.24,-307.44
-14.64,-73.2,-58.56,43.92,19.52,-68.32,19.52,-14.64,-239.12,-234.24,-234.24,-307.44
-14.64,-73.2,-58.56,43.92,19.52,-68.32,19.52,-14.64,-239.12,-234.24,-234.24,-307.44
-19.52,-73.2,-53.68,48.8,14.64,-63.44,19.52,-14.64,-239.12,-234.24,-234.24,-307.44
-29.28,-63.44,-34.16,48.8,0,-48.8,19.52,-19.52,-244,-234.24,-234.24,-307.44
-24.4,-58.56,-34.16,43.92,4.88,-48.8,19.52,-19.52,-244,-234.24,-234.24,-302.56
-24.4,-58.56,-34.16,43.92,4.88,-48.8,19.52,-19.52,-239.12,-229.36,-234.24,-302.56
-24.4,-63.44,-39.04,43.92,4.88,-53.68,19.52,-19.52,-239.12,-229.36,-234.24,-302.56
-9.76,-63.44,-53.68,39.04,19.52,-58.56,19.52,-19.52,-248.88,-229.36,-234.24,-302.56
4.88,-58.56,-63.44,29.28,34.16,-63.44,19.52,-9.76,-244,-229.36,-234.24,-302.56
9.76,-58.56,-68.32,24.4,39.04,-63.44,19.52,-9.76,-239.12,-229.36,-229.36,-302.56
14.64,-53.68,-68.32,19.52,39.04,-63.44,29.28,-4.88,-234.24,-224.48,-229.36,-302.56
9.76,-43.92,-53.68,19.52,29.28,-48.8,39.04,4.88,-219.6,-214.72,-214.72,-287.92
14.64,-39.04,-53.68,14.64,34.16,-48.8,53.68,14.64,-219.6,-204.96,-214.72,-283.04
0,-34.16,-34.16,19.52,14.64,-34.16,63.44,19.52,-209.84,-204.96,-204.96,-283.04
-14.64,-19.52,-4.88,19.52,-4.88,-14.64,78.08,29.28,-204.96,-195.2,-200.08,-273.28
-14.64,-9.76,4.88,14.64,-9.76,-4.88,92.72,39.04,-195.2,-195.2,-195.2,-273.28
-9.76,0,9.76,4.88,-9.76,4.88,102.48,43.92,-190.32,-195.2,-190.32,-273.28
-9.76,4.88,14.64,4.88,-14.64,9.76,112.24,43.92,-185.44,-190.32,-190.32,-263.52
-14.64,9.76,24.4,4.88,-19.52,14.64,117.12,53.68,-180.56,-185.44,-185.44,-263.52
-14.64,4.88,19.52,4.88,-19.52,9.76,117.12,53.68,-180.56,-175.68,-195.2,-268.4
-14.64,4.88,19.52,4.88,-19.52,9.76,122,53.68,-180.56,-175.68,-195.2,-268.4
-14.64,0,14.64,9.76,-14.64,4.88,126.88,63.44,-175.68,-170.8,-190.32,-268.4
-19.52,0,19.52,9.76,-19.52,9.76,131.76,63.44,-175.68,-170.8,-190.32,-268.4
-9.76,0,9.76,4.88,-9.76,4.88,131.76,53.68,-185.44,-180.56,-190.32,-258.64
0,4.88,4.88,0,-4.88,4.88,131.76,53.68,-180.56,-180.56,-190.32,-258.64
4.88,4.88,0,-4.88,0,0,131.76,58.56,-180.56,-180.56,-185.44,-258.64
4.88,4.88,0,-4.88,0,0,131.76,58.56,-180.56,-180.56,-185.44,-253.76
14.64,14.64,0,-14.64,4.88,4.88,122,53.68,-185.44,-180.56,-195.2,-258.64
19.52,14.64,-4.88,-14.64,9.76,4.88,117.12,53.68,-185.44,-180.56,-195.2,-263.52
19.52,19.52,0,-19.52,9.76,9.76,107.36,39.04,-185.44,-180.56,-195.2,-263.52
24.4,24.4,0,-24.4,9.76,9.76,87.84,34.16,-190.32,-180.56,-195.2,-268.4
24.4,24.4,0,-24.4,9.76,9.76,73.2,19.52,-190.32,-180.56,-195.2,-258.64
19.52,19.52,0,-19.52,9.76,9.76,63.44,19.52,-195.2,-180.56,-195.2,-258.64
19.52,14.64,-4.88,-14.64,9.76,4.88,43.92,24.4,-195.2,-180.56,-195.2,-258.64
24.4,0,-24.4,-9.76,24.4,-14.64,39.04,24.4,-195.2,-180.56,-195.2,-258.64
19.52,4.88,-14.64,-9.76,14.64,-4.88,39.04,14.64,-190.32,-185.44,-185.44,-268.4
14.64,0,-14.64,-4.88,14.64,-9.76,39.04,14.64,-190.32,-190.32,-195.2,-268.4
9.76,-4.88,-14.64,0,9.76,-9.76,43.92,19.52,-190.32,-190.32,-195.2,-268.4
9.76,-9.76,-19.52,0,14.64,-14.64,48.8,19.52,-195.2,-190.32,-195.2,-268.4
9.76,-4.88,-14.64,0,9.76,-9.76,48.8,9.76,-195.2,-204.96,-209.84,-273.28
9.76,-4.88,-14.64,0,9.76,-9.76,43.92,4.88,-200.08,-209.84,-209.84,-278.16
9.76,-9.76,-19.52,0,14.64,-14.64,39.04,0,-209.84,-209.84,-209.84,-278.16
9.76,-14.64,-24.4,4.88,14.64,-19.52,39.04,-9.76,-214.72,-214.72,-209.84,-278.16
19.52,-14.64,-34.16,0,24.4,-24.4,19.52,-24.4,-224.48,-214.72,-214.72,-278.16
19.52,-14.64,-34.16,0,24.4,-24.4,19.52,-29.28,-219.6,-214.72,-214.72,-278.16
24.4,-14.64,-39.04,-4.88,29.28,-29.28,19.52,-34.16,-219.6,-214.72,-209.84,-278.16
24.4,-34.16,-58.56,4.88,39.04,-48.8,14.64,-39.04,-224.48,-214.72,-209.84,-278.16
43.92,-43.92,-87.84,0,63.44,-68.32,0,-53.68,-239.12,-224.48,-219.6,-278.16
43.92,-43.92,-87.84,0,63.44,-68.32,-4.88,-53.68,-239.12,-229.36,-224.48,-283.04
34.16,-48.8,-82.96,9.76,58.56,-68.32,-4.88,-53.68,-244,-229.36,-224.48,-283.04
34.16,-48.8,-82.96,9.76,58.56,-68.32,-9.76,-53.68,-244,-234.24,-224.48,-283.04
29.28,-48.8,-78.08,9.76,53.68,-63.44,-4.88,-43.92,-239.12,-234.24,-224.48,-283.04
19.52,-48.8,-68.32,14.64,43.92,-58.56,4.88,-43.92,-234.24,-234.24,-234.24,-283.04
4.88,-58.56,-63.44,29.28,34.16,-63.44,9.76,-43.92,-224.48,-234.24,-239.12,-287.92
-9.76,-58.56,-48.8,34.16,19.52,-53.68,14.64,-43.92,-219.6,-244,-239.12,-292.8
-9.76,-63.44,-53.68,39.04,19.52,-58.56,9.76,-43.92,-209.84,-244,-244,-292.8
-14.64,-68.32,-53.68,43.92,19.52,-63.44,9.76,-48.8,-204.96,-248.88,-248.88,-297.68
-19.52,-73.2,-53.68,48.8,14.64,-63.44,4.88,-58.56,-204.96,-248.88,-248.88,-297.68
-19.52,-73.2,-53.68,48.8,14.64,-63.44,4.88,-58.56,-200.08,-248.88,-253.76,-297.68
-9.76,-82.96,-73.2,48.8,29.28,-78.08,-4.88,-63.44,-200.08,-258.64,-258.64,-317.2
-9.76,-87.84,-78.08,48.8,34.16,-82.96,-9.76,-63.44,-209.84,-268.4,-258.64,-317.2
-9.76,-87.84,-78.08,48.8,34.16,-82.96,-9.76,-68.32,-209.84,-268.4,-258.64,-317.2
-9.76,-87.84,-78.08,48.8,34.16,-82.96,-14.64,-68.32,-209.84,-273.28,-263.52,-317.2
-19.52,-78.08,-58.56,48.8,19.52,-68.32,-14.64,-87.84,-209.84,-268.4,-263.52,-317.2
-9.76,-78.08,-68.32,43.92,29.28,-73.2,-14.64,-92.72,-219.6,-268.4,-263.52,-317.2
0,-78.08,-78.08,39.04,39.04,-78.08,-14.64,-92.72,-209.84,-268.4,-263.52,-312.32
-14.64,-73.2,-58.56,43.92,19.52,-68.32,-14.64,-87.84,-209.84,-268.4,-263.52,-307.44
-14.64,-63.44,-48.8,39.04,14.64,-58.56,-14.64,-68.32,-190.32,-263.52,-268.4,-307.44
-4.88,-73.2,-68.32,39.04,29.28,-73.2,-4.88,-58.56,-180.56,-244,-253.76,-292.8
-14.64,-87.84,-73.2,53.68,29.28,-82.96,4.88,-43.92,-161.04,-229.36,-239.12,-283.04
-14.64,-78.08,-63.44,48.8,24.4,-73.2,9.76,-53.68,-151.28,-234.24,-244,-292.8
4.88,-43.92,-48.8,19.52,24.4,-48.8,4.88,-58.56,-151.28,-244,-248.88,-297.68
9.76,-43.92,-53.68,19.52,29.28,-48.8,9.76,-29.28,-141.52,-229.36,-234.24,-297.68
-24.4,-58.56,-34.16,43.92,4.88,-48.8,29.28,-4.88,-117.12,-209.84,-219.6,-287.92
-34.16,-43.92,-9.76,39.04,-14.64,-29.28,39.04,4.88,-112.24,-200.08,-214.72,-283.04
-34.16,-29.28,4.88,34.16,-19.52,-14.64,48.8,24.4,-87.84,-190.32,-200.08,-278.16
-48.8,-19.52,29.28,34.16,-39.04,4.88,58.56,29.28,-78.08,-175.68,-190.32,-273.28
-53.68,-14.64,39.04,34.16,-48.8,9.76,68.32,43.92,-63.44,-161.04,-195.2,-273.28
-48.8,-9.76,39.04,29.28,-43.92,14.64,78.08,63.44,-43.92,-151.28,-180.56,-263.52
-43.92,0,43.92,24.4,-43.92,19.52,82.96,92.72,-29.28,-141.52,-180.56,-263.52
-39.04,4.88,43.92,19.52,-43.92,24.4,92.72,97.6,-19.52,-136.64,-175.68,-273.28
-39.04,19.52,58.56,9.76,-48.8,39.04,107.36,122,-4.88,-122,-170.8,-268.4
-43.92,19.52,63.44,14.64,-53.68,39.04,122,141.52,19.52,-97.6,-151.28,-258.64
-68.32,24.4,92.72,24.4,-82.96,58.56,131.76,156.16,39.04,-92.72,-146.4,-258.64
-68.32,34.16,102.48,19.52,-87.84,68.32,141.52,170.8,58.56,-73.2,-136.64,-258.64
-68.32,39.04,107.36,14.64,-87.84,73.2,161.04,190.32,82.96,-68.32,-131.76,-258.64
-58.56,43.92,102.48,9.76,-82.96,73.2,175.68,219.6,97.6,-53.68,-131.76,-258.64
-39.04,48.8,87.84,-4.88,-63.44,68.32,195.2,268.4,136.64,-39.04,-136.64,-268.4
-4.88,73.2,78.08,-34.16,-43.92,73.2,224.48,351.36,195.2,-4.88,-122,-258.64
-4.88,102.48,107.36,-48.8,-58.56,102.48,273.28,478.24,287.92,58.56,-87.84,-248.88
-43.92,131.76,175.68,-43.92,-112.24,151.28,351.36,649.04,414.8,156.16,-43.92,-234.24
-43.92,165.92,209.84,-58.56,-126.88,185.44,434.32,834.48,556.32,253.76,9.76,-214.72
14.64,209.84,195.2,-112.24,-92.72,200.08,492.88,1010.16,707.6,380.64,78.08,-185.44
48.8,248.88,200.08,-146.4,-78.08,224.48,541.68,1141.92,844.24,507.52,156.16,-151.28
58.56,273.28,214.72,-165.92,-78.08,244,590.48,1224.88,971.12,634.4,244,-107.36
63.44,297.68,234.24,-180.56,-87.84,263.52,649.04,1307.84,1127.28,785.68,356.24,-48.8
68.32,356.24,287.92,-209.84,-112.24,322.08,712.48,1371.28,1302.96,971.12,488,39.04
97.6,439.2,341.6,-268.4,-122,390.4,756.4,1434.72,1493.28,1195.6,663.68,146.4
156.16,527.04,370.88,-341.6,-107.36,448.96,756.4,1483.52,1693.36,1449.36,858.88,283.04
224.48,619.76,395.28,-419.68,-87.84,507.52,717.36,1522.56,1917.84,1708,1063.84,409.92
302.56,717.36,414.8,-507.52,-58.56,566.08,610,1454.24,2108.16,1981.28,1268.8,546.56
395.28,834.48,439.2,-614.88,-24.4,634.4,448.96,1220,2244.8,2235.04,1468.88,697.84
468.48,922.32,453.84,-692.96,4.88,688.08,268.4,976,2318,2440,1644.56,814.96
522.16,976,453.84,-746.64,34.16,712.48,112.24,722.24,2278.96,2547.36,1761.68,912.56
517.28,976,458.72,-746.64,29.28,717.36,0,439.2,2166.72,2552.24,1825.12,971.12
458.72,936.96,478.24,-697.84,-9.76,707.6,-92.72,268.4,2034.96,2435.12,1771.44,971.12
390.4,854,463.6,-619.76,-39.04,658.8,-195.2,180.56,1873.92,2181.36,1615.28,888.16
317.2,751.52,434.32,-531.92,-58.56,590.48,-297.68,39.04,1625.04,1859.28,1381.04,751.52
258.64,639.28,380.64,-448.96,-63.44,507.52,-390.4,-131.76,1366.4,1551.84,1166.32,629.52
200.08,561.2,361.12,-380.64,-82.96,458.72,-497.76,-283.04,1137.04,1283.44,961.36,512.4
117.12,488,370.88,-302.56,-126.88,429.44,-595.36,-409.92,897.92,1005.28,761.28,380.64
9.76,400.16,390.4,-204.96,-190.32,395.28,-595.36,-488,639.28,668.56,512.4,219.6
-107.36,283.04,390.4,-87.84,-248.88,336.72,-507.52,-527.04,370.88,326.96,248.88,43.92
-170.8,170.8,341.6,0,-258.64,253.76,-434.32,-570.96,102.48,34.16,43.92,-92.72
-185.44,117.12,302.56,34.16,-244,209.84,-405.04,-570.96,-53.68,-112.24,-58.56,-151.28
-165.92,117.12,283.04,24.4,-224.48,200.08,-395.28,-502.64,-58.56,-136.64,-87.84,-175.68
-165.92,126.88,292.8,19.52,-229.36,209.84,-390.4,-400.16,-9.76,-126.88,-102.48,-180.56
-156.16,126.88,283.04,14.64,-219.6,204.96,-366,-312.32,19.52,-112.24,-82.96,-170.8
-131.76,141.52,273.28,-4.88,-204.96,204.96,-302.56,-248.88,58.56,-82.96,-58.56,-151.28
-122,141.52,263.52,-9.76,-195.2,200.08,-239.12,-190.32,68.32,-73.2,-48.8,-146.4
-117.12,122,239.12,0,-180.56,180.56,-185.44,-141.52,82.96,-73.2,-58.56,-151.28
-92.72,117.12,209.84,-9.76,-151.28,161.04,-112.24,-92.72,92.72,-73.2,-73.2,-156.16
-53.68,126.88,180.56,-34.16,-117.12,151.28,-58.56,-48.8,97.6,-68.32,-82.96,-170.8
-34.16,102.48,136.64,-34.16,-87.84,117.12,-14.64,24.4,112.24,-68.32,-92.72,-170.8
-34.16,73.2,107.36,-19.52,-73.2,87.84,14.64,87.84,126.88,-78.08,-97.6,-180.56
-19.52,58.56,78.08,-19.52,-48.8,68.32,34.16,112.24,126.88,-87.84,-112.24,-185.44
-24.4,53.68,78.08,-14.64,-53.68,63.44,43.92,107.36,126.88,-102.48,-131.76,-190.32
-24.4,39.04,63.44,-4.88,-43.92,48.8,53.68,112.24,117.12,-122,-136.64,-185.44
-14.64,29.28,43.92,-4.88,-29.28,34.16,63.44,117.12,107.36,-131.76,-146.4,-195.2
0,9.76,9.76,-4.88,-4.88,9.76,68.32,117.12,102.48,-146.4,-165.92,-204.96
0,0,0,0,0,0,73.2,117.12,92.72,-170.8,-175.68,-224.48
19.52,-9.76,-29.28,-4.88,24.4,-19.52,73.2,122,78.08,-175.68,-195.2,-234.24
19.52,-24.4,-43.92,4.88,29.28,-34.16,87.84,131.76,63.44,-190.32,-214.72,-253.76
24.4,-29.28,-53.68,4.88,39.04,-43.92,87.84,146.4,63.44,-190.32,-214.72,-253.76
24.4,-29.28,-53.68,4.88,39.04,-43.92,92.72,156.16,68.32,-190.32,-214.72,-253.76
19.52,-29.28,-48.8,4.88,34.16,-39.04,92.72,156.16,78.08,-190.32,-214.72,-253.76
9.76,-14.64,-24.4,4.88,14.64,-19.52,97.6,161.04,78.08,-190.32,-214.72,-248.88
4.88,-14.64,-19.52,4.88,9.76,-19.52,92.72,156.16,78.08,-190.32,-209.84,-244
-4.88,-14.64,-9.76,9.76,0,-14.64,92.72,156.16,78.08,-185.44,-204.96,-239.12
-14.64,-14.64,0,14.64,-9.76,-9.76,97.6,156.16,73.2,-185.44,-209.84,-244
-4.88,-24.4,-19.52,14.64,4.88,-24.4,102.48,165.92,82.96,-195.2,-219.6,-253.76
0,-24.4,-24.4,14.64,9.76,-24.4,107.36,170.8,82.96,-195.2,-219.6,-253.76
4.88,-29.28,-34.16,14.64,19.52,-34.16,107.36,185.44,82.96,-190.32,-219.6,-258.64
14.64,-29.28,-43.92,9.76,29.28,-39.04,102.48,195.2,87.84,-190.32,-219.6,-258.64
14.64,-19.52,-34.16,4.88,24.4,-29.28,107.36,204.96,97.6,-190.32,-219.6,-258.64
14.64,-19.52,-34.16,4.88,24.4,-29.28,107.36,204.96,107.36,-180.56,-209.84,-258.64
9.76,-19.52,-29.28,4.88,19.52,-24.4,107.36,204.96,112.24,-180.56,-209.84,-253.76
9.76,-19.52,-29.28,4.88,19.52,-24.4,107.36,204.96,112.24,-180.56,-209.84,-253.76
29.28,-19.52,-48.8,-4.88,39.04,-34.16,92.72,204.96,112.24,-170.8,-209.84,-248.88
29.28,-14.64,-43.92,-4.88,34.16,-29.28,92.72,204.96,112.24,-170.8,-209.84,-248.88
29.28,-14.64,-43.92,-4.88,34.16,-29.28,97.6,209.84,117.12,-165.92,-204.96,-248.88
29.28,-14.64,-43.92,-4.88,34.16,-29.28,107.36,214.72,117.12,-161.04,-200.08,-248.88
29.28,-14.64,-43.92,-4.88,34.16,-29.28,117.12,234.24,126.88,-165.92,-200.08,-253.76
29.28,-24.4,-53.68,0,39.04,-39.04,117.12,239.12,131.76,-161.04,-200.08,-253.76
34.16,-14.64,-48.8,-9.76,39.04,-34.16,117.12,244,136.64,-156.16,-195.2,-248.88
34.16,-14.64,-48.8,-9.76,39.04,-34.16,117.12,248.88,136.64,-156.16,-195.2,-248.88
34.16,-24.4,-58.56,-4.88,43.92,-43.92,117.12,263.52,151.28,-141.52,-195.2,-239.12
34.16,-24.4,-58.56,-4.88,43.92,-43.92,117.12,268.4,156.16,-141.52,-185.44,-239.12
43.92,-19.52,-63.44,-9.76,53.68,-43.92,117.12,273.28,156.16,-141.52,-185.44,-234.24
43.92,-14.64,-58.56,-14.64,48.8,-39.04,122,273.28,156.16,-136.64,-185.44,-229.36
43.92,-9.76,-53.68,-14.64,48.8,-34.16,112.24,263.52,165.92,-136.64,-195.2,-239.12
43.92,-4.88,-48.8,-19.52,43.92,-29.28,117.12,273.28,170.8,-131.76,-185.44,-239.12
43.92,0,-43.92,-19.52,43.92,-24.4,117.12,278.16,170.8,-136.64,-185.44,-239.12
43.92,4.88,-39.04,-24.4,39.04,-19.52,117.12,283.04,175.68,-136.64,-185.44,-239.12
53.68,4.88,-48.8,-29.28,48.8,-24.4,117.12,292.8,190.32,-136.64,-185.44,-234.24
53.68,4.88,-48.8,-29.28,48.8,-24.4,122,302.56,195.2,-126.88,-175.68,-229.36
53.68,4.88,-48.8,-29.28,48.8,-24.4,122,307.44,204.96,-122,-175.68,-229.36
53.68,9.76,-43.92,-29.28,48.8,-19.52,122,312.32,204.96,-122,-175.68,-219.6
68.32,4.88,-63.44,-34.16,63.44,-29.28,126.88,326.96,214.72,-112.24,-161.04,-214.72
68.32,4.88,-63.44,-34.16,63.44,-29.28,131.76,326.96,224.48,-112.24,-161.04,-214.72
68.32,4.88,-63.44,-34.16,63.44,-29.28,131.76,331.84,229.36,-107.36,-161.04,-214.72
73.2,14.64,-58.56,-43.92,63.44,-24.4,131.76,346.48,234.24,-97.6,-156.16,-214.72
63.44,14.64,-48.8,-39.04,53.68,-19.52,131.76,351.36,253.76,-92.72,-156.16,-214.72
63.44,14.64,-48.8,-39.04,53.68,-19.52,131.76,361.12,258.64,-92.72,-156.16,-214.72
73.2,19.52,-53.68,-43.92,63.44,-19.52,131.76,370.88,263.52,-82.96,-151.28,-214.72
73.2,19.52,-53.68,-43.92,63.44,-19.52,131.76,385.52,278.16,-78.08,-151.28,-209.84
78.08,19.52,-58.56,-48.8,68.32,-19.52,126.88,385.52,268.4,-78.08,-151.28,-209.84
87.84,19.52,-68.32,-53.68,78.08,-24.4,126.88,385.52,278.16,-73.2,-146.4,-209.84
97.6,24.4,-73.2,-58.56,82.96,-24.4,126.88,395.28,283.04,-68.32,-141.52,-209.84
102.48,24.4,-78.08,-63.44,87.84,-29.28,131.76,409.92,287.92,-68.32,-136.64,-204.96
97.6,34.16,-63.44,-63.44,78.08,-14.64,141.52,419.68,312.32,-53.68,-136.64,-200.08
97.6,34.16,-63.44,-63.44,78.08,-14.64,141.52,429.44,322.08,-43.92,-131.76,-195.2
92.72,39.04,-53.68,-63.44,73.2,-9.76,151.28,444.08,326.96,-34.16,-126.88,-195.2
87.84,39.04,-48.8,-63.44,68.32,-4.88,151.28,453.84,336.72,-29.28,-122,-195.2
102.48,34.16,-68.32,-68.32,82.96,-19.52,151.28,468.48,346.48,-24.4,-122,-185.44
107.36,43.92,-63.44,-73.2,82.96,-9.76,151.28,478.24,356.24,-19.52,-117.12,-185.44
107.36,43.92,-63.44,-73.2,82.96,-9.76,151.28,492.88,361.12,-9.76,-117.12,-185.44
107.36,43.92,-63.44,-73.2,82.96,-9.76,151.28,512.4,375.76,4.88,-107.36,-175.68
117.12,48.8,-68.32,-82.96,92.72,-9.76,151.28,522.16,380.64,14.64,-92.72,-170.8
122,48.8,-73.2,-82.96,97.6,-14.64,151.28,536.8,385.52,24.4,-92.72,-165.92
122,58.56,-63.44,-87.84,92.72,-4.88,161.04,546.56,395.28,24.4,-87.84,-165.92
131.76,63.44,-68.32,-97.6,97.6,-4.88,161.04,556.32,405.04,34.16,-78.08,-165.92
146.4,68.32,-78.08,-107.36,112.24,-4.88,161.04,585.6,409.92,34.16,-73.2,-161.04
146.4,68.32,-78.08,-107.36,112.24,-4.88,165.92,600.24,424.56,43.92,-68.32,-156.16
146.4,78.08,-68.32,-112.24,107.36,4.88,175.68,619.76,434.32,53.68,-58.56,-151.28
156.16,78.08,-78.08,-117.12,117.12,0,180.56,629.52,439.2,68.32,-53.68,-141.52
151.28,87.84,-63.44,-117.12,107.36,9.76,180.56,649.04,463.6,78.08,-43.92,-141.52
165.92,97.6,-68.32,-131.76,117.12,14.64,180.56,663.68,478.24,87.84,-39.04,-136.64
165.92,107.36,-58.56,-136.64,112.24,24.4,185.44,692.96,492.88,97.6,-29.28,-126.88
165.92,107.36,-58.56,-136.64,112.24,24.4,190.32,722.24,512.4,112.24,-14.64,-117.12
170.8,112.24,-58.56,-141.52,112.24,24.4,185.44,736.88,517.28,117.12,-19.52,-122
175.68,117.12,-58.56,-146.4,117.12,29.28,190.32,746.64,531.92,136.64,-4.88,-117.12
180.56,122,-58.56,-151.28,117.12,29.28,195.2,766.16,541.68,151.28,4.88,-102.48
185.44,126.88,-58.56,-156.16,122,34.16,195.2,771.04,541.68,161.04,14.64,-102.48
204.96,122,-82.96,-161.04,141.52,19.52,204.96,805.2,570.96,185.44,24.4,-92.72
219.6,136.64,-82.96,-175.68,151.28,24.4,209.84,829.6,580.72,195.2,39.04,-82.96
219.6,146.4,-73.2,-180.56,146.4,34.16,209.84,844.24,585.6,214.72,43.92,-78.08
224.48,146.4,-78.08,-185.44,151.28,34.16,219.6,863.76,600.24,224.48,58.56,-63.44
229.36,151.28,-78.08,-190.32,151.28,34.16,214.72,893.04,619.76,234.24,68.32,-58.56
234.24,156.16,-78.08,-195.2,156.16,39.04,219.6,907.68,634.4,244,82.96,-58.56
239.12,161.04,-78.08,-200.08,156.16,39.04,224.48,927.2,653.92,263.52,92.72,-53.68
244,175.68,-68.32,-209.84,156.16,53.68,224.48,936.96,673.44,278.16,102.48,-48.8
253.76,190.32,-63.44,-219.6,156.16,63.44,229.36,946.72,688.08,292.8,102.48,-43.92
258.64,190.32,-68.32,-224.48,161.04,58.56,229.36,956.48,692.96,307.44,107.36,-39.04
263.52,195.2,-68.32,-229.36,165.92,63.44,234.24,976,702.72,312.32,117.12,-29.28
268.4,195.2,-73.2,-229.36,170.8,58.56,239.12,990.64,712.48,331.84,131.76,-24.4
283.04,219.6,-63.44,-248.88,170.8,78.08,229.36,1005.28,717.36,331.84,141.52,-19.52
283.04,224.48,-58.56,-253.76,170.8,82.96,234.24,1019.92,727.12,341.6,146.4,-14.64
283.04,229.36,-53.68,-253.76,165.92,87.84,234.24,1024.8,736.88,351.36,156.16,0
283.04,234.24,-48.8,-258.64,165.92,92.72,239.12,1039.44,741.76,366,161.04,4.88
278.16,229.36,-48.8,-253.76,161.04,87.84,248.88,1039.44,761.28,375.76,170.8,9.76
287.92,234.24,-53.68,-258.64,170.8,87.84,248.88,1039.44,771.04,385.52,180.56,14.64
283.04,239.12,-43.92,-258.64,161.04,97.6,248.88,1044.32,775.92,395.28,185.44,19.52
278.16,239.12,-39.04,-258.64,156.16,97.6,253.76,1049.2,775.92,395.28,190.32,24.4
283.04,258.64,-24.4,-268.4,151.28,117.12,244,1049.2,790.56,400.16,195.2,29.28
283.04,258.64,-24.4,-268.4,151.28,117.12,244,1049.2,795.44,409.92,200.08,29.28
283.04,263.52,-19.52,-273.28,151.28,122,248.88,1049.2,795.44,409.92,200.08,34.16
278.16,263.52,-14.64,-268.4,146.4,122,248.88,1039.44,795.44,409.92,204.96,34.16
287.92,253.76,-34.16,-268.4,161.04,107.36,248.88,1044.32,795.44,409.92,204.96,29.28
278.16,258.64,-19.52,-268.4,146.4,117.12,248.88,1029.68,795.44,409.92,204.96,29.28
278.16,258.64,-19.52,-268.4,146.4,117.12,248.88,1019.92,790.56,409.92,204.96,29.28
268.4,253.76,-14.64,-258.64,141.52,117.12,248.88,1000.4,785.68,409.92,204.96,34.16
268.4,263.52,-4.88,-263.52,136.64,126.88,248.88,966.24,780.8,400.16,204.96,34.16
258.64,263.52,4.88,-258.64,126.88,131.76,239.12,941.84,766.16,385.52,190.32,24.4
258.64,253.76,-4.88,-253.76,131.76,122,239.12,912.56,756.4,375.76,180.56,14.64
258.64,248.88,-9.76,-253.76,131.76,117.12,234.24,878.4,746.64,366,170.8,9.76
239.12,234.24,-4.88,-234.24,122,112.24,219.6,863.76,727.12,346.48,156.16,0
239.12,229.36,-9.76,-234.24,122,107.36,214.72,834.48,707.6,331.84,146.4,-9.76
224.48,219.6,-4.88,-219.6,112.24,107.36,209.84,810.08,688.08,312.32,131.76,-14.64
219.6,214.72,-4.88,-214.72,112.24,102.48,204.96,771.04,668.56,287.92,117.12,-24.4
190.32,204.96,14.64,-195.2,87.84,107.36,200.08,736.88,653.92,268.4,102.48,-43.92
185.44,200.08,14.64,-190.32,82.96,107.36,195.2,707.6,629.52,248.88,87.84,-58.56
170.8,190.32,19.52,-180.56,73.2,102.48,190.32,668.56,600.24,229.36,68.32,-68.32
151.28,170.8,19.52,-161.04,63.44,92.72,185.44,634.4,575.84,204.96,48.8,-78.08
136.64,161.04,24.4,-146.4,53.68,92.72,185.44,619.76,566.08,195.2,39.04,-78.08
117.12,151.28,34.16,-131.76,39.04,92.72,175.68,585.6,536.8,170.8,29.28,-82.96
112.24,141.52,29.28,-126.88,39.04,82.96,175.68,551.44,512.4,146.4,14.64,-102.48
97.6,131.76,34.16,-112.24,29.28,82.96,165.92,527.04,483.12,122,-9.76,-112.24
107.36,107.36,0,-107.36,53.68,53.68,151.28,507.52,458.72,107.36,-29.28,-126.88
102.48,87.84,-14.64,-92.72,58.56,34.16,151.28,478.24,439.2,82.96,-48.8,-136.64
73.2,82.96,9.76,-78.08,29.28,43.92,146.4,448.96,424.56,58.56,-68.32,-151.28
78.08,78.08,0,-78.08,39.04,39.04,141.52,419.68,409.92,39.04,-78.08,-161.04
82.96,63.44,-19.52,-73.2,48.8,19.52,126.88,380.64,385.52,24.4,-92.72,-170.8
78.08,58.56,-19.52,-68.32,48.8,19.52,122,351.36,366,0,-107.36,-190.32
73.2,58.56,-14.64,-63.44,43.92,19.52,107.36,331.84,346.48,-14.64,-122,-190.32
68.32,53.68,-14.64,-58.56,39.04,19.52,107.36,312.32,322.08,-34.16,-131.76,-200.08
58.56,34.16,-24.4,-43.92,39.04,4.88,92.72,312.32,302.56,-48.8,-136.64,-214.72
48.8,19.52,-29.28,-34.16,39.04,-4.88,92.72,297.68,287.92,-68.32,-151.28,-224.48
43.92,19.52,-24.4,-29.28,34.16,-4.88,87.84,278.16,278.16,-78.08,-161.04,-224.48
34.16,14.64,-19.52,-24.4,24.4,-4.88,82.96,263.52,268.4,-87.84,-170.8,-224.48
39.04,4.88,-34.16,-19.52,34.16,-14.64,82.96,248.88,263.52,-102.48,-190.32,-244
34.16,0,-34.16,-14.64,34.16,-19.52,78.08,239.12,253.76,-112.24,-200.08,-248.88
29.28,-9.76,-39.04,-9.76,34.16,-24.4,73.2,229.36,244,-122,-204.96,-253.76
29.28,-9.76,-39.04,-9.76,34.16,-24.4,73.2,219.6,234.24,-131.76,-214.72,-263.52
24.4,-14.64,-39.04,-4.88,29.28,-29.28,73.2,209.84,229.36,-131.76,-214.72,-263.52
24.4,-19.52,-43.92,0,34.16,-34.16,73.2,209.84,224.48,-141.52,-219.6,-268.4
14.64,-34.16,-48.8,9.76,29.28,-43.92,73.2,209.84,224.48,-151.28,-219.6,-268.4
14.64,-34.16,-48.8,9.76,29.28,-43.92,73.2,195.2,219.6,-151.28,-229.36,-273.28
24.4,-34.16,-58.56,4.88,39.04,-48.8,73.2,195.2,214.72,-161.04,-229.36,-283.04
24.4,-43.92,-68.32,9.76,43.92,-58.56,68.32,195.2,214.72,-161.04,-229.36,-283.04
14.64,-43.92,-58.56,14.64,34.16,-53.68,68.32,195.2,214.72,-165.92,-234.24,-283.04
29.28,-48.8,-78.08,9.76,53.68,-63.44,68.32,190.32,209.84,-165.92,-234.24,-283.04
14.64,-39.04,-53.68,14.64,34.16,-48.8,68.32,180.56,209.84,-175.68,-244,-283.04
14.64,-39.04,-53.68,14.64,34.16,-48.8,68.32,175.68,204.96,-175.68,-248.88,-287.92
14.64,-43.92,-58.56,14.64,34.16,-53.68,68.32,175.68,204.96,-175.68,-248.88,-287.92
14.64,-43.92,-58.56,14.64,34.16,-53.68,68.32,170.8,204.96,-175.68,-248.88,-287.92
4.88,-58.56,-63.44,29.28,34.16,-63.44,68.32,170.8,200.08,-180.56,-248.88,-292.8
4.88,-58.56,-63.44,29.28,34.16,-63.44,68.32,170.8,204.96,-180.56,-248.88,-302.56
4.88,-58.56,-63.44,29.28,34.16,-63.44,68.32,175.68,209.84,-180.56,-248.88,-292.8
0,-58.56,-58.56,29.28,29.28,-58.56,68.32,180.56,219.6,-185.44,-244,-292.8
0,-48.8,-48.8,24.4,24.4,-48.8,68.32,180.56,209.84,-185.44,-253.76,-307.44
4.88,-48.8,-53.68,24.4,29.28,-53.68,73.2,180.56,209.84,-185.44,-258.64,-307.44
4.88,-48.8,-53.68,24.4,29.28,-53.68,73.2,180.56,209.84,-185.44,-258.64,-307.44
0,-53.68,-53.68,29.28,24.4,-53.68,68.32,180.56,214.72,-185.44,-258.64,-307.44
0,-53.68,-53.68,29.28,24.4,-53.68,73.2,170.8,219.6,-175.68,-248.88,-302.56
0,-48.8,-48.8,24.4,24.4,-48.8,78.08,165.92,219.6,-175.68,-248.88,-302.56
0,-48.8,-48.8,24.4,24.4,-48.8,82.96,165.92,219.6,-175.68,-248.88,-302.56
0,-53.68,-53.68,29.28,24.4,-53.68,82.96,165.92,224.48,-175.68,-258.64,-307.44
0,-53.68,-53.68,29.28,24.4,-53.68,82.96,170.8,229.36,-185.44,-258.64,-312.32
0,-53.68,-53.68,29.28,24.4,-53.68,82.96,175.68,229.36,-185.44,-253.76,-312.32
0,-53.68,-53.68,29.28,24.4,-53.68,82.96,175.68,229.36,-180.56,-248.88,-307.44
0,-53.68,-53.68,29.28,24.4,-53.68,82.96,170.8,229.36,-180.56,-248.88,-307.44
0,-53.68,-53.68,29.28,24.4,-53.68,73.2,175.68,239.12,-180.56,-258.64,-307.44
4.88,-53.68,-58.56,24.4,29.28,-58.56,78.08,175.68,239.12,-180.56,-258.64,-307.44
14.64,-53.68,-68.32,19.52,39.04,-63.44,82.96,180.56,239.12,-180.56,-258.64,-307.44
19.52,-58.56,-78.08,19.52,48.8,-68.32,82.96,185.44,244,-180.56,-258.64,-307.44
9.76,-48.8,-58.56,19.52,34.16,-53.68,92.72,175.68,248.88,-175.68,-253.76,-297.68
4.88,-43.92,-48.8,19.52,24.4,-48.8,92.72,175.68,253.76,-170.8,-248.88,-302.56
-4.88,-43.92,-39.04,24.4,14.64,-43.92,87.84,175.68,263.52,-161.04,-244,-302.56
-14.64,-43.92,-29.28,29.28,4.88,-39.04,87.84,180.56,273.28,-156.16,-239.12,-302.56
-24.4,-48.8,-24.4,39.04,0,-39.04,87.84,185.44,273.28,-165.92,-248.88,-302.56
-19.52,-53.68,-34.16,39.04,4.88,-43.92,92.72,185.44,273.28,-165.92,-239.12,-297.68
-9.76,-58.56,-48.8,34.16,19.52,-53.68,92.72,185.44,273.28,-161.04,-239.12,-292.8
-4.88,-63.44,-58.56,34.16,24.4,-63.44,92.72,180.56,268.4,-161.04,-239.12,-292.8
-9.76,-63.44,-53.68,39.04,19.52,-58.56,92.72,185.44,263.52,-170.8,-234.24,-287.92
4.88,-58.56,-63.44,29.28,34.16,-63.44,87.84,185.44,263.52,-170.8,-234.24,-292.8
-4.88,-58.56,-53.68,34.16,24.4,-58.56,87.84,190.32,273.28,-170.8,-234.24,-292.8
-19.52,-58.56,-39.04,39.04,9.76,-48.8,87.84,200.08,283.04,-165.92,-224.48,-292.8
-14.64,-58.56,-43.92,39.04,14.64,-53.68,92.72,185.44,273.28,-165.92,-224.48,-297.68
-9.76,-58.56,-48.8,34.16,19.52,-53.68,92.72,180.56,268.4,-165.92,-229.36,-297.68
4.88,-53.68,-58.56,24.4,29.28,-58.56,92.72,175.68,268.4,-165.92,-229.36,-297.68
9.76,-53.68,-63.44,24.4,34.16,-58.56,92.72,175.68,268.4,-165.92,-224.48,-297.68
0,-48.8,-48.8,24.4,24.4,-48.8,92.72,175.68,278.16,-165.92,-224.48,-292.8
-4.88,-58.56,-53.68,34.16,24.4,-58.56,92.72,175.68,278.16,-170.8,-224.48,-292.8
-4.88,-48.8,-43.92,29.28,19.52,-48.8,92.72,175.68,283.04,-170.8,-224.48,-292.8
0,-48.8,-48.8,24.4,24.4,-48.8,87.84,175.68,283.04,-170.8,-224.48,-292.8
14.64,-48.8,-63.44,19.52,39.04,-58.56,78.08,175.68,287.92,-170.8,-234.24,-292.8
14.64,-48.8,-63.44,19.52,39.04,-58.56,82.96,175.68,283.04,-165.92,-234.24,-292.8
9.76,-48.8,-58.56,19.52,34.16,-53.68,82.96,175.68,283.04,-165.92,-229.36,-283.04
9.76,-53.68,-63.44,24.4,34.16,-58.56,82.96,175.68,283.04,-165.92,-224.48,-283.04
4.88,-63.44,-68.32,29.28,34.16,-68.32,82.96,175.68,287.92,-165.92,-214.72,-278.16
4.88,-58.56,-63.44,29.28,34.16,-63.44,82.96,175.68,287.92,-165.92,-214.72,-278.16
4.88,-53.68,-58.56,24.4,29.28,-58.56,82.96,180.56,287.92,-165.92,-214.72,-278.16
4.88,-53.68,-58.56,24.4,29.28,-58.56,78.08,195.2,283.04,-165.92,-214.72,-278.16
14.64,-43.92,-58.56,14.64,34.16,-53.68,68.32,190.32,287.92,-165.92,-214.72,-278.16
14.64,-39.04,-53.68,14.64,34.16,-48.8,68.32,185.44,287.92,-165.92,-214.72,-273.28
4.88,-39.04,-43.92,19.52,24.4,-43.92,68.32,180.56,287.92,-165.92,-214.72,-273.28
4.88,-39.04,-43.92,19.52,24.4,-43.92,78.08,175.68,292.8,-161.04,-214.72,-278.16
4.88,-39.04,-43.92,19.52,24.4,-43.92,78.08,170.8,292.8,-170.8,-224.48,-268.4
4.88,-39.04,-43.92,19.52,24.4,-43.92,78.08,170.8,287.92,-175.68,-224.48,-263.52
9.76,-39.04,-48.8,14.64,29.28,-43.92,78.08,170.8,287.92,-175.68,-224.48,-263.52
19.52,-39.04,-58.56,9.76,39.04,-48.8,78.08,170.8,287.92,-175.68,-224.48,-268.4
9.76,-48.8,-58.56,19.52,34.16,-53.68,87.84,165.92,292.8,-165.92,-219.6,-273.28
9.76,-48.8,-58.56,19.52,34.16,-53.68,87.84,161.04,292.8,-170.8,-219.6,-273.28
4.88,-48.8,-53.68,24.4,29.28,-53.68,87.84,161.04,292.8,-170.8,-219.6,-273.28
4.88,-48.8,-53.68,24.4,29.28,-53.68,87.84,161.04,292.8,-165.92,-214.72,-268.4
9.76,-48.8,-58.56,19.52,34.16,-53.68,82.96,170.8,283.04,-165.92,-214.72,-258.64
9.76,-48.8,-58.56,19.52,34.16,-53.68,82.96,170.8,283.04,-165.92,-214.72,-258.64
19.52,-48.8,-68.32,14.64,43.92,-58.56,82.96,165.92,283.04,-170.8,-214.72,-258.64
19.52,-48.8,-68.32,14.64,43.92,-58.56,82.96,165.92,283.04,-170.8,-214.72,-258.64
14.64,-43.92,-58.56,14.64,34.16,-53.68,78.08,161.04,283.04,-180.56,-204.96,-268.4
14.64,-43.92,-58.56,14.64,34.16,-53.68,73.2,161.04,283.04,-180.56,-204.96,-263.52
14.64,-43.92,-58.56,14.64,34.16,-53.68,68.32,156.16,278.16,-180.56,-204.96,-263.52
14.64,-43.92,-58.56,14.64,34.16,-53.68,63.44,146.4,278.16,-190.32,-204.96,-263.52
9.76,-34.16,-43.92,14.64,24.4,-39.04,58.56,146.4,278.16,-190.32,-204.96,-263.52
19.52,-34.16,-53.68,9.76,34.16,-43.92,58.56,146.4,278.16,-195.2,-204.96,-263.52
9.76,-34.16,-43.92,14.64,24.4,-39.04,58.56,151.28,268.4,-195.2,-209.84,-268.4
9.76,-34.16,-43.92,14.64,24.4,-39.04,53.68,151.28,268.4,-195.2,-214.72,-268.4
19.52,-34.16,-53.68,9.76,34.16,-43.92,53.68,151.28,268.4,-185.44,-209.84,-258.64
19.52,-34.16,-53.68,9.76,34.16,-43.92,58.56,146.4,258.64,-195.2,-209.84,-258.64
19.52,-39.04,-58.56,9.76,39.04,-48.8,63.44,141.52,253.76,-195.2,-209.84,-258.64
19.52,-39.04,-58.56,9.76,39.04,-48.8,68.32,141.52,253.76,-190.32,-214.72,-258.64
9.76,-48.8,-58.56,19.52,34.16,-53.68,58.56,141.52,253.76,-190.32,-204.96,-258.64
9.76,-48.8,-58.56,19.52,34.16,-53.68,58.56,136.64,248.88,-200.08,-204.96,-258.64
9.76,-48.8,-58.56,19.52,34.16,-53.68,58.56,131.76,244,-200.08,-204.96,-258.64
9.76,-48.8,-58.56,19.52,34.16,-53.68,58.56,131.76,244,-195.2,-209.84,-258.64
14.64,-43.92,-58.56,14.64,34.16,-53.68,48.8,131.76,234.24,-204.96,-209.84,-263.52
14.64,-43.92,-58.56,14.64,34.16,-53.68,58.56,126.88,229.36,-209.84,-204.96,-263.52
14.64,-43.92,-58.56,14.64,34.16,-53.68,58.56,112.24,229.36,-209.84,-204.96,-263.52
14.64,-39.04,-53.68,14.64,34.16,-48.8,58.56,102.48,224.48,-214.72,-204.96,-268.4
24.4,-48.8,-73.2,14.64,48.8,-63.44,39.04,102.48,209.84,-214.72,-214.72,-268.4
19.52,-48.8,-68.32,14.64,43.92,-58.56,48.8,102.48,209.84,-214.72,-214.72,-263.52
19.52,-48.8,-68.32,14.64,43.92,-58.56,48.8,102.48,204.96,-219.6,-219.6,-263.52
19.52,-53.68,-73.2,19.52,43.92,-63.44,48.8,92.72,204.96,-224.48,-229.36,-263.52
9.76,-53.68,-63.44,24.4,34.16,-58.56,53.68,92.72,204.96,-214.72,-209.84,-263.52
9.76,-53.68,-63.44,24.4,34.16,-58.56,53.68,97.6,204.96,-219.6,-209.84,-258.64
9.76,-53.68,-63.44,24.4,34.16,-58.56,53.68,97.6,195.2,-224.48,-214.72,-253.76
9.76,-53.68,-63.44,24.4,34.16,-58.56,53.68,97.6,195.2,-224.48,-219.6,-248.88
9.76,-43.92,-53.68,19.52,29.28,-48.8,53.68,107.36,195.2,-234.24,-209.84,-244
4.88,-43.92,-48.8,19.52,24.4,-48.8,53.68,97.6,190.32,-234.24,-209.84,-244
4.88,-43.92,-48.8,19.52,24.4,-48.8,53.68,97.6,190.32,-239.12,-209.84,-244
19.52,-43.92,-63.44,14.64,39.04,-53.68,53.68,92.72,190.32,-239.12,-214.72,-253.76
29.28,-43.92,-73.2,9.76,48.8,-58.56,39.04,78.08,180.56,-244,-214.72,-268.4
24.4,-43.92,-68.32,9.76,43.92,-58.56,39.04,78.08,175.68,-244,-209.84,-268.4
24.4,-43.92,-68.32,9.76,43.92,-58.56,39.04,73.2,170.8,-244,-209.84,-258.64
24.4,-43.92,-68.32,9.76,43.92,-58.56,39.04,73.2,161.04,-244,-209.84,-248.88
19.52,-43.92,-63.44,14.64,39.04,-53.68,43.92,73.2,170.8,-239.12,-209.84,-248.88
14.64,-43.92,-58.56,14.64,34.16,-53.68,43.92,68.32,170.8,-239.12,-219.6,-253.76
9.76,-43.92,-53.68,19.52,29.28,-48.8,48.8,63.44,165.92,-239.12,-219.6,-253.76
0,-43.92,-43.92,24.4,19.52,-43.92,58.56,63.44,165.92,-239.12,-214.72,-248.88
0,-43.92,-43.92,24.4,19.52,-43.92,58.56,68.32,156.16,-248.88,-214.72,-239.12
0,-43.92,-43.92,24.4,19.52,-43.92,58.56,68.32,156.16,-248.88,-214.72,-239.12
0,-43.92,-43.92,24.4,19.52,-43.92,58.56,68.32,156.16,-248.88,-214.72,-244
0,-48.8,-48.8,24.4,24.4,-48.8,58.56,68.32,156.16,-253.76,-214.72,-248.88
4.88,-58.56,-63.44,29.28,34.16,-63.44,48.8,68.32,156.16,-244,-214.72,-239.12
4.88,-58.56,-63.44,29.28,34.16,-63.44,48.8,58.56,151.28,-248.88,-214.72,-244
4.88,-58.56,-63.44,29.28,34.16,-63.44,48.8,58.56,151.28,-253.76,-219.6,-244
9.76,-58.56,-68.32,24.4,39.04,-63.44,48.8,58.56,151.28,-253.76,-219.6,-229.36
19.52,-58.56,-78.08,19.52,48.8,-68.32,43.92,48.8,151.28,-248.88,-219.6,-239.12
9.76,-58.56,-68.32,24.4,39.04,-63.44,43.92,48.8,151.28,-248.88,-224.48,-239.12
4.88,-63.44,-68.32,29.28,34.16,-68.32,43.92,48.8,151.28,-253.76,-224.48,-239.12
4.88,-63.44,-68.32,29.28,34.16,-68.32,48.8,48.8,151.28,-253.76,-219.6,-239.12
4.88,-63.44,-68.32,29.28,34.16,-68.32,48.8,39.04,141.52,-253.76,-209.84,-229.36
4.88,-58.56,-63.44,29.28,34.16,-63.44,48.8,34.16,136.64,-253.76,-209.84,-234.24
9.76,-58.56,-68.32,24.4,39.04,-63.44,43.92,34.16,131.76,-253.76,-209.84,-234.24
9.76,-58.56,-68.32,24.4,39.04,-63.44,43.92,34.16,131.76,-263.52,-209.84,-234.24
0,-58.56,-58.56,29.28,29.28,-58.56,43.92,43.92,136.64,-263.52,-209.84,-224.48
0,-58.56,-58.56,29.28,29.28,-58.56,43.92,43.92,136.64,-263.52,-209.84,-224.48
9.76,-58.56,-68.32,24.4,39.04,-63.44,43.92,43.92,136.64,-263.52,-209.84,-224.48
9.76,-58.56,-68.32,24.4,39.04,-63.44,43.92,39.04,136.64,-263.52,-214.72,-234.24
9.76,-58.56,-68.32,24.4,39.04,-63.44,34.16,29.28,131.76,-263.52,-214.72,-224.48
9.76,-58.56,-68.32,24.4,39.04,-63.44,34.16,29.28,131.76,-263.52,-214.72,-219.6
9.76,-58.56,-68.32,24.4,39.04,-63.44,34.16,29.28,131.76,-263.52,-214.72,-219.6
9.76,-63.44,-73.2,29.28,39.04,-68.32,34.16,29.28,122,-263.52,-214.72,-219.6
0,-58.56,-58.56,29.28,29.28,-58.56,43.92,29.28,122,-253.76,-214.72,-219.6
0,-58.56,-58.56,29.28,29.28,-58.56,43.92,29.28,122,-253.76,-209.84,-219.6
0,-58.56,-58.56,29.28,29.28,-58.56,43.92,24.4,112.24,-258.64,-209.84,-219.6
0,-53.68,-53.68,29.28,24.4,-53.68,43.92,24.4,112.24,-258.64,-209.84,-219.6
9.76,-53.68,-63.44,24.4,34.16,-58.56,34.16,14.64,102.48,-258.64,-209.84,-224.48
9.76,-53.68,-63.44,24.4,34.16,-58.56,29.28,14.64,102.48,-258.64,-209.84,-224.48
9.76,-53.68,-63.44,24.4,34.16,-58.56,29.28,14.64,102.48,-258.64,-209.84,-224.48
9.76,-53.68,-63.44,24.4,34.16,-58.56,29.28,14.64,102.48,-253.76,-209.84,-224.48
9.76,-53.68,-63.44,24.4,34.16,-58.56,39.04,9.76,102.48,-253.76,-200.08,-214.72
0,-53.68,-53.68,29.28,24.4,-53.68,39.04,9.76,97.6,-258.64,-204.96,-214.72
9.76,-53.68,-63.44,24.4,34.16,-58.56,39.04,9.76,97.6,-258.64,-204.96,-214.72
9.76,-58.56,-68.32,24.4,39.04,-63.44,39.04,9.76,97.6,-258.64,-200.08,-219.6
0,-68.32,-68.32,34.16,34.16,-68.32,53.68,19.52,87.84,-258.64,-190.32,-214.72
-9.76,-68.32,-58.56,39.04,24.4,-63.44,53.68,19.52,92.72,-258.64,-185.44,-204.96
4.88,-68.32,-73.2,34.16,39.04,-73.2,53.68,14.64,92.72,-258.64,-185.44,-200.08
9.76,-68.32,-78.08,29.28,43.92,-73.2,48.8,9.76,82.96,-258.64,-195.2,-200.08
0,-63.44,-63.44,34.16,29.28,-63.44,39.04,0,82.96,-263.52,-204.96,-190.32
0,-63.44,-63.44,34.16,29.28,-63.44,39.04,0,82.96,-263.52,-200.08,-190.32
0,-63.44,-63.44,34.16,29.28,-63.44,39.04,0,82.96,-263.52,-200.08,-190.32
-4.88,-63.44,-58.56,34.16,24.4,-63.44,43.92,4.88,82.96,-268.4,-200.08,-190.32
4.88,-73.2,-78.08,34.16,39.04,-78.08,43.92,9.76,73.2,-268.4,-209.84,-195.2
4.88,-63.44,-68.32,29.28,34.16,-68.32,43.92,9.76,73.2,-268.4,-209.84,-200.08
4.88,-63.44,-68.32,29.28,34.16,-68.32,43.92,0,63.44,-268.4,-209.84,-200.08
4.88,-63.44,-68.32,29.28,34.16,-68.32,43.92,0,73.2,-263.52,-209.84,-204.96
4.88,-68.32,-73.2,34.16,39.04,-73.2,43.92,-4.88,63.44,-263.52,-209.84,-204.96
14.64,-68.32,-82.96,29.28,48.8,-78.08,39.04,-14.64,58.56,-268.4,-214.72,-204.96
4.88,-63.44,-68.32,29.28,34.16,-68.32,39.04,-19.52,58.56,-268.4,-214.72,-200.08
0,-63.44,-63.44,34.16,29.28,-63.44,43.92,-19.52,58.56,-258.64,-209.84,-195.2
0,-58.56,-58.56,29.28,29.28,-58.56,34.16,-19.52,48.8,-258.64,-214.72,-185.44
4.88,-58.56,-63.44,29.28,34.16,-63.44,34.16,-19.52,43.92,-263.52,-214.72,-185.44
14.64,-58.56,-73.2,24.4,43.92,-68.32,34.16,-19.52,43.92,-263.52,-214.72,-185.44
19.52,-58.56,-78.08,19.52,48.8,-68.32,34.16,-19.52,43.92,-263.52,-219.6,-195.2
0,-68.32,-68.32,34.16,34.16,-68.32,43.92,-14.64,53.68,-253.76,-209.84,-180.56
-9.76,-68.32,-58.56,39.04,24.4,-63.44,43.92,-9.76,53.68,-248.88,-209.84,-175.68
-19.52,-68.32,-48.8,43.92,14.64,-58.56,43.92,-9.76,53.68,-248.88,-209.84,-170.8
-24.4,-68.32,-43.92,48.8,9.76,-58.56,43.92,-4.88,53.68,-248.88,-214.72,-170.8
-9.76,-78.08,-68.32,43.92,29.28,-73.2,43.92,-9.76,43.92,-263.52,-214.72,-180.56
-4.88,-78.08,-73.2,43.92,34.16,-78.08,43.92,-14.64,43.92,-263.52,-209.84,-170.8
0,-78.08,-78.08,39.04,39.04,-78.08,43.92,-19.52,43.92,-263.52,-209.84,-170.8
4.88,-78.08,-82.96,39.04,43.92,-82.96,43.92,-24.4,39.04,-263.52,-209.84,-170.8
-9.76,-78.08,-68.32,43.92,29.28,-73.2,43.92,-29.28,29.28,-263.52,-209.84,-175.68
-14.64,-78.08,-63.44,48.8,24.4,-73.2,43.92,-29.28,29.28,-263.52,-209.84,-175.68
-19.52,-87.84,-68.32,53.68,24.4,-78.08,43.92,-34.16,29.28,-263.52,-204.96,-175.68
-24.4,-78.08,-53.68,53.68,14.64,-68.32,43.92,-34.16,29.28,-263.52,-204.96,-175.68
-14.64,-78.08,-63.44,48.8,24.4,-73.2,43.92,-43.92,19.52,-263.52,-214.72,-165.92
-14.64,-78.08,-63.44,48.8,24.4,-73.2,43.92,-43.92,14.64,-263.52,-214.72,-170.8
-9.76,-78.08,-68.32,43.92,29.28,-73.2,43.92,-43.92,14.64,-263.52,-214.72,-175.68
0,-78.08,-78.08,39.04,39.04,-78.08,43.92,-43.92,14.64,-263.52,-214.72,-175.68
4.88,-68.32,-73.2,34.16,39.04,-73.2,34.16,-53.68,4.88,-263.52,-214.72,-165.92
4.88,-68.32,-73.2,34.16,39.04,-73.2,29.28,-58.56,-4.88,-263.52,-214.72,-175.68
4.88,-63.44,-68.32,29.28,34.16,-68.32,29.28,-58.56,-4.88,-263.52,-214.72,-165.92
9.76,-63.44,-73.2,29.28,39.04,-68.32,29.28,-58.56,4.88,-263.52,-214.72,-156.16
0,-63.44,-63.44,34.16,29.28,-63.44,29.28,-53.68,4.88,-253.76,-214.72,-165.92
0,-53.68,-53.68,29.28,24.4,-53.68,29.28,-53.68,0,-258.64,-219.6,-170.8
19.52,-53.68,-73.2,19.52,43.92,-63.44,34.16,-58.56,-4.88,-268.4,-214.72,-165.92
19.52,-68.32,-87.84,24.4,53.68,-78.08,39.04,-58.56,-9.76,-263.52,-204.96,-165.92
14.64,-68.32,-82.96,29.28,48.8,-78.08,39.04,-58.56,-9.76,-263.52,-204.96,-161.04
9.76,-68.32,-78.08,29.28,43.92,-73.2,39.04,-58.56,-9.76,-263.52,-204.96,-156.16
4.88,-68.32,-73.2,34.16,39.04,-73.2,39.04,-58.56,-9.76,-263.52,-204.96,-151.28
0,-68.32,-68.32,34.16,34.16,-68.32,39.04,-58.56,-9.76,-263.52,-204.96,-146.4
0,-78.08,-78.08,39.04,39.04,-78.08,29.28,-68.32,-19.52,-263.52,-214.72,-156.16
0,-78.08,-78.08,39.04,39.04,-78.08,29.28,-68.32,-19.52,-263.52,-214.72,-156.16
0,-78.08,-78.08,39.04,39.04,-78.08,29.28,-68.32,-19.52,-263.52,-214.72,-156.16
0,-78.08,-78.08,39.04,39.04,-78.08,29.28,-68.32,-19.52,-263.52,-214.72,-156.16
0,-78.08,-78.08,39.04,39.04,-78.08,29.28,-78.08,-29.28,-263.52,-204.96,-156.16
0,-78.08,-78.08,39.04,39.04,-78.08,29.28,-78.08,-29.28,-263.52,-204.96,-156.16
0,-78.08,-78.08,39.04,39.04,-78.08,29.28,-78.08,-29.28,-263.52,-204.96,-156.16
0,-78.08,-78.08,39.04,39.04,-78.08,29.28,-78.08,-29.28,-263.52,-204.96,-156.16
-9.76,-68.32,-58.56,39.04,24.4,-63.44,29.28,-78.08,-39.04,-253.76,-204.96,-156.16
-9.76,-68.32,-58.56,39.04,24.4,-63.44,29.28,-78.08,-39.04,-253.76,-204.96,-156.16
-9.76,-68.32,-58.56,39.04,24.4,-63.44,29.28,-78.08,-39.04,-253.76,-204.96,-156.16
-9.76,-68.32,-58.56,39.04,24.4,-63.44,29.28,-78.08,-39.04,-253.76,-204.96,-156.16
-9.76,-68.32,-58.56,39.04,24.4,-63.44,29.28,-78.08,-29.28,-263.52,-214.72,-146.4
-9.76,-68.32,-58.56,39.04,24.4,-63.44,29.28,-78.08,-29.28,-263.52,-214.72,-146.4
-9.76,-68.32,-58.56,39.04,24.4,-63.44,29.28,-78.08,-29.28,-263.52,-214.72,-146.4
-9.76,-68.32,-58.56,39.04,24.4,-63.44,29.28,-78.08,-29.28,-263.52,-214.72,-146.4
0,-78.08,-78.08,39.04,39.04,-78.08,39.04,-87.84,-39.04,-263.52,-204.96,-136.64
0,-78.08,-78.08,39.04,39.04,-78.08,39.04,-87.84,-39.04,-263.52,-204.96,-136.64
0,-78.08,-78.08,39.04,39.04,-78.08,39.04,-87.84,-39.04,-263.52,-204.96,-136.64
0,-78.08,-78.08,39.04,39.04,-78.08,39.04,-87.84,-39.04,-263.52,-204.96,-136.64
0,-68.32,-68.32,34.16,34.16,-68.32,29.28,-87.84,-48.8,-263.52,-204.96,-126.88
0,-68.32,-68.32,34.16,34.16,-68.32,29.28,-87.84,-48.8,-263.52,-204.96,-126.88
0,-68.32,-68.32,34.16,34.16,-68.32,29.28,-87.84,-48.8,-263.52,-204.96,-126.88
0,-68.32,-68.32,34.16,34.16,-68.32,29.28,-87.84,-48.8,-263.52,-204.96,-126.88
0,-68.32,-68.32,34.16,34.16,-68.32,29.28,-92.72,-48.8,-273.28,-204.96,-136.64
0,-68.32,-68.32,34.16,34.16,-68.32,29.28,-97.6,-48.8,-273.28,-204.96,-136.64
0,-68.32,-68.32,34.16,34.16,-68.32,29.28,-102.48,-48.8,-273.28,-204.96,-136.64
0,-68.32,-68.32,34.16,34.16,-68.32,29.28,-107.36,-48.8,-273.28,-204.96,-136.64
9.76,-78.08,-87.84,34.16,48.8,-82.96,19.52,-107.36,-58.56,-263.52,-204.96,-126.88
9.76,-78.08,-87.84,34.16,48.8,-82.96,19.52,-107.36,-58.56,-263.52,-204.96,-126.88
9.76,-78.08,-87.84,34.16,48.8,-82.96,19.52,-107.36,-58.56,-263.52,-204.96,-126.88
9.76,-78.08,-87.84,34.16,48.8,-82.96,19.52,-107.36,-58.56,-263.52,-204.96,-126.88
9.76,-87.84,-97.6,39.04,53.68,-92.72,19.52,-107.36,-58.56,-253.76,-204.96,-117.12
9.76,-87.84,-97.6,39.04,53.68,-92.72,19.52,-107.36,-58.56,-253.76,-204.96,-117.12
9.76,-87.84,-97.6,39.04,53.68,-92.72,19.52,-107.36,-58.56,-253.76,-204.96,-117.12
9.76,-87.84,-97.6,39.04,53.68,-92.72,19.52,-107.36,-58.56,-253.76,-204.96,-117.12
0,-78.08,-78.08,39.04,39.04,-78.08,29.28,-107.36,-48.8,-244,-195.2,-107.36
-9.76,-78.08,-68.32,43.92,29.28,-73.2,29.28,-107.36,-48.8,-244,-195.2,-107.36
-19.52,-78.08,-58.56,48.8,19.52,-68.32,29.28,-107.36,-48.8,-244,-195.2,-107.36
-29.28,-78.08,-48.8,53.68,9.76,-63.44,29.28,-107.36,-48.8,-244,-195.2,-107.36
-19.52,-87.84,-68.32,53.68,24.4,-78.08,19.52,-117.12,-53.68,-248.88,-204.96,-107.36
-19.52,-87.84,-68.32,53.68,24.4,-78.08,19.52,-117.12,-58.56,-253.76,-204.96,-107.36
-19.52,-87.84,-68.32,53.68,24.4,-78.08,19.52,-117.12,-63.44,-258.64,-204.96,-107.36
-19.52,-87.84,-68.32,53.68,24.4,-78.08,19.52,-117.12,-68.32,-263.52,-204.96,-107.36
-9.76,-78.08,-68.32,43.92,29.28,-73.2,19.52,-117.12,-68.32,-253.76,-204.96,-107.36
-9.76,-78.08,-68.32,43.92,29.28,-73.2,19.52,-117.12,-68.32,-253.76,-204.96,-107.36
-9.76,-78.08,-68.32,43.92,29.28,-73.2,19.52,-117.12,-68.32,-253.76,-204.96,-107.36
-9.76,-78.08,-68.32,43.92,29.28,-73.2,19.52,-117.12,-68.32,-253.76,-204.96,-107.36
0,-78.08,-78.08,39.04,39.04,-78.08,19.52,-122,-78.08,-263.52,-204.96,-107.36
0,-78.08,-78.08,39.04,39.04,-78.08,19.52,-126.88,-78.08,-263.52,-204.96,-107.36
0,-78.08,-78.08,39.04,39.04,-78.08,19.52,-131.76,-78.08,-263.52,-204.96,-107.36
0,-78.08,-78.08,39.04,39.04,-78.08,19.52,-136.64,-78.08,-263.52,-204.96,-107.36
0,-68.32,-68.32,34.16,34.16,-68.32,9.76,-136.64,-78.08,-253.76,-195.2,-97.6
0,-68.32,-68.32,34.16,34.16,-68.32,9.76,-136.64,-78.08,-253.76,-195.2,-97.6
0,-68.32,-68.32,34.16,34.16,-68.32,9.76,-136.64,-78.08,-253.76,-195.2,-97.6
0,-68.32,-68.32,34.16,34.16,-68.32,9.76,-136.64,-78.08,-253.76,-195.2,-97.6
-9.76,-73.2,-63.44,43.92,24.4,-68.32,19.52,-126.88,-78.08,-253.76,-204.96,-97.6
-9.76,-78.08,-68.32,43.92,29.28,-73.2,19.52,-126.88,-78.08,-253.76,-204.96,-97.6
-9.76,-82.96,-73.2,48.8,29.28,-78.08,19.52,-126.88,-78.08,-253.76,-204.96,-97.6
-9.76,-87.84,-78.08,48.8,34.16,-82.96,19.52,-126.88,-78.08,-253.76,-204.96,-97.6
0,-97.6,-97.6,48.8,48.8,-97.6,19.52,-136.64,-87.84,-263.52,-204.96,-92.72
0,-97.6,-97.6,48.8,48.8,-97.6,19.52,-136.64,-87.84,-263.52,-204.96,-87.84
0,-97.6,-97.6,48.8,48.8,-97.6,19.52,-136.64,-87.84,-263.52,-204.96,-82.96
0,-97.6,-97.6,48.8,48.8,-97.6,19.52,-136.64,-87.84,-263.52,-204.96,-78.08
-4.88,-92.72,-87.84,48.8,39.04,-92.72,19.52,-146.4,-87.84,-253.76,-200.08,-78.08
-9.76,-87.84,-78.08,48.8,34.16,-82.96,19.52,-146.4,-87.84,-253.76,-195.2,-78.08
-14.64,-82.96,-68.32,48.8,24.4,-78.08,19.52,-146.4,-87.84,-253.76,-190.32,-78.08
-19.52,-78.08,-58.56,48.8,19.52,-68.32,19.52,-146.4,-87.84,-253.76,-185.44,-78.08
-9.76,-68.32,-58.56,39.04,24.4,-63.44,9.76,-146.4,-87.84,-253.76,-195.2,-78.08
-9.76,-68.32,-58.56,39.04,24.4,-63.44,9.76,-146.4,-87.84,-253.76,-195.2,-78.08
-9.76,-68.32,-58.56,39.04,24.4,-63.44,9.76,-146.4,-87.84,-253.76,-195.2,-78.08
-9.76,-68.32,-58.56,39.04,24.4,-63.44,9.76,-146.4,-87.84,-253.76,-195.2,-78.08
-9.76,-73.2,-63.44,43.92,24.4,-68.32,9.76,-146.4,-97.6,-253.76,-195.2,-68.32
-9.76,-78.08,-68.32,43.92,29.28,-73.2,9.76,-146.4,-97.6,-253.76,-195.2,-68.32
-9.76,-82.96,-73.2,48.8,29.28,-78.08,9.76,-146.4,-97.6,-253.76,-195.2,-68.32
-9.76,-87.84,-78.08,48.8,34.16,-82.96,9.76,-146.4,-97.6,-253.76,-195.2,-68.32
0,-87.84,-87.84,43.92,43.92,-87.84,0,-146.4,-107.36,-253.76,-195.2,-68.32
0,-87.84,-87.84,43.92,43.92,-87.84,0,-146.4,-107.36,-253.76,-195.2,-68.32
0,-87.84,-87.84,43.92,43.92,-87.84,0,-146.4,-107.36,-253.76,-195.2,-68.32
0,-87.84,-87.84,43.92,43.92,-87.84,0,-146.4,-107.36,-253.76,-195.2,-68.32
-9.76,-78.08,-68.32,43.92,29.28,-73.2,9.76,-151.28,-107.36,-253.76,-195.2,-58.56
-9.76,-78.08,-68.32,43.92,29.28,-73.2,9.76,-156.16,-107.36,-253.76,-195.2,-58.56
-9.76,-78.08,-68.32,43.92,29.28,-73.2,9.76,-161.04,-107.36,-253.76,-195.2,-58.56
-9.76,-78.08,-68.32,43.92,29.28,-73.2,9.76,-165.92,-107.36,-253.76,-195.2,-58.56
-4.88,-68.32,-63.44,39.04,29.28,-68.32,0,-156.16,-117.12,-253.76,-195.2,-68.32
0,-68.32,-68.32,34.16,34.16,-68.32,0,-156.16,-117.12,-253.76,-195.2,-68.32
4.88,-68.32,-73.2,34.16,39.04,-73.2,0,-156.16,-117.12,-253.76,-195.2,-68.32
9.76,-68.32,-78.08,29.28,43.92,-73.2,0,-156.16,-117.12,-253.76,-195.2,-68.32
4.88,-78.08,-82.96,39.04,43.92,-82.96,9.76,-146.4,-107.36,-244,-185.44,-63.44
0,-78.08,-78.08,39.04,39.04,-78.08,9.76,-146.4,-107.36,-244,-185.44,-58.56
-4.88,-78.08,-73.2,43.92,34.16,-78.08,9.76,-146.4,-107.36,-244,-185.44,-53.68
-9.76,-78.08,-68.32,43.92,29.28,-73.2,9.76,-146.4,-107.36,-244,-185.44,-48.8
-9.76,-78.08,-68.32,43.92,29.28,-73.2,0,-156.16,-107.36,-244,-185.44,-48.8
-9.76,-78.08,-68.32,43.92,29.28,-73.2,0,-156.16,-107.36,-244,-185.44,-48.8
-9.76,-78.08,-68.32,43.92,29.28,-73.2,0,-156.16,-107.36,-244,-185.44,-48.8
-9.76,-78.08,-68.32,43.92,29.28,-73.2,0,-156.16,-107.36,-244,-185.44,-48.8
-9.76,-78.08,-68.32,43.92,29.28,-73.2,9.76,-156.16,-117.12,-244,-185.44,-48.8
-9.76,-78.08,-68.32,43.92,29.28,-73.2,9.76,-156.16,-117.12,-244,-185.44,-48.8
-9.76,-78.08,-68.32,43.92,29.28,-73.2,9.76,-156.16,-117.12,-244,-185.44,-48.8
-9.76,-78.08,-68.32,43.92,29.28,-73.2,9.76,-156.16,-117.12,-244,-185.44,-48.8
-9.76,-87.84,-78.08,48.8,34.16,-82.96,0,-156.16,-107.36,-244,-195.2,-58.56
-9.76,-87.84,-78.08,48.8,34.16,-82.96,0,-156.16,-107.36,-244,-195.2,-58.56
-9.76,-87.84,-78.08,48.8,34.16,-82.96,0,-156.16,-107.36,-244,-195.2,-58.56
-9.76,-87.84,-78.08,48.8,34.16,-82.96,0,-156.16,-107.36,-244,-195.2,-58.56
-9.76,-78.08,-68.32,43.92,29.28,-73.2,0,-165.92,-117.12,-244,-195.2,-53.68
-9.76,-78.08,-68.32,43.92,29.28,-73.2,0,-165.92,-117.12,-244,-195.2,-48.8
-9.76,-78.08,-68.32,43.92,29.28,-73.2,0,-165.92,-117.12,-244,-195.2,-43.92
-9.76,-78.08,-68.32,43.92,29.28,-73.2,0,-165.92,-117.12,-244,-195.2,-39.04
-9.76,-78.08,-68.32,43.92,29.28,-73.2,0,-165.92,-117.12,-244,-185.44,-29.28
-9.76,-78.08,-68.32,43.92,29.28,-73.2,0,-165.92,-117.12,-244,-185.44,-29.28
-9.76,-78.08,-68.32,43.92,29.28,-73.2,0,-165.92,-117.12,-244,-185.44,-29.28
-9.76,-78.08,-68.32,43.92,29.28,-73.2,0,-165.92,-117.12,-244,-185.44,-29.28
0,-87.84,-87.84,43.92,43.92,-87.84,0,-156.16,-107.36,-244,-195.2,-29.28
0,-87.84,-87.84,43.92,43.92,-87.84,0,-156.16,-107.36,-244,-195.2,-29.28
0,-87.84,-87.84,43.92,43.92,-87.84,0,-156.16,-107.36,-244,-195.2,-29.28
0,-87.84,-87.84,43.92,43.92,-87.84,0,-156.16,-107.36,-244,-195.2,-29.28
0,-87.84,-87.84,43.92,43.92,-87.84,0,-156.16,-107.36,-239.12,-185.44,-29.28
0,-87.84,-87.84,43.92,43.92,-87.84,0,-156.16,-107.36,-234.24,-185.44,-29.28
0,-87.84,-87.84,43.92,43.92,-87.84,0,-156.16,-107.36,-229.36,-185.44,-29.28
0,-87.84,-87.84,43.92,43.92,-87.84,0,-156.16,-107.36,-224.48,-185.44,-29.28
0,-78.08,-78.08,39.04,39.04,-78.08,0,-156.16,-117.12,-234.24,-185.44,-29.28
0,-78.08,-78.08,39.04,39.04,-78.08,0,-156.16,-117.12,-234.24,-185.44,-29.28
0,-78.08,-78.08,39.04,39.04,-78.08,0,-156.16,-117.12,-234.24,-185.44,-29.28
0,-78.08,-78.08,39.04,39.04,-78.08,0,-156.16,-117.12,-234.24,-185.44,-29.28
0,-78.08,-78.08,39.04,39.04,-78.08,-9.76,-156.16,-107.36,-234.24,-195.2,-19.52
0,-78.08,-78.08,39.04,39.04,-78.08,-9.76,-156.16,-107.36,-234.24,-195.2,-19.52
0,-78.08,-78.08,39.04,39.04,-78.08,-9.76,-156.16,-107.36,-234.24,-195.2,-19.52
0,-78.08,-78.08,39.04,39.04,-78.08,-9.76,-156.16,-107.36,-234.24,-195.2,-19.52
0,-78.08,-78.08,39.04,39.04,-78.08,-9.76,-156.16,-97.6,-224.48,-190.32,-19.52
0,-78.08,-78.08,39.04,39.04,-78.08,-9.76,-156.16,-97.6,-224.48,-185.44,-19.52
0,-78.08,-78.08,39.04,39.04,-78.08,-9.76,-156.16,-97.6,-224.48,-180.56,-19.52
0,-78.08,-78.08,39.04,39.04,-78.08,-9.76,-156.16,-97.6,-224.48,-175.68,-19.52
-9.76,-87.84,-78.08,48.8,34.16,-82.96,-9.76,-156.16,-97.6,-234.24,-185.44,-19.52
-9.76,-87.84,-78.08,48.8,34.16,-82.96,-9.76,-156.16,-97.6,-234.24,-185.44,-19.52
-9.76,-87.84,-78.08,48.8,34.16,-82.96,-9.76,-156.16,-97.6,-234.24,-185.44,-19.52
-9.76,-87.84,-78.08,48.8,34.16,-82.96,-9.76,-156.16,-97.6,-234.24,-185.44,-19.52
-9.76,-87.84,-78.08,48.8,34.16,-82.96,-9.76,-146.4,-97.6,-244,-185.44,-19.52
-9.76,-87.84,-78.08,48.8,34.16,-82.96,-9.76,-146.4,-97.6,-244,-185.44,-19.52
-9.76,-87.84,-78.08,48.8,34.16,-82.96,-9.76,-146.4,-97.6,-244,-185.44,-19.52
-9.76,-87.84,-78.08,48.8,34.16,-82.96,-9.76,-146.4,-97.6,-244,-185.44,-19.52
-14.64,-87.84,-73.2,53.68,29.28,-82.96,-9.76,-146.4,-87.84,-239.12,-185.44,-9.76
-19.52,-87.84,-68.32,53.68,24.4,-78.08,-9.76,-146.4,-87.84,-234.24,-185.44,-9.76
-24.4,-87.84,-63.44,58.56,19.52,-78.08,-9.76,-146.4,-87.84,-229.36,-185.44,-9.76
-29.28,-87.84,-58.56,58.56,14.64,-73.2,-9.76,-146.4,-87.84,-224.48,-185.44,-9.76
-14.64,-87.84,-73.2,53.68,29.28,-82.96,-19.52,-146.4,-87.84,-214.72,-175.68,-9.76
-9.76,-87.84,-78.08,48.8,34.16,-82.96,-19.52,-146.4,-87.84,-214.72,-175.68,-9.76
-4.88,-87.84,-82.96,48.8,39.04,-87.84,-19.52,-146.4,-87.84,-214.72,-175.68,-9.76
0,-87.84,-87.84,43.92,43.92,-87.84,-19.52,-146.4,-87.84,-214.72,-175.68,-9.76
-9.76,-78.08,-68.32,43.92,29.28,-73.2,-19.52,-136.64,-78.08,-214.72,-175.68,0
-9.76,-78.08,-68.32,43.92,29.28,-73.2,-19.52,-136.64,-78.08,-214.72,-175.68,0
-9.76,-78.08,-68.32,43.92,29.28,-73.2,-19.52,-136.64,-78.08,-214.72,-175.68,0
-9.76,-78.08,-68.32,43.92,29.28,-73.2,-19.52,-136.64,-78.08,-214.72,-175.68,0
-19.52,-78.08,-58.56,48.8,19.52,-68.32,-19.52,-136.64,-68.32,-224.48,-175.68,0
-19.52,-78.08,-58.56,48.8,19.52,-68.32,-19.52,-136.64,-68.32,-224.48,-175.68,0
-19.52,-78.08,-58.56,48.8,19.52,-68.32,-19.52,-136.64,-68.32,-224.48,-175.68,0
-19.52,-78.08,-58.56,48.8,19.52,-68.32,-19.52,-136.64,-68.32,-224.48,-175.68,0
-9.76,-87.84,-78.08,48.8,34.16,-82.96,-19.52,-126.88,-58.56,-214.72,-175.68,0
-9.76,-87.84,-78.08,48.8,34.16,-82.96,-19.52,-126.88,-58.56,-214.72,-175.68,0
-9.76,-87.84,-78.08,48.8,34.16,-82.96,-19.52,-126.88,-58.56,-214.72,-175.68,0
-9.76,-87.84,-78.08,48.8,34.16,-82.96,-19.52,-126.88,-58.56,-214.72,-175.68,0
-9.76,-87.84,-78.08,48.8,34.16,-82.96,-19.52,-126.88,-48.8,-224.48,-175.68,0
-9.76,-87.84,-78.08,48.8,34.16,-82.96,-19.52,-126.88,-48.8,-224.48,-175.68,0
-9.76,-87.84,-78.08,48.8,34.16,-82.96,-19.52,-126.88,-48.8,-224.48,-175.68,0
-9.76,-87.84,-78.08,48.8,34.16,-82.96,-19.52,-126.88,-48.8,-224.48,-175.68,0
-9.76,-87.84,-78.08,48.8,34.16,-82.96,-19.52,-117.12,-48.8,-224.48,-185.44,9.76
-9.76,-87.84,-78.08,48.8,34.16,-82.96,-19.52,-117.12,-48.8,-224.48,-185.44,9.76
-9.76,-87.84,-78.08,48.8,34.16,-82.96,-19.52,-117.12,-48.8,-224.48,-185.44,9.76
-9.76,-87.84,-78.08,48.8,34.16,-82.96,-19.52,-117.12,-48.8,-224.48,-185.44,9.76
0,-87.84,-87.84,43.92,43.92,-87.84,-29.28,-126.88,-39.04,-214.72,-175.68,9.76
0,-87.84,-87.84,43.92,43.92,-87.84,-29.28,-126.88,-39.04,-214.72,-175.68,9.76
0,-87.84,-87.84,43.92,43.92,-87.84,-29.28,-126.88,-39.04,-214.72,-175.68,9.76
0,-87.84,-87.84,43.92,43.92,-87.84,-29.28,-126.88,-39.04,-214.72,-175.68,9.76
-9.76,-87.84,-78.08,48.8,34.16,-82.96,-29.28,-117.12,-29.28,-204.96,-165.92,19.52
-9.76,-87.84,-78.08,48.8,34.16,-82.96,-29.28,-117.12,-29.28,-204.96,-165.92,19.52
-9.76,-87.84,-78.08,48.8,34.16,-82.96,-29.28,-117.12,-29.28,-204.96,-165.92,19.52
-9.76,-87.84,-78.08,48.8,34.16,-82.96,-29.28,-117.12,-29.28,-204.96,-165.92,19.52
-9.76,-78.08,-68.32,43.92,29.28,-73.2,-29.28,-117.12,-39.04,-214.72,-175.68,19.52
-9.76,-78.08,-68.32,43.92,29.28,-73.2,-29.28,-117.12,-39.04,-214.72,-175.68,19.52
-4.88,-78.08,-73.2,43.92,34.16,-78.08,-29.28,-117.12,-34.16,-214.72,-175.68,19.52
-4.88,-78.08,-73.2,43.92,34.16,-78.08,-29.28,-122,-34.16,-214.72,-175.68,14.64
4.88,-82.96,-87.84,39.04,43.92,-87.84,-39.04,-112.24,-24.4,-214.72,-175.68,14.64
4.88,-82.96,-87.84,39.04,43.92,-87.84,-39.04,-112.24,-24.4,-214.72,-175.68,14.64
0,-82.96,-82.96,43.92,39.04,-82.96,-39.04,-112.24,-24.4,-214.72,-175.68,14.64
0,-82.96,-82.96,43.92,39.04,-82.96,-39.04,-107.36,-29.28,-214.72,-175.68,14.64
-9.76,-78.08,-68.32,43.92,29.28,-73.2,-29.28,-107.36,-19.52,-204.96,-165.92,29.28
-14.64,-78.08,-63.44,48.8,24.4,-73.2,-29.28,-107.36,-14.64,-200.08,-165.92,29.28
-19.52,-82.96,-63.44,53.68,19.52,-73.2,-29.28,-107.36,-14.64,-200.08,-165.92,29.28
-24.4,-82.96,-58.56,53.68,14.64,-73.2,-29.28,-107.36,-14.64,-200.08,-165.92,29.28
-4.88,-78.08,-73.2,43.92,34.16,-78.08,-39.04,-107.36,-9.76,-200.08,-165.92,29.28
-4.88,-78.08,-73.2,43.92,34.16,-78.08,-39.04,-107.36,-4.88,-200.08,-161.04,29.28
-4.88,-73.2,-68.32,39.04,29.28,-73.2,-29.28,-102.48,0,-195.2,-161.04,29.28
4.88,-63.44,-68.32,29.28,34.16,-68.32,-24.4,-102.48,4.88,-195.2,-156.16,34.16
14.64,-68.32,-82.96,29.28,48.8,-78.08,-24.4,-92.72,-4.88,-195.2,-165.92,39.04
4.88,-63.44,-68.32,29.28,34.16,-68.32,-19.52,-87.84,4.88,-195.2,-156.16,39.04
-4.88,-48.8,-43.92,29.28,19.52,-48.8,-9.76,-78.08,9.76,-185.44,-151.28,48.8
-4.88,-39.04,-34.16,24.4,14.64,-39.04,4.88,-68.32,19.52,-175.68,-146.4,48.8
-9.76,-29.28,-19.52,19.52,4.88,-24.4,24.4,-58.56,24.4,-165.92,-131.76,53.68
-9.76,-24.4,-14.64,19.52,0,-19.52,34.16,-53.68,29.28,-161.04,-131.76,68.32
-14.64,-19.52,-4.88,19.52,-4.88,-14.64,39.04,-39.04,34.16,-156.16,-126.88,73.2
-14.64,-14.64,0,14.64,-9.76,-9.76,39.04,-34.16,34.16,-156.16,-126.88,82.96
-4.88,-24.4,-19.52,14.64,4.88,-24.4,43.92,-43.92,43.92,-156.16,-126.88,82.96
-4.88,-29.28,-24.4,19.52,9.76,-29.28,48.8,-34.16,48.8,-151.28,-122,82.96
-9.76,-29.28,-19.52,19.52,4.88,-24.4,53.68,-34.16,48.8,-151.28,-122,82.96
-9.76,-29.28,-19.52,19.52,4.88,-24.4,53.68,-34.16,48.8,-151.28,-122,82.96
-4.88,-14.64,-9.76,9.76,0,-14.64,53.68,-24.4,43.92,-151.28,-122,82.96
-4.88,-14.64,-9.76,9.76,0,-14.64,53.68,-19.52,43.92,-151.28,-117.12,82.96
-9.76,-14.64,-4.88,14.64,-4.88,-9.76,53.68,-19.52,43.92,-151.28,-117.12,87.84
-14.64,-14.64,0,14.64,-9.76,-9.76,48.8,-14.64,48.8,-151.28,-117.12,87.84
-4.88,-4.88,0,4.88,-4.88,-4.88,48.8,-24.4,39.04,-161.04,-117.12,78.08
0,0,0,0,0,0,43.92,-39.04,39.04,-161.04,-117.12,82.96
9.76,4.88,-4.88,-4.88,4.88,0,29.28,-43.92,34.16,-161.04,-117.12,82.96
14.64,9.76,-4.88,-9.76,9.76,0,24.4,-48.8,34.16,-161.04,-117.12,82.96
4.88,19.52,14.64,-9.76,-4.88,14.64,14.64,-39.04,39.04,-156.16,-107.36,87.84
0,19.52,19.52,-9.76,-9.76,19.52,-4.88,-34.16,39.04,-151.28,-107.36,92.72
0,9.76,9.76,-4.88,-4.88,9.76,-9.76,-34.16,39.04,-146.4,-107.36,97.6
-4.88,4.88,9.76,0,-9.76,4.88,-14.64,-43.92,34.16,-146.4,-107.36,102.48
4.88,-9.76,-14.64,4.88,9.76,-14.64,-29.28,-43.92,24.4,-151.28,-117.12,102.48
4.88,-14.64,-19.52,4.88,9.76,-19.52,-29.28,-39.04,24.4,-151.28,-117.12,102.48
9.76,-19.52,-29.28,4.88,19.52,-24.4,-29.28,-39.04,19.52,-151.28,-117.12,102.48
9.76,-24.4,-34.16,9.76,19.52,-29.28,-39.04,-48.8,19.52,-156.16,-122,97.6
9.76,-34.16,-43.92,14.64,24.4,-39.04,-34.16,-53.68,24.4,-161.04,-122,92.72
9.76,-39.04,-48.8,14.64,29.28,-43.92,-39.04,-58.56,14.64,-161.04,-122,92.72
9.76,-43.92,-53.68,19.52,29.28,-48.8,-39.04,-68.32,9.76,-165.92,-122,92.72
9.76,-43.92,-53.68,19.52,29.28,-48.8,-48.8,-73.2,9.76,-165.92,-126.88,92.72
9.76,-34.16,-43.92,14.64,24.4,-39.04,-48.8,-68.32,4.88,-165.92,-136.64,92.72
14.64,-34.16,-48.8,9.76,29.28,-43.92,-48.8,-73.2,4.88,-165.92,-131.76,92.72
14.64,-53.68,-68.32,19.52,39.04,-63.44,-53.68,-78.08,0,-165.92,-131.76,92.72
24.4,-53.68,-78.08,14.64,48.8,-68.32,-58.56,-92.72,-14.64,-175.68,-141.52,92.72
34.16,-43.92,-78.08,4.88,53.68,-63.44,-73.2,-97.6,-24.4,-180.56,-146.4,97.6
24.4,-48.8,-73.2,14.64,48.8,-63.44,-73.2,-102.48,-29.28,-180.56,-146.4,97.6
24.4,-48.8,-73.2,14.64,48.8,-63.44,-78.08,-107.36,-29.28,-185.44,-146.4,97.6
24.4,-48.8,-73.2,14.64,48.8,-63.44,-78.08,-112.24,-29.28,-185.44,-146.4,87.84
19.52,-58.56,-78.08,19.52,48.8,-68.32,-73.2,-112.24,-39.04,-195.2,-146.4,97.6
9.76,-68.32,-78.08,29.28,43.92,-73.2,-73.2,-112.24,-34.16,-195.2,-151.28,92.72
0,-68.32,-68.32,34.16,34.16,-68.32,-73.2,-112.24,-34.16,-204.96,-151.28,87.84
-9.76,-73.2,-63.44,43.92,24.4,-68.32,-68.32,-112.24,-39.04,-204.96,-156.16,87.84
-14.64,-78.08,-63.44,48.8,24.4,-73.2,-78.08,-107.36,-48.8,-200.08,-151.28,82.96
-19.52,-82.96,-63.44,53.68,19.52,-73.2,-82.96,-117.12,-53.68,-200.08,-151.28,82.96
-19.52,-82.96,-63.44,53.68,19.52,-73.2,-82.96,-117.12,-53.68,-200.08,-156.16,82.96
-19.52,-92.72,-73.2,58.56,24.4,-82.96,-92.72,-122,-53.68,-200.08,-161.04,73.2
-24.4,-97.6,-73.2,63.44,24.4,-87.84,-107.36,-126.88,-63.44,-219.6,-165.92,68.32
-29.28,-97.6,-68.32,63.44,19.52,-82.96,-107.36,-136.64,-63.44,-219.6,-170.8,63.44
-34.16,-97.6,-63.44,68.32,14.64,-82.96,-112.24,-141.52,-63.44,-224.48,-180.56,58.56
-39.04,-97.6,-58.56,68.32,9.76,-78.08,-112.24,-156.16,-63.44,-229.36,-185.44,53.68
-19.52,-97.6,-78.08,58.56,29.28,-87.84,-122,-161.04,-82.96,-219.6,-175.68,63.44
-9.76,-97.6,-87.84,53.68,39.04,-92.72,-122,-161.04,-73.2,-219.6,-175.68,68.32
-24.4,-92.72,-68.32,58.56,19.52,-82.96,-122,-156.16,-73.2,-219.6,-175.68,73.2
-24.4,-92.72,-68.32,58.56,19.52,-82.96,-122,-156.16,-73.2,-214.72,-170.8,73.2
-24.4,-112.24,-87.84,68.32,29.28,-102.48,-112.24,-156.16,-73.2,-224.48,-165.92,78.08
-43.92,-117.12,-73.2,82.96,14.64,-97.6,-102.48,-151.28,-63.44,-209.84,-161.04,78.08
-43.92,-87.84,-43.92,68.32,0,-68.32,-97.6,-141.52,-53.68,-204.96,-156.16,78.08
-24.4,-63.44,-39.04,43.92,4.88,-53.68,-82.96,-107.36,-34.16,-185.44,-141.52,92.72
-29.28,-73.2,-43.92,53.68,4.88,-58.56,-78.08,-78.08,-14.64,-170.8,-136.64,92.72
-63.44,-97.6,-34.16,82.96,-14.64,-68.32,-78.08,-82.96,-9.76,-161.04,-131.76,92.72
-53.68,-82.96,-29.28,68.32,-14.64,-58.56,-58.56,-82.96,14.64,-141.52,-126.88,107.36
-43.92,-58.56,-14.64,53.68,-14.64,-39.04,-39.04,-53.68,39.04,-122,-112.24,122
-39.04,-48.8,-9.76,43.92,-14.64,-29.28,-48.8,-39.04,39.04,-117.12,-112.24,117.12
-34.16,-43.92,-9.76,39.04,-14.64,-29.28,-48.8,-34.16,34.16,-122,-107.36,117.12
-39.04,-19.52,19.52,29.28,-29.28,0,-29.28,-24.4,43.92,-112.24,-102.48,117.12
-63.44,-9.76,53.68,39.04,-58.56,19.52,-14.64,-4.88,68.32,-92.72,-92.72,117.12
-78.08,-14.64,63.44,48.8,-73.2,24.4,-4.88,9.76,78.08,-78.08,-78.08,117.12
-68.32,0,68.32,34.16,-68.32,34.16,-9.76,24.4,92.72,-63.44,-73.2,131.76
-53.68,9.76,63.44,24.4,-58.56,34.16,-4.88,43.92,117.12,-48.8,-63.44,131.76
-58.56,14.64,73.2,24.4,-68.32,43.92,-4.88,48.8,126.88,-43.92,-58.56,122
-48.8,24.4,73.2,14.64,-63.44,48.8,4.88,63.44,136.64,-24.4,-48.8,122
-39.04,29.28,68.32,4.88,-53.68,48.8,24.4,102.48,161.04,-9.76,-43.92,131.76
-68.32,24.4,92.72,24.4,-82.96,58.56,39.04,141.52,185.44,14.64,-34.16,131.76
-78.08,29.28,107.36,24.4,-92.72,68.32,58.56,180.56,214.72,29.28,-29.28,131.76
-34.16,53.68,87.84,-9.76,-63.44,68.32,78.08,234.24,253.76,63.44,-14.64,131.76
-14.64,82.96,97.6,-34.16,-58.56,87.84,107.36,341.6,326.96,117.12,0,131.76
-43.92,102.48,146.4,-29.28,-97.6,122,185.44,502.64,463.6,204.96,53.68,146.4
-53.68,126.88,180.56,-34.16,-117.12,151.28,268.4,707.6,614.88,312.32,97.6,156.16
-14.64,170.8,185.44,-78.08,-102.48,175.68,336.72,922.32,775.92,439.2,165.92,185.44
9.76,209.84,200.08,-107.36,-97.6,204.96,405.04,1102.88,961.36,595.36,263.52,239.12
48.8,234.24,185.44,-141.52,-68.32,209.84,473.36,1234.64,1107.76,751.52,380.64,302.56
82.96,258.64,175.68,-170.8,-48.8,214.72,512.4,1288.32,1244.4,902.8,473.36,351.36
87.84,297.68,209.84,-190.32,-63.44,253.76,536.8,1302.96,1390.8,1078.48,605.12,419.68
117.12,380.64,263.52,-248.88,-73.2,322.08,561.2,1298.08,1581.12,1312.72,790.56,536.8
175.68,497.76,322.08,-336.72,-73.2,409.92,570.96,1278.56,1781.2,1586,995.52,663.68
214.72,600.24,385.52,-405.04,-87.84,492.88,531.92,1249.28,1976.4,1844.64,1200.48,780.8
263.52,717.36,453.84,-488,-97.6,585.6,444.08,1190.72,2215.52,2166.72,1434.72,936.96
326.96,854,527.04,-590.48,-102.48,688.08,292.8,1015.04,2420.48,2498.56,1693.36,1117.52
400.16,951.6,551.44,-673.44,-78.08,751.52,112.24,780.8,2522.96,2752.32,1898.32,1263.92
453.84,995.52,541.68,-722.24,-43.92,766.16,-82.96,575.84,2522.96,2908.48,2034.96,1361.52
458.72,1015.04,556.32,-736.88,-48.8,785.68,-204.96,361.12,2449.76,2942.64,2108.16,1439.6
419.68,995.52,575.84,-707.6,-78.08,785.68,-258.64,161.04,2318,2835.28,2074,1449.36
361.12,912.56,551.44,-634.4,-97.6,732,-302.56,63.44,2156.96,2591.28,1917.84,1366.4
317.2,780.8,463.6,-546.56,-73.2,619.76,-375.76,0,1956.88,2278.96,1673.84,1229.76
258.64,678.32,419.68,-468.48,-82.96,546.56,-468.48,-151.28,1698.24,1952,1420.08,1078.48
161.04,619.76,458.72,-390.4,-151.28,536.8,-575.84,-370.88,1410.32,1625.04,1195.6,941.84
58.56,556.32,497.76,-307.44,-219.6,527.04,-673.44,-556.32,1102.88,1278.56,976,810.08
-39.04,448.96,488,-204.96,-263.52,468.48,-732,-673.44,785.68,883.28,707.6,668.56
-126.88,331.84,458.72,-102.48,-292.8,395.28,-732,-741.76,468.48,502.64,444.08,512.4
-190.32,239.12,429.44,-24.4,-312.32,331.84,-668.56,-766.16,209.84,209.84,239.12,375.76
-204.96,165.92,370.88,19.52,-287.92,268.4,-590.48,-736.88,24.4,24.4,107.36,287.92
-234.24,126.88,361.12,53.68,-297.68,244,-551.44,-668.56,-48.8,-58.56,39.04,244
-253.76,117.12,370.88,68.32,-312.32,244,-536.8,-585.6,-29.28,-58.56,24.4,229.36
-195.2,117.12,312.32,39.04,-253.76,214.72,-541.68,-507.52,0,-43.92,24.4,229.36
-131.76,131.76,263.52,0,-200.08,195.2,-507.52,-463.6,19.52,-34.16,29.28,248.88
-122,131.76,253.76,-4.88,-190.32,190.32,-453.84,-405.04,29.28,-24.4,39.04,253.76
-117.12,122,239.12,0,-180.56,180.56,-390.4,-326.96,43.92,-24.4,39.04,248.88
-112.24,107.36,219.6,4.88,-165.92,161.04,-326.96,-248.88,53.68,-24.4,24.4,244
-112.24,107.36,219.6,4.88,-165.92,161.04,-263.52,-195.2,68.32,-19.52,14.64,239.12
-112.24,112.24,224.48,0,-170.8,165.92,-200.08,-131.76,92.72,-19.52,14.64,239.12
-92.72,102.48,195.2,-4.88,-146.4,146.4,-161.04,-78.08,117.12,-19.52,9.76,239.12
-68.32,78.08,146.4,-4.88,-107.36,112.24,-141.52,-34.16,126.88,-19.52,4.88,224.48
-63.44,43.92,107.36,9.76,-87.84,73.2,-122,-29.28,126.88,-43.92,-14.64,219.6
-43.92,29.28,73.2,9.76,-58.56,48.8,-102.48,-14.64,126.88,-53.68,-29.28,204.96
-24.4,29.28,53.68,0,-39.04,39.04,-92.72,-9.76,117.12,-73.2,-39.04,195.2
-19.52,9.76,29.28,4.88,-24.4,19.52,-78.08,0,92.72,-78.08,-58.56,195.2
-29.28,-9.76,19.52,19.52,-24.4,4.88,-73.2,0,82.96,-102.48,-78.08,185.44
-19.52,-19.52,0,19.52,-9.76,-9.76,-53.68,24.4,68.32,-107.36,-87.84,185.44
-24.4,-34.16,-9.76,29.28,-9.76,-24.4,-39.04,53.68,73.2,-122,-97.6,185.44
-24.4,-39.04,-14.64,34.16,-4.88,-29.28,-39.04,68.32,73.2,-122,-97.6,185.44
-29.28,-39.04,-9.76,34.16,-9.76,-24.4,-34.16,78.08,78.08,-122,-97.6,185.44
-39.04,-39.04,0,39.04,-19.52,-19.52,-34.16,78.08,87.84,-122,-97.6,185.44
-29.28,-34.16,-4.88,34.16,-14.64,-19.52,-43.92,68.32,63.44,-136.64,-102.48,180.56
-14.64,-34.16,-19.52,24.4,0,-29.28,-53.68,58.56,58.56,-141.52,-102.48,175.68
-4.88,-34.16,-29.28,19.52,9.76,-34.16,-58.56,53.68,53.68,-141.52,-102.48,170.8
4.88,-34.16,-39.04,14.64,19.52,-39.04,-58.56,48.8,43.92,-146.4,-112.24,156.16
0,-34.16,-34.16,19.52,14.64,-34.16,-48.8,68.32,53.68,-141.52,-107.36,161.04
-9.76,-34.16,-24.4,24.4,4.88,-29.28,-39.04,73.2,53.68,-136.64,-102.48,165.92
-19.52,-39.04,-19.52,29.28,0,-29.28,-34.16,87.84,53.68,-126.88,-97.6,165.92
-24.4,-39.04,-14.64,34.16,-4.88,-29.28,-34.16,97.6,58.56,-122,-92.72,170.8
-14.64,-39.04,-24.4,29.28,4.88,-34.16,-29.28,107.36,58.56,-131.76,-102.48,180.56
-14.64,-39.04,-24.4,29.28,4.88,-34.16,-29.28,107.36,68.32,-122,-92.72,180.56
-19.52,-39.04,-19.52,29.28,0,-29.28,-29.28,107.36,73.2,-122,-92.72,185.44
-19.52,-39.04,-19.52,29.28,0,-29.28,-29.28,107.36,73.2,-122,-92.72,185.44
-19.52,-39.04,-19.52,29.28,0,-29.28,-43.92,117.12,63.44,-122,-92.72,190.32
-19.52,-34.16,-14.64,29.28,-4.88,-24.4,-43.92,117.12,63.44,-122,-92.72,190.32
-19.52,-34.16,-14.64,29.28,-4.88,-24.4,-39.04,122,68.32,-117.12,-87.84,190.32
-19.52,-34.16,-14.64,29.28,-4.88,-24.4,-29.28,126.88,68.32,-112.24,-82.96,190.32
-9.76,-34.16,-24.4,24.4,4.88,-29.28,-19.52,136.64,78.08,-107.36,-82.96,195.2
-9.76,-43.92,-34.16,29.28,9.76,-39.04,-19.52,141.52,82.96,-102.48,-82.96,195.2
-4.88,-34.16,-29.28,19.52,9.76,-34.16,-19.52,146.4,87.84,-97.6,-78.08,200.08
-4.88,-34.16,-29.28,19.52,9.76,-34.16,-19.52,151.28,87.84,-97.6,-78.08,200.08
-4.88,-43.92,-39.04,24.4,14.64,-43.92,-19.52,156.16,92.72,-92.72,-78.08,190.32
-4.88,-43.92,-39.04,24.4,14.64,-43.92,-19.52,161.04,97.6,-92.72,-68.32,190.32
4.88,-39.04,-43.92,19.52,24.4,-43.92,-19.52,165.92,97.6,-92.72,-68.32,195.2
4.88,-34.16,-39.04,14.64,19.52,-39.04,-14.64,165.92,97.6,-87.84,-68.32,200.08
4.88,-24.4,-29.28,9.76,14.64,-29.28,-24.4,156.16,102.48,-82.96,-78.08,200.08
4.88,-24.4,-29.28,9.76,14.64,-29.28,-19.52,165.92,102.48,-73.2,-68.32,200.08
4.88,-24.4,-29.28,9.76,14.64,-29.28,-19.52,170.8,97.6,-73.2,-68.32,200.08
4.88,-24.4,-29.28,9.76,14.64,-29.28,-19.52,175.68,97.6,-68.32,-68.32,200.08
14.64,-24.4,-39.04,4.88,24.4,-34.16,-19.52,185.44,102.48,-68.32,-58.56,204.96
14.64,-24.4,-39.04,4.88,24.4,-34.16,-14.64,195.2,107.36,-58.56,-48.8,209.84
14.64,-24.4,-39.04,4.88,24.4,-34.16,-14.64,200.08,117.12,-53.68,-48.8,209.84
14.64,-19.52,-34.16,4.88,24.4,-29.28,-14.64,204.96,117.12,-53.68,-48.8,219.6
29.28,-4.88,-34.16,-9.76,29.28,-19.52,-19.52,219.6,117.12,-63.44,-43.92,214.72
29.28,-4.88,-34.16,-9.76,29.28,-19.52,-14.64,219.6,126.88,-63.44,-43.92,214.72
29.28,-4.88,-34.16,-9.76,29.28,-19.52,-14.64,224.48,131.76,-58.56,-43.92,214.72
34.16,4.88,-29.28,-19.52,29.28,-14.64,-14.64,239.12,136.64,-48.8,-39.04,214.72
34.16,-4.88,-39.04,-14.64,34.16,-24.4,-14.64,239.12,146.4,-43.92,-39.04,224.48
34.16,-4.88,-39.04,-14.64,34.16,-24.4,-14.64,244,151.28,-43.92,-39.04,224.48
43.92,0,-43.92,-19.52,43.92,-24.4,-14.64,248.88,156.16,-34.16,-34.16,224.48
43.92,0,-43.92,-19.52,43.92,-24.4,-14.64,258.64,170.8,-29.28,-34.16,229.36
43.92,0,-43.92,-19.52,43.92,-24.4,-9.76,268.4,161.04,-19.52,-24.4,239.12
48.8,0,-48.8,-24.4,48.8,-24.4,-9.76,268.4,170.8,-14.64,-19.52,239.12
53.68,4.88,-48.8,-29.28,48.8,-24.4,-9.76,278.16,175.68,-9.76,-14.64,239.12
53.68,4.88,-48.8,-29.28,48.8,-24.4,-4.88,292.8,180.56,-9.76,-9.76,244
53.68,4.88,-48.8,-29.28,48.8,-24.4,-4.88,302.56,195.2,4.88,0,248.88
58.56,4.88,-53.68,-29.28,53.68,-24.4,-4.88,312.32,204.96,14.64,4.88,253.76
58.56,9.76,-48.8,-34.16,53.68,-19.52,4.88,326.96,209.84,24.4,9.76,253.76
58.56,9.76,-48.8,-34.16,53.68,-19.52,4.88,336.72,219.6,29.28,14.64,253.76
63.44,14.64,-48.8,-39.04,53.68,-19.52,4.88,346.48,229.36,34.16,4.88,253.76
68.32,24.4,-43.92,-43.92,53.68,-9.76,4.88,351.36,239.12,39.04,9.76,253.76
68.32,24.4,-43.92,-43.92,53.68,-9.76,4.88,361.12,244,48.8,9.76,253.76
68.32,24.4,-43.92,-43.92,53.68,-9.76,4.88,375.76,258.64,63.44,19.52,263.52
82.96,29.28,-53.68,-53.68,68.32,-14.64,-4.88,385.52,258.64,63.44,24.4,268.4
92.72,29.28,-63.44,-58.56,78.08,-19.52,-4.88,400.16,258.64,73.2,24.4,273.28
97.6,39.04,-58.56,-68.32,78.08,-9.76,4.88,409.92,263.52,73.2,29.28,273.28
112.24,43.92,-68.32,-78.08,87.84,-14.64,4.88,419.68,268.4,82.96,39.04,273.28
112.24,48.8,-63.44,-78.08,87.84,-9.76,14.64,448.96,278.16,102.48,48.8,287.92
107.36,48.8,-58.56,-78.08,82.96,-4.88,19.52,463.6,297.68,112.24,58.56,292.8
102.48,58.56,-43.92,-78.08,73.2,4.88,29.28,483.12,312.32,122,73.2,297.68
107.36,58.56,-48.8,-82.96,78.08,4.88,34.16,492.88,322.08,136.64,82.96,307.44
112.24,58.56,-53.68,-82.96,82.96,0,34.16,512.4,336.72,146.4,102.48,317.2
126.88,68.32,-58.56,-97.6,92.72,4.88,34.16,527.04,351.36,156.16,107.36,322.08
126.88,78.08,-48.8,-102.48,87.84,14.64,39.04,556.32,366,165.92,117.12,331.84
126.88,78.08,-48.8,-102.48,87.84,14.64,43.92,585.6,385.52,180.56,131.76,341.6
131.76,73.2,-58.56,-102.48,92.72,4.88,48.8,605.12,385.52,185.44,126.88,336.72
136.64,78.08,-58.56,-107.36,97.6,9.76,53.68,619.76,405.04,204.96,141.52,341.6
141.52,82.96,-58.56,-112.24,97.6,9.76,58.56,644.16,419.68,219.6,151.28,356.24
146.4,87.84,-58.56,-117.12,102.48,14.64,58.56,653.92,424.56,229.36,161.04,356.24
146.4,92.72,-53.68,-117.12,97.6,19.52,58.56,678.32,458.72,248.88,180.56,370.88
161.04,107.36,-53.68,-131.76,107.36,24.4,63.44,702.72,473.36,263.52,195.2,375.76
161.04,117.12,-43.92,-136.64,102.48,34.16,63.44,717.36,483.12,287.92,200.08,375.76
165.92,117.12,-48.8,-141.52,107.36,34.16,73.2,736.88,502.64,302.56,214.72,385.52
170.8,131.76,-39.04,-151.28,102.48,43.92,68.32,751.52,512.4,317.2,214.72,395.28
175.68,136.64,-39.04,-156.16,107.36,48.8,73.2,761.28,527.04,322.08,229.36,400.16
180.56,141.52,-39.04,-161.04,107.36,48.8,78.08,775.92,546.56,336.72,239.12,409.92
185.44,156.16,-29.28,-170.8,107.36,63.44,78.08,780.8,566.08,346.48,248.88,419.68
200.08,170.8,-29.28,-185.44,112.24,68.32,73.2,805.2,580.72,370.88,258.64,414.8
209.84,170.8,-39.04,-190.32,122,63.44,73.2,819.84,585.6,385.52,263.52,419.68
219.6,175.68,-43.92,-195.2,131.76,63.44,78.08,844.24,595.36,390.4,273.28,429.44
229.36,175.68,-53.68,-200.08,141.52,58.56,82.96,863.76,605.12,409.92,287.92,434.32
229.36,180.56,-48.8,-204.96,136.64,63.44,92.72,888.16,619.76,419.68,307.44,448.96
224.48,185.44,-39.04,-204.96,131.76,73.2,97.6,902.8,639.28,429.44,312.32,453.84
219.6,190.32,-29.28,-204.96,122,78.08,97.6,907.68,658.8,439.2,322.08,468.48
214.72,195.2,-19.52,-204.96,117.12,87.84,102.48,922.32,673.44,453.84,326.96,473.36
224.48,209.84,-14.64,-214.72,117.12,97.6,102.48,932.08,673.44,463.6,336.72,468.48
239.12,214.72,-24.4,-224.48,131.76,92.72,102.48,932.08,683.2,473.36,346.48,473.36
239.12,219.6,-19.52,-229.36,126.88,97.6,102.48,936.96,688.08,483.12,351.36,478.24
239.12,219.6,-19.52,-229.36,126.88,97.6,107.36,941.84,688.08,483.12,356.24,483.12
234.24,229.36,-4.88,-229.36,117.12,112.24,107.36,941.84,697.84,497.76,361.12,488
234.24,229.36,-4.88,-229.36,117.12,112.24,107.36,941.84,707.6,507.52,366,488
234.24,234.24,0,-234.24,117.12,117.12,112.24,941.84,712.48,507.52,366,492.88
229.36,234.24,4.88,-229.36,112.24,117.12,112.24,932.08,717.36,507.52,370.88,492.88
229.36,234.24,4.88,-229.36,112.24,117.12,122,927.2,727.12,507.52,380.64,497.76
219.6,239.12,19.52,-229.36,97.6,126.88,122,912.56,727.12,507.52,380.64,497.76
219.6,239.12,19.52,-229.36,97.6,126.88,122,902.8,722.24,507.52,380.64,497.76
209.84,234.24,24.4,-219.6,92.72,126.88,122,883.28,717.36,507.52,380.64,502.64
204.96,224.48,19.52,-214.72,92.72,122,122,858.88,712.48,497.76,380.64,502.64
200.08,224.48,24.4,-209.84,87.84,122,112.24,834.48,697.84,483.12,366,492.88
204.96,214.72,9.76,-209.84,97.6,112.24,112.24,805.2,688.08,473.36,356.24,483.12
209.84,209.84,0,-209.84,102.48,102.48,107.36,771.04,678.32,463.6,346.48,478.24
180.56,214.72,34.16,-195.2,73.2,122,92.72,741.76,663.68,434.32,331.84,468.48
180.56,209.84,29.28,-195.2,73.2,117.12,87.84,707.6,639.28,419.68,322.08,458.72
165.92,200.08,34.16,-180.56,63.44,117.12,82.96,678.32,614.88,400.16,307.44,453.84
161.04,195.2,34.16,-175.68,63.44,112.24,78.08,634.4,590.48,375.76,292.8,444.08
156.16,185.44,29.28,-170.8,63.44,107.36,68.32,585.6,561.2,341.6,258.64,429.44
156.16,180.56,24.4,-165.92,63.44,102.48,58.56,551.44,531.92,317.2,244,409.92
146.4,170.8,24.4,-156.16,58.56,97.6,48.8,507.52,497.76,292.8,224.48,395.28
131.76,151.28,19.52,-141.52,53.68,82.96,39.04,468.48,468.48,263.52,204.96,380.64
117.12,141.52,24.4,-126.88,43.92,82.96,39.04,444.08,458.72,253.76,195.2,380.64
97.6,131.76,34.16,-112.24,29.28,82.96,29.28,409.92,429.44,229.36,185.44,375.76
92.72,122,29.28,-107.36,29.28,73.2,29.28,375.76,405.04,204.96,170.8,356.24
78.08,112.24,34.16,-92.72,19.52,73.2,19.52,351.36,375.76,180.56,146.4,346.48
63.44,107.36,43.92,-82.96,9.76,73.2,9.76,317.2,346.48,165.92,136.64,351.36
53.68,87.84,34.16,-68.32,9.76,58.56,4.88,283.04,322.08,141.52,117.12,341.6
19.52,82.96,63.44,-48.8,-24.4,73.2,-4.88,248.88,302.56,117.12,97.6,326.96
19.52,78.08,58.56,-48.8,-19.52,68.32,-14.64,214.72,283.04,97.6,87.84,317.2
29.28,48.8,19.52,-39.04,4.88,34.16,-19.52,195.2,258.64,68.32,53.68,302.56
29.28,39.04,9.76,-34.16,9.76,24.4,-24.4,165.92,239.12,39.04,39.04,278.16
29.28,34.16,4.88,-29.28,9.76,19.52,-39.04,146.4,219.6,19.52,24.4,273.28
29.28,24.4,-4.88,-24.4,14.64,9.76,-39.04,126.88,195.2,-4.88,14.64,258.64
24.4,14.64,-9.76,-19.52,14.64,0,-43.92,102.48,170.8,-19.52,0,244
9.76,0,-9.76,-4.88,9.76,-4.88,-43.92,82.96,151.28,-39.04,-14.64,234.24
0,0,0,0,0,0,-48.8,58.56,136.64,-48.8,-24.4,234.24
-14.64,-4.88,9.76,9.76,-14.64,0,-53.68,39.04,122,-58.56,-34.16,234.24
-29.28,-4.88,24.4,19.52,-29.28,9.76,-63.44,14.64,97.6,-82.96,-43.92,219.6
-34.16,-9.76,24.4,24.4,-29.28,4.88,-68.32,4.88,87.84,-92.72,-53.68,219.6
-39.04,-19.52,19.52,29.28,-29.28,0,-73.2,-4.88,78.08,-102.48,-58.56,219.6
-39.04,-19.52,19.52,29.28,-29.28,0,-73.2,-14.64,68.32,-112.24,-68.32,214.72
-34.16,-24.4,9.76,29.28,-24.4,-9.76,-73.2,-29.28,68.32,-122,-78.08,204.96
-34.16,-29.28,4.88,34.16,-19.52,-14.64,-73.2,-34.16,58.56,-131.76,-82.96,200.08
-43.92,-43.92,0,43.92,-24.4,-24.4,-73.2,-39.04,53.68,-141.52,-82.96,200.08
-43.92,-43.92,0,43.92,-24.4,-24.4,-73.2,-58.56,43.92,-141.52,-92.72,195.2
-43.92,-43.92,0,43.92,-24.4,-24.4,-73.2,-63.44,29.28,-161.04,-102.48,190.32
-43.92,-53.68,-9.76,48.8,-19.52,-34.16,-78.08,-58.56,29.28,-161.04,-102.48,185.44
-53.68,-53.68,0,53.68,-29.28,-29.28,-78.08,-53.68,29.28,-165.92,-107.36,180.56
-39.04,-58.56,-19.52,48.8,-9.76,-39.04,-78.08,-53.68,24.4,-165.92,-107.36,175.68
-43.92,-68.32,-24.4,58.56,-9.76,-48.8,-78.08,-58.56,34.16,-156.16,-107.36,185.44
-43.92,-68.32,-24.4,58.56,-9.76,-48.8,-78.08,-58.56,29.28,-156.16,-112.24,180.56
-43.92,-73.2,-29.28,58.56,-9.76,-53.68,-78.08,-53.68,29.28,-156.16,-112.24,180.56
-43.92,-73.2,-29.28,58.56,-9.76,-53.68,-78.08,-53.68,29.28,-156.16,-112.24,180.56
-53.68,-78.08,-24.4,68.32,-14.64,-53.68,-68.32,-58.56,19.52,-170.8,-122,165.92
-53.68,-78.08,-24.4,68.32,-14.64,-53.68,-68.32,-63.44,19.52,-170.8,-122,156.16
-53.68,-78.08,-24.4,68.32,-14.64,-53.68,-68.32,-63.44,19.52,-170.8,-122,165.92
-58.56,-78.08,-19.52,68.32,-19.52,-48.8,-68.32,-63.44,24.4,-175.68,-117.12,165.92
-58.56,-78.08,-19.52,68.32,-19.52,-48.8,-78.08,-73.2,24.4,-175.68,-117.12,161.04
-53.68,-78.08,-24.4,68.32,-14.64,-53.68,-73.2,-73.2,24.4,-175.68,-122,161.04
-53.68,-78.08,-24.4,68.32,-14.64,-53.68,-73.2,-73.2,24.4,-175.68,-122,161.04
-58.56,-82.96,-24.4,73.2,-19.52,-53.68,-78.08,-73.2,29.28,-175.68,-122,161.04
-58.56,-82.96,-24.4,73.2,-19.52,-53.68,-68.32,-73.2,29.28,-165.92,-112.24,165.92
-58.56,-78.08,-19.52,68.32,-19.52,-48.8,-68.32,-78.08,24.4,-165.92,-112.24,165.92
-58.56,-78.08,-19.52,68.32,-19.52,-48.8,-68.32,-78.08,19.52,-165.92,-112.24,165.92
-58.56,-82.96,-24.4,73.2,-19.52,-53.68,-73.2,-78.08,19.52,-165.92,-122,161.04
-58.56,-82.96,-24.4,73.2,-19.52,-53.68,-63.44,-63.44,34.16,-156.16,-122,165.92
-58.56,-82.96,-24.4,73.2,-19.52,-53.68,-63.44,-58.56,34.16,-156.16,-117.12,165.92
-58.56,-82.96,-24.4,73.2,-19.52,-53.68,-63.44,-58.56,34.16,-151.28,-112.24,170.8
-58.56,-82.96,-24.4,73.2,-19.52,-53.68,-63.44,-63.44,34.16,-151.28,-112.24,170.8
-63.44,-82.96,-19.52,73.2,-24.4,-53.68,-73.2,-68.32,24.4,-161.04,-112.24,161.04
-63.44,-82.96,-19.52,73.2,-24.4,-53.68,-68.32,-68.32,24.4,-161.04,-112.24,161.04
-58.56,-82.96,-24.4,73.2,-19.52,-53.68,-63.44,-63.44,24.4,-161.04,-112.24,161.04
-58.56,-87.84,-29.28,73.2,-14.64,-58.56,-63.44,-58.56,29.28,-161.04,-112.24,161.04
-48.8,-97.6,-48.8,73.2,0,-73.2,-63.44,-68.32,29.28,-161.04,-122,161.04
-43.92,-92.72,-48.8,68.32,0,-73.2,-63.44,-68.32,29.28,-161.04,-122,156.16
-43.92,-92.72,-48.8,68.32,0,-73.2,-68.32,-68.32,34.16,-156.16,-122,156.16
-43.92,-92.72,-48.8,68.32,0,-73.2,-68.32,-63.44,39.04,-156.16,-122,156.16
-48.8,-92.72,-43.92,73.2,-4.88,-68.32,-68.32,-58.56,29.28,-156.16,-122,156.16
-48.8,-92.72,-43.92,73.2,-4.88,-68.32,-63.44,-58.56,29.28,-156.16,-112.24,161.04
-43.92,-92.72,-48.8,68.32,0,-73.2,-63.44,-58.56,29.28,-151.28,-112.24,165.92
-43.92,-92.72,-48.8,68.32,0,-73.2,-63.44,-63.44,24.4,-151.28,-112.24,165.92
-58.56,-87.84,-29.28,73.2,-14.64,-58.56,-48.8,-58.56,29.28,-141.52,-107.36,170.8
-53.68,-78.08,-24.4,68.32,-14.64,-53.68,-48.8,-58.56,29.28,-141.52,-107.36,165.92
-73.2,-73.2,0,73.2,-39.04,-39.04,-43.92,-53.68,39.04,-141.52,-107.36,165.92
-97.6,-68.32,29.28,82.96,-63.44,-19.52,-39.04,-43.92,48.8,-136.64,-97.6,165.92
-82.96,-68.32,14.64,78.08,-48.8,-29.28,-43.92,-53.68,39.04,-136.64,-97.6,170.8
-78.08,-68.32,9.76,73.2,-43.92,-29.28,-43.92,-53.68,34.16,-136.64,-102.48,170.8
-63.44,-63.44,0,63.44,-34.16,-34.16,-43.92,-53.68,34.16,-136.64,-102.48,170.8
-58.56,-63.44,-4.88,63.44,-29.28,-34.16,-43.92,-48.8,34.16,-136.64,-97.6,170.8
-68.32,-78.08,-9.76,73.2,-29.28,-43.92,-43.92,-39.04,34.16,-146.4,-97.6,175.68
-73.2,-87.84,-14.64,82.96,-29.28,-53.68,-43.92,-39.04,34.16,-151.28,-97.6,175.68
-73.2,-78.08,-4.88,78.08,-34.16,-43.92,-43.92,-39.04,39.04,-151.28,-97.6,175.68
-68.32,-78.08,-9.76,73.2,-29.28,-43.92,-48.8,-39.04,39.04,-151.28,-97.6,175.68
-53.68,-78.08,-24.4,68.32,-14.64,-53.68,-48.8,-48.8,43.92,-151.28,-97.6,175.68
-53.68,-78.08,-24.4,68.32,-14.64,-53.68,-43.92,-48.8,39.04,-146.4,-97.6,175.68
-58.56,-78.08,-19.52,68.32,-19.52,-48.8,-43.92,-48.8,39.04,-146.4,-92.72,185.44
-58.56,-82.96,-24.4,73.2,-19.52,-53.68,-43.92,-48.8,39.04,-146.4,-87.84,185.44
-63.44,-73.2,-9.76,68.32,-29.28,-43.92,-53.68,-53.68,34.16,-146.4,-92.72,180.56
-63.44,-68.32,-4.88,68.32,-29.28,-39.04,-53.68,-58.56,34.16,-146.4,-97.6,180.56
-63.44,-63.44,0,63.44,-34.16,-34.16,-53.68,-58.56,34.16,-146.4,-102.48,180.56
-63.44,-63.44,0,63.44,-34.16,-34.16,-58.56,-48.8,29.28,-146.4,-107.36,180.56
-43.92,-73.2,-29.28,58.56,-9.76,-53.68,-58.56,-43.92,34.16,-146.4,-97.6,180.56
-43.92,-68.32,-24.4,58.56,-9.76,-48.8,-58.56,-48.8,34.16,-146.4,-97.6,185.44
-53.68,-68.32,-14.64,63.44,-19.52,-43.92,-58.56,-53.68,34.16,-146.4,-97.6,185.44
-53.68,-68.32,-14.64,63.44,-19.52,-43.92,-48.8,-58.56,39.04,-141.52,-97.6,180.56
-53.68,-68.32,-14.64,63.44,-19.52,-43.92,-48.8,-63.44,29.28,-141.52,-107.36,180.56
-53.68,-68.32,-14.64,63.44,-19.52,-43.92,-48.8,-63.44,24.4,-146.4,-107.36,185.44
-48.8,-68.32,-19.52,58.56,-14.64,-43.92,-48.8,-63.44,24.4,-146.4,-107.36,185.44
-39.04,-68.32,-29.28,53.68,-4.88,-48.8,-48.8,-63.44,24.4,-146.4,-107.36,180.56
-39.04,-58.56,-19.52,48.8,-9.76,-39.04,-58.56,-58.56,19.52,-146.4,-112.24,185.44
-39.04,-58.56,-19.52,48.8,-9.76,-39.04,-58.56,-63.44,19.52,-151.28,-112.24,185.44
-43.92,-58.56,-14.64,53.68,-14.64,-39.04,-58.56,-63.44,19.52,-151.28,-112.24,185.44
-43.92,-58.56,-14.64,53.68,-14.64,-39.04,-58.56,-63.44,19.52,-146.4,-107.36,190.32
-48.8,-68.32,-19.52,58.56,-14.64,-43.92,-63.44,-63.44,9.76,-146.4,-97.6,180.56
-48.8,-68.32,-19.52,58.56,-14.64,-43.92,-63.44,-63.44,9.76,-146.4,-97.6,180.56
-39.04,-68.32,-29.28,53.68,-4.88,-48.8,-63.44,-68.32,9.76,-151.28,-97.6,180.56
-39.04,-68.32,-29.28,53.68,-4.88,-48.8,-63.44,-68.32,9.76,-151.28,-97.6,180.56
-53.68,-73.2,-19.52,63.44,-19.52,-48.8,-63.44,-78.08,0,-161.04,-107.36,180.56
-53.68,-73.2,-19.52,63.44,-19.52,-48.8,-63.44,-73.2,0,-161.04,-107.36,185.44
-53.68,-73.2,-19.52,63.44,-19.52,-48.8,-63.44,-73.2,-4.88,-161.04,-107.36,185.44
-53.68,-73.2,-19.52,63.44,-19.52,-48.8,-63.44,-78.08,-4.88,-170.8,-107.36,185.44
-39.04,-63.44,-24.4,53.68,-9.76,-43.92,-68.32,-87.84,-14.64,-170.8,-117.12,185.44
-29.28,-63.44,-34.16,48.8,0,-48.8,-68.32,-87.84,-14.64,-175.68,-117.12,185.44
-39.04,-63.44,-24.4,53.68,-9.76,-43.92,-68.32,-82.96,-24.4,-175.68,-122,180.56
-39.04,-63.44,-24.4,53.68,-9.76,-43.92,-73.2,-82.96,-24.4,-175.68,-126.88,180.56
-39.04,-63.44,-24.4,53.68,-9.76,-43.92,-78.08,-92.72,-24.4,-165.92,-126.88,180.56
-39.04,-63.44,-24.4,53.68,-9.76,-43.92,-78.08,-97.6,-34.16,-175.68,-122,180.56
-39.04,-68.32,-29.28,53.68,-4.88,-48.8,-78.08,-102.48,-39.04,-175.68,-117.12,180.56
-39.04,-68.32,-29.28,53.68,-4.88,-48.8,-78.08,-102.48,-39.04,-170.8,-117.12,180.56
-39.04,-78.08,-39.04,58.56,0,-58.56,-68.32,-102.48,-39.04,-180.56,-126.88,180.56
-39.04,-78.08,-39.04,58.56,0,-58.56,-68.32,-107.36,-43.92,-190.32,-126.88,180.56
-39.04,-78.08,-39.04,58.56,0,-58.56,-68.32,-112.24,-48.8,-190.32,-126.88,180.56
-39.04,-78.08,-39.04,58.56,0,-58.56,-68.32,-112.24,-48.8,-185.44,-131.76,180.56
-39.04,-82.96,-43.92,63.44,0,-63.44,-87.84,-107.36,-48.8,-185.44,-131.76,175.68
-34.16,-82.96,-48.8,58.56,4.88,-68.32,-78.08,-107.36,-53.68,-190.32,-126.88,175.68
-29.28,-82.96,-53.68,58.56,9.76,-68.32,-78.08,-117.12,-53.68,-190.32,-126.88,175.68
-24.4,-78.08,-53.68,53.68,14.64,-68.32,-78.08,-122,-58.56,-195.2,-126.88,170.8
-29.28,-68.32,-39.04,48.8,4.88,-53.68,-87.84,-122,-73.2,-195.2,-117.12,170.8
-39.04,-68.32,-29.28,53.68,-4.88,-48.8,-78.08,-122,-73.2,-195.2,-117.12,175.68
-43.92,-68.32,-24.4,58.56,-9.76,-48.8,-78.08,-122,-78.08,-200.08,-122,175.68
-48.8,-73.2,-24.4,63.44,-14.64,-48.8,-78.08,-131.76,-78.08,-204.96,-131.76,175.68
-39.04,-73.2,-34.16,58.56,-4.88,-53.68,-82.96,-131.76,-78.08,-204.96,-131.76,161.04
-39.04,-73.2,-34.16,58.56,-4.88,-53.68,-82.96,-126.88,-78.08,-209.84,-131.76,161.04
-39.04,-73.2,-34.16,58.56,-4.88,-53.68,-82.96,-126.88,-87.84,-214.72,-136.64,161.04
-39.04,-73.2,-34.16,58.56,-4.88,-53.68,-82.96,-126.88,-87.84,-214.72,-141.52,161.04
-53.68,-73.2,-19.52,63.44,-19.52,-48.8,-73.2,-126.88,-78.08,-214.72,-141.52,165.92
-63.44,-73.2,-9.76,68.32,-29.28,-43.92,-73.2,-136.64,-82.96,-214.72,-141.52,165.92
-68.32,-73.2,-4.88,73.2,-34.16,-39.04,-73.2,-136.64,-82.96,-219.6,-141.52,165.92
-58.56,-73.2,-14.64,68.32,-24.4,-43.92,-73.2,-141.52,-82.96,-219.6,-146.4,156.16
-58.56,-63.44,-4.88,63.44,-29.28,-34.16,-78.08,-136.64,-87.84,-214.72,-146.4,151.28
-63.44,-63.44,0,63.44,-34.16,-34.16,-78.08,-136.64,-87.84,-214.72,-141.52,151.28
-63.44,-63.44,0,63.44,-34.16,-34.16,-78.08,-141.52,-87.84,-214.72,-141.52,161.04
-63.44,-63.44,0,63.44,-34.16,-34.16,-78.08,-141.52,-92.72,-214.72,-141.52,170.8
-58.56,-73.2,-14.64,68.32,-24.4,-43.92,-78.08,-141.52,-92.72,-229.36,-141.52,161.04
-53.68,-73.2,-19.52,63.44,-19.52,-48.8,-82.96,-146.4,-92.72,-229.36,-151.28,156.16
-48.8,-73.2,-24.4,63.44,-14.64,-48.8,-82.96,-151.28,-97.6,-229.36,-151.28,156.16
-48.8,-73.2,-24.4,63.44,-14.64,-48.8,-78.08,-151.28,-97.6,-229.36,-146.4,161.04
-53.68,-82.96,-29.28,68.32,-14.64,-58.56,-78.08,-156.16,-97.6,-229.36,-146.4,170.8
-58.56,-82.96,-24.4,73.2,-19.52,-53.68,-78.08,-156.16,-97.6,-229.36,-146.4,170.8
-63.44,-82.96,-19.52,73.2,-24.4,-53.68,-78.08,-156.16,-97.6,-229.36,-146.4,165.92
-68.32,-87.84,-19.52,78.08,-24.4,-53.68,-78.08,-156.16,-97.6,-234.24,-146.4,161.04
-63.44,-87.84,-24.4,78.08,-19.52,-58.56,-78.08,-146.4,-97.6,-229.36,-146.4,161.04
-63.44,-87.84,-24.4,78.08,-19.52,-58.56,-78.08,-156.16,-102.48,-229.36,-146.4,156.16
-63.44,-87.84,-24.4,78.08,-19.52,-58.56,-78.08,-156.16,-102.48,-229.36,-151.28,156.16
-58.56,-87.84,-29.28,73.2,-14.64,-58.56,-78.08,-156.16,-102.48,-224.48,-151.28,170.8
-53.68,-78.08,-24.4,68.32,-14.64,-53.68,-82.96,-165.92,-112.24,-229.36,-151.28,165.92
-58.56,-78.08,-19.52,68.32,-19.52,-48.8,-82.96,-165.92,-112.24,-229.36,-156.16,161.04
-58.56,-82.96,-24.4,73.2,-19.52,-53.68,-82.96,-165.92,-112.24,-234.24,-156.16,156.16
-53.68,-82.96,-29.28,68.32,-14.64,-58.56,-78.08,-165.92,-112.24,-234.24,-151.28,151.28
-63.44,-92.72,-29.28,78.08,-19.52,-63.44,-78.08,-165.92,-102.48,-234.24,-151.28,156.16
-63.44,-87.84,-24.4,78.08,-19.52,-58.56,-78.08,-170.8,-107.36,-234.24,-151.28,156.16
-58.56,-87.84,-29.28,73.2,-14.64,-58.56,-82.96,-170.8,-112.24,-234.24,-151.28,161.04
-58.56,-87.84,-29.28,73.2,-14.64,-58.56,-82.96,-170.8,-112.24,-244,-151.28,165.92
-63.44,-78.08,-14.64,73.2,-24.4,-48.8,-82.96,-170.8,-117.12,-234.24,-151.28,156.16
-58.56,-78.08,-19.52,68.32,-19.52,-48.8,-82.96,-170.8,-117.12,-234.24,-151.28,156.16
-43.92,-78.08,-34.16,63.44,-4.88,-58.56,-82.96,-170.8,-117.12,-234.24,-151.28,156.16
-39.04,-78.08,-39.04,58.56,0,-58.56,-82.96,-175.68,-117.12,-234.24,-156.16,146.4
-43.92,-87.84,-43.92,68.32,0,-68.32,-73.2,-175.68,-122,-234.24,-156.16,156.16
-48.8,-87.84,-39.04,68.32,-4.88,-63.44,-73.2,-175.68,-122,-234.24,-156.16,161.04
-53.68,-87.84,-34.16,73.2,-9.76,-63.44,-73.2,-175.68,-122,-234.24,-156.16,161.04
-58.56,-92.72,-34.16,78.08,-14.64,-63.44,-73.2,-175.68,-131.76,-234.24,-156.16,161.04
-58.56,-87.84,-29.28,73.2,-14.64,-58.56,-82.96,-175.68,-122,-234.24,-146.4,161.04
-58.56,-87.84,-29.28,73.2,-14.64,-58.56,-82.96,-175.68,-122,-234.24,-141.52,161.04
-58.56,-87.84,-29.28,73.2,-14.64,-58.56,-82.96,-180.56,-131.76,-239.12,-141.52,161.04
-58.56,-82.96,-24.4,73.2,-19.52,-53.68,-82.96,-180.56,-131.76,-239.12,-141.52,161.04
-58.56,-82.96,-24.4,73.2,-19.52,-53.68,-82.96,-180.56,-122,-239.12,-151.28,156.16
-58.56,-82.96,-24.4,73.2,-19.52,-53.68,-87.84,-180.56,-122,-239.12,-151.28,156.16
-58.56,-82.96,-24.4,73.2,-19.52,-53.68,-87.84,-180.56,-122,-239.12,-151.28,156.16
-58.56,-82.96,-24.4,73.2,-19.52,-53.68,-87.84,-180.56,-122,-234.24,-151.28,156.16
-53.68,-92.72,-39.04,73.2,-9.76,-68.32,-87.84,-175.68,-122,-244,-151.28,156.16
-58.56,-92.72,-34.16,78.08,-14.64,-63.44,-87.84,-175.68,-126.88,-248.88,-156.16,156.16
-43.92,-92.72,-48.8,68.32,0,-73.2,-87.84,-175.68,-126.88,-248.88,-156.16,156.16
-39.04,-97.6,-58.56,68.32,9.76,-78.08,-87.84,-175.68,-126.88,-248.88,-151.28,151.28
-63.44,-97.6,-34.16,82.96,-14.64,-68.32,-82.96,-185.44,-126.88,-239.12,-151.28,161.04
-78.08,-97.6,-19.52,87.84,-29.28,-58.56,-82.96,-185.44,-122,-239.12,-146.4,165.92
-68.32,-97.6,-29.28,82.96,-19.52,-63.44,-82.96,-190.32,-122,-239.12,-146.4,165.92
-68.32,-97.6,-29.28,82.96,-19.52,-63.44,-87.84,-195.2,-131.76,-239.12,-156.16,161.04
-58.56,-92.72,-34.16,78.08,-14.64,-63.44,-87.84,-185.44,-122,-244,-156.16,161.04
-58.56,-92.72,-34.16,78.08,-14.64,-63.44,-87.84,-185.44,-122,-244,-151.28,161.04
-58.56,-92.72,-34.16,78.08,-14.64,-63.44,-87.84,-185.44,-122,-244,-151.28,161.04
-63.44,-92.72,-29.28,78.08,-19.52,-63.44,-82.96,-180.56,-122,-248.88,-151.28,161.04
-78.08,-92.72,-14.64,87.84,-34.16,-53.68,-73.2,-165.92,-112.24,-239.12,-141.52,161.04
-82.96,-82.96,0,82.96,-43.92,-43.92,-73.2,-165.92,-112.24,-239.12,-141.52,161.04
-87.84,-82.96,4.88,87.84,-48.8,-39.04,-73.2,-175.68,-122,-239.12,-141.52,165.92
-92.72,-82.96,9.76,87.84,-53.68,-39.04,-73.2,-175.68,-112.24,-234.24,-141.52,165.92
-87.84,-87.84,0,87.84,-43.92,-43.92,-73.2,-185.44,-122,-239.12,-151.28,156.16
-73.2,-87.84,-14.64,82.96,-29.28,-53.68,-78.08,-190.32,-126.88,-248.88,-156.16,156.16
-78.08,-82.96,-4.88,82.96,-39.04,-43.92,-78.08,-190.32,-126.88,-253.76,-156.16,161.04
-78.08,-82.96,-4.88,82.96,-39.04,-43.92,-73.2,-185.44,-126.88,-248.88,-151.28,165.92
-73.2,-97.6,-24.4,87.84,-24.4,-63.44,-82.96,-185.44,-117.12,-248.88,-146.4,165.92
-73.2,-97.6,-24.4,87.84,-24.4,-63.44,-82.96,-185.44,-122,-253.76,-146.4,165.92
-68.32,-97.6,-29.28,82.96,-19.52,-63.44,-82.96,-185.44,-122,-253.76,-146.4,165.92
-68.32,-97.6,-29.28,82.96,-19.52,-63.44,-82.96,-185.44,-122,-253.76,-151.28,156.16
-68.32,-87.84,-19.52,78.08,-24.4,-53.68,-73.2,-185.44,-122,-253.76,-151.28,156.16
-68.32,-87.84,-19.52,78.08,-24.4,-53.68,-73.2,-185.44,-122,-248.88,-151.28,156.16
-68.32,-87.84,-19.52,78.08,-24.4,-53.68,-73.2,-190.32,-122,-248.88,-151.28,156.16
-63.44,-87.84,-24.4,78.08,-19.52,-58.56,-73.2,-190.32,-122,-248.88,-156.16,151.28
-63.44,-87.84,-24.4,78.08,-19.52,-58.56,-82.96,-200.08,-112.24,-253.76,-146.4,141.52
-63.44,-87.84,-24.4,78.08,-19.52,-58.56,-82.96,-200.08,-112.24,-253.76,-141.52,151.28
-63.44,-87.84,-24.4,78.08,-19.52,-58.56,-82.96,-200.08,-112.24,-253.76,-141.52,151.28
-63.44,-87.84,-24.4,78.08,-19.52,-58.56,-82.96,-200.08,-117.12,-253.76,-141.52,151.28
-63.44,-87.84,-24.4,78.08,-19.52,-58.56,-82.96,-185.44,-117.12,-253.76,-141.52,146.4
-63.44,-87.84,-24.4,78.08,-19.52,-58.56,-82.96,-185.44,-117.12,-253.76,-141.52,146.4
-63.44,-97.6,-34.16,82.96,-14.64,-68.32,-82.96,-190.32,-117.12,-253.76,-136.64,146.4
-63.44,-87.84,-24.4,78.08,-19.52,-58.56,-82.96,-190.32,-117.12,-253.76,-136.64,146.4
-58.56,-87.84,-29.28,73.2,-14.64,-58.56,-82.96,-200.08,-117.12,-263.52,-131.76,156.16
-63.44,-87.84,-24.4,78.08,-19.52,-58.56,-82.96,-200.08,-122,-263.52,-126.88,151.28
-63.44,-87.84,-24.4,78.08,-19.52,-58.56,-82.96,-200.08,-122,-263.52,-122,146.4
-58.56,-87.84,-29.28,73.2,-14.64,-58.56,-82.96,-200.08,-122,-263.52,-117.12,146.4
-63.44,-87.84,-24.4,78.08,-19.52,-58.56,-82.96,-195.2,-117.12,-253.76,-112.24,156.16
-63.44,-87.84,-24.4,78.08,-19.52,-58.56,-87.84,-195.2,-122,-253.76,-107.36,146.4
-63.44,-82.96,-19.52,73.2,-24.4,-53.68,-87.84,-190.32,-117.12,-253.76,-102.48,156.16
-58.56,-82.96,-24.4,73.2,-19.52,-53.68,-87.84,-185.44,-102.48,-253.76,-97.6,165.92
-58.56,-82.96,-24.4,73.2,-19.52,-53.68,-87.84,-200.08,-112.24,-253.76,-97.6,156.16
-58.56,-73.2,-14.64,68.32,-24.4,-43.92,-87.84,-209.84,-117.12,-258.64,-102.48,151.28
-48.8,-73.2,-24.4,63.44,-14.64,-48.8,-82.96,-204.96,-112.24,-258.64,-97.6,146.4
-48.8,-87.84,-39.04,68.32,-4.88,-63.44,-78.08,-204.96,-107.36,-253.76,-97.6,146.4
-58.56,-87.84,-29.28,73.2,-14.64,-58.56,-78.08,-204.96,-107.36,-263.52,-97.6,156.16
-58.56,-87.84,-29.28,73.2,-14.64,-58.56,-78.08,-204.96,-107.36,-263.52,-97.6,156.16
-58.56,-87.84,-29.28,73.2,-14.64,-58.56,-78.08,-204.96,-107.36,-263.52,-97.6,156.16
-58.56,-87.84,-29.28,73.2,-14.64,-58.56,-78.08,-204.96,-107.36,-263.52,-97.6,156.16
-68.32,-87.84,-19.52,78.08,-24.4,-53.68,-78.08,-195.2,-97.6,-263.52,-87.84,156.16
-68.32,-87.84,-19.52,78.08,-24.4,-53.68,-78.08,-195.2,-97.6,-263.52,-87.84,156.16
-68.32,-87.84,-19.52,78.08,-24.4,-53.68,-78.08,-195.2,-97.6,-263.52,-87.84,156.16
-68.32,-87.84,-19.52,78.08,-24.4,-53.68,-78.08,-195.2,-97.6,-263.52,-87.84,156.16
-58.56,-87.84,-29.28,73.2,-14.64,-58.56,-68.32,-195.2,-97.6,-263.52,-78.08,156.16
-58.56,-87.84,-29.28,73.2,-14.64,-58.56,-68.32,-195.2,-97.6,-263.52,-78.08,156.16
-58.56,-87.84,-29.28,73.2,-14.64,-58.56,-68.32,-195.2,-97.6,-263.52,-78.08,156.16
-58.56,-87.84,-29.28,73.2,-14.64,-58.56,-68.32,-195.2,-97.6,-263.52,-78.08,156.16
-48.8,-97.6,-48.8,73.2,0,-73.2,-68.32,-195.2,-97.6,-253.76,-78.08,156.16
-48.8,-97.6,-48.8,73.2,0,-73.2,-68.32,-195.2,-97.6,-253.76,-78.08,156.16
-48.8,-97.6,-48.8,73.2,0,-73.2,-68.32,-195.2,-97.6,-253.76,-78.08,156.16
-48.8,-97.6,-48.8,73.2,0,-73.2,-68.32,-195.2,-97.6,-253.76,-78.08,156.16
-53.68,-87.84,-34.16,73.2,-9.76,-63.44,-68.32,-204.96,-87.84,-253.76,-68.32,165.92
-58.56,-87.84,-29.28,73.2,-14.64,-58.56,-68.32,-204.96,-87.84,-253.76,-68.32,165.92
-63.44,-87.84,-24.4,78.08,-19.52,-58.56,-68.32,-204.96,-87.84,-253.76,-68.32,165.92
-68.32,-87.84,-19.52,78.08,-24.4,-53.68,-68.32,-204.96,-87.84,-253.76,-68.32,165.92
-58.56,-78.08,-19.52,68.32,-19.52,-48.8,-78.08,-214.72,-97.6,-263.52,-68.32,156.16
-58.56,-78.08,-19.52,68.32,-19.52,-48.8,-78.08,-214.72,-97.6,-263.52,-68.32,156.16
-58.56,-78.08,-19.52,68.32,-19.52,-48.8,-78.08,-214.72,-97.6,-263.52,-68.32,156.16
-58.56,-78.08,-19.52,68.32,-19.52,-48.8,-78.08,-214.72,-97.6,-263.52,-68.32,156.16
-68.32,-82.96,-14.64,78.08,-29.28,-48.8,-73.2,-209.84,-97.6,-258.64,-68.32,165.92
-68.32,-87.84,-19.52,78.08,-24.4,-53.68,-68.32,-204.96,-97.6,-253.76,-68.32,165.92
-68.32,-92.72,-24.4,82.96,-24.4,-58.56,-63.44,-200.08,-97.6,-248.88,-68.32,165.92
-68.32,-97.6,-29.28,82.96,-19.52,-63.44,-58.56,-195.2,-97.6,-244,-68.32,165.92
-58.56,-87.84,-29.28,73.2,-14.64,-58.56,-58.56,-204.96,-87.84,-253.76,-58.56,165.92
-58.56,-87.84,-29.28,73.2,-14.64,-58.56,-58.56,-204.96,-87.84,-253.76,-58.56,165.92
-58.56,-87.84,-29.28,73.2,-14.64,-58.56,-58.56,-204.96,-87.84,-253.76,-58.56,165.92
-58.56,-87.84,-29.28,73.2,-14.64,-58.56,-58.56,-204.96,-87.84,-253.76,-58.56,165.92
-48.8,-78.08,-29.28,63.44,-9.76,-53.68,-68.32,-214.72,-97.6,-244,-58.56,156.16
-48.8,-78.08,-29.28,63.44,-9.76,-53.68,-68.32,-214.72,-97.6,-244,-58.56,156.16
-48.8,-78.08,-29.28,63.44,-9.76,-53.68,-68.32,-214.72,-97.6,-244,-58.56,156.16
-48.8,-78.08,-29.28,63.44,-9.76,-53.68,-68.32,-214.72,-97.6,-244,-58.56,156.16
-58.56,-87.84,-29.28,73.2,-14.64,-58.56,-58.56,-204.96,-107.36,-253.76,-58.56,156.16
-58.56,-87.84,-29.28,73.2,-14.64,-58.56,-58.56,-204.96,-107.36,-253.76,-58.56,156.16
-58.56,-87.84,-29.28,73.2,-14.64,-58.56,-58.56,-204.96,-107.36,-253.76,-58.56,156.16
-58.56,-87.84,-29.28,73.2,-14.64,-58.56,-58.56,-204.96,-107.36,-253.76,-58.56,156.16
-68.32,-87.84,-19.52,78.08,-24.4,-53.68,-58.56,-204.96,-107.36,-253.76,-68.32,146.4
-68.32,-87.84,-19.52,78.08,-24.4,-53.68,-58.56,-204.96,-107.36,-253.76,-68.32,146.4
-68.32,-87.84,-19.52,78.08,-24.4,-53.68,-58.56,-204.96,-107.36,-253.76,-68.32,146.4
-68.32,-87.84,-19.52,78.08,-24.4,-53.68,-58.56,-204.96,-107.36,-253.76,-68.32,146.4
-58.56,-87.84,-29.28,73.2,-14.64,-58.56,-68.32,-214.72,-117.12,-253.76,-68.32,156.16
-58.56,-87.84,-29.28,73.2,-14.64,-58.56,-68.32,-214.72,-117.12,-253.76,-68.32,156.16
-58.56,-87.84,-29.28,73.2,-14.64,-58.56,-68.32,-214.72,-117.12,-253.76,-68.32,156.16
-58.56,-87.84,-29.28,73.2,-14.64,-58.56,-68.32,-214.72,-117.12,-253.76,-68.32,156.16
-48.8,-97.6,-48.8,73.2,0,-73.2,-58.56,-204.96,-117.12,-253.76,-58.56,156.16
-48.8,-97.6,-48.8,73.2,0,-73.2,-58.56,-204.96,-117.12,-253.76,-58.56,156.16
-48.8,-97.6,-48.8,73.2,0,-73.2,-58.56,-204.96,-117.12,-253.76,-58.56,156.16
-48.8,-97.6,-48.8,73.2,0,-73.2,-58.56,-204.96,-117.12,-253.76,-58.56,156.16
-53.68,-97.6,-43.92,78.08,-4.88,-73.2,-58.56,-204.96,-107.36,-244,-58.56,165.92
-58.56,-97.6,-39.04,78.08,-9.76,-68.32,-58.56,-204.96,-107.36,-244,-58.56,165.92
-63.44,-97.6,-34.16,82.96,-14.64,-68.32,-58.56,-204.96,-107.36,-244,-58.56,165.92
-68.32,-97.6,-29.28,82.96,-19.52,-63.44,-58.56,-204.96,-107.36,-244,-58.56,165.92
-58.56,-87.84,-29.28,73.2,-14.64,-58.56,-68.32,-214.72,-117.12,-244,-48.8,165.92
-58.56,-87.84,-29.28,73.2,-14.64,-58.56,-68.32,-214.72,-117.12,-244,-48.8,165.92
-58.56,-87.84,-29.28,73.2,-14.64,-58.56,-68.32,-214.72,-117.12,-244,-48.8,165.92
-58.56,-87.84,-29.28,73.2,-14.64,-58.56,-68.32,-214.72,-117.12,-244,-48.8,165.92
-58.56,-87.84,-29.28,73.2,-14.64,-58.56,-68.32,-214.72,-126.88,-253.76,-58.56,156.16
-58.56,-87.84,-29.28,73.2,-14.64,-58.56,-68.32,-214.72,-126.88,-253.76,-58.56,156.16
-58.56,-87.84,-29.28,73.2,-14.64,-58.56,-68.32,-214.72,-126.88,-253.76,-58.56,156.16
-58.56,-87.84,-29.28,73.2,-14.64,-58.56,-68.32,-214.72,-126.88,-253.76,-58.56,156.16
-48.8,-87.84,-39.04,68.32,-4.88,-63.44,-58.56,-214.72,-126.88,-244,-58.56,165.92
-48.8,-87.84,-39.04,68.32,-4.88,-63.44,-58.56,-214.72,-126.88,-244,-58.56,165.92
-48.8,-87.84,-39.04,68.32,-4.88,-63.44,-58.56,-214.72,-126.88,-244,-58.56,165.92
-48.8,-87.84,-39.04,68.32,-4.88,-63.44,-58.56,-214.72,-126.88,-244,-58.56,165.92
-39.04,-87.84,-48.8,63.44,4.88,-68.32,-58.56,-214.72,-136.64,-244,-58.56,156.16
-39.04,-87.84,-48.8,63.44,4.88,-68.32,-58.56,-214.72,-136.64,-244,-58.56,156.16
-39.04,-87.84,-48.8,63.44,4.88,-68.32,-58.56,-214.72,-136.64,-244,-58.56,156.16
-39.04,-87.84,-48.8,63.44,4.88,-68.32,-58.56,-214.72,-136.64,-244,-58.56,156.16
-43.92,-87.84,-43.92,68.32,0,-68.32,-48.8,-204.96,-136.64,-244,-48.8,165.92
-48.8,-87.84,-39.04,68.32,-4.88,-63.44,-48.8,-204.96,-136.64,-244,-48.8,165.92
-53.68,-87.84,-34.16,73.2,-9.76,-63.44,-48.8,-204.96,-136.64,-244,-48.8,165.92
-58.56,-87.84,-29.28,73.2,-14.64,-58.56,-48.8,-204.96,-136.64,-244,-48.8,165.92
-58.56,-87.84,-29.28,73.2,-14.64,-58.56,-58.56,-209.84,-136.64,-244,-58.56,165.92
-58.56,-87.84,-29.28,73.2,-14.64,-58.56,-58.56,-214.72,-136.64,-244,-58.56,165.92
-58.56,-87.84,-29.28,73.2,-14.64,-58.56,-58.56,-219.6,-136.64,-244,-58.56,165.92
-58.56,-87.84,-29.28,73.2,-14.64,-58.56,-58.56,-224.48,-136.64,-244,-58.56,165.92
-48.8,-87.84,-39.04,68.32,-4.88,-63.44,-58.56,-214.72,-146.4,-244,-58.56,156.16
-48.8,-87.84,-39.04,68.32,-4.88,-63.44,-58.56,-214.72,-146.4,-244,-58.56,156.16
-48.8,-87.84,-39.04,68.32,-4.88,-63.44,-58.56,-214.72,-146.4,-244,-58.56,156.16
-48.8,-87.84,-39.04,68.32,-4.88,-63.44,-58.56,-214.72,-146.4,-244,-58.56,156.16
-48.8,-87.84,-39.04,68.32,-4.88,-63.44,-58.56,-214.72,-146.4,-244,-58.56,156.16
-48.8,-87.84,-39.04,68.32,-4.88,-63.44,-58.56,-214.72,-146.4,-244,-58.56,156.16
-48.8,-87.84,-39.04,68.32,-4.88,-63.44,-58.56,-214.72,-146.4,-244,-58.56,156.16
-48.8,-87.84,-39.04,68.32,-4.88,-63.44,-58.56,-214.72,-146.4,-244,-58.56,156.16
-48.8,-78.08,-29.28,63.44,-9.76,-53.68,-58.56,-224.48,-156.16,-244,-58.56,156.16
-48.8,-78.08,-29.28,63.44,-9.76,-53.68,-58.56,-224.48,-156.16,-244,-58.56,156.16
-48.8,-78.08,-29.28,63.44,-9.76,-53.68,-58.56,-224.48,-156.16,-244,-58.56,156.16
-48.8,-78.08,-29.28,63.44,-9.76,-53.68,-58.56,-224.48,-156.16,-244,-58.56,156.16
-48.8,-78.08,-29.28,63.44,-9.76,-53.68,-58.56,-214.72,-156.16,-234.24,-58.56,165.92
-48.8,-78.08,-29.28,63.44,-9.76,-53.68,-58.56,-214.72,-156.16,-234.24,-58.56,165.92
-48.8,-78.08,-29.28,63.44,-9.76,-53.68,-58.56,-214.72,-156.16,-234.24,-58.56,165.92
-48.8,-78.08,-29.28,63.44,-9.76,-53.68,-58.56,-214.72,-156.16,-234.24,-58.56,165.92
-48.8,-78.08,-29.28,63.44,-9.76,-53.68,-58.56,-214.72,-165.92,-244,-58.56,156.16
-48.8,-78.08,-29.28,63.44,-9.76,-53.68,-58.56,-214.72,-165.92,-244,-58.56,156.16
-48.8,-78.08,-29.28,63.44,-9.76,-53.68,-58.56,-214.72,-165.92,-244,-58.56,156.16
-48.8,-78.08,-29.28,63.44,-9.76,-53.68,-58.56,-214.72,-165.92,-244,-58.56,156.16
-48.8,-87.84,-39.04,68.32,-4.88,-63.44,-68.32,-224.48,-165.92,-244,-58.56,156.16
-48.8,-87.84,-39.04,68.32,-4.88,-63.44,-68.32,-224.48,-165.92,-244,-58.56,156.16
-48.8,-87.84,-39.04,68.32,-4.88,-63.44,-68.32,-224.48,-165.92,-244,-58.56,156.16
-48.8,-87.84,-39.04,68.32,-4.88,-63.44,-68.32,-224.48,-165.92,-244,-58.56,156.16
-58.56,-87.84,-29.28,73.2,-14.64,-58.56,-58.56,-214.72,-156.16,-234.24,-58.56,156.16
-58.56,-87.84,-29.28,73.2,-14.64,-58.56,-58.56,-214.72,-156.16,-234.24,-58.56,156.16
-58.56,-87.84,-29.28,73.2,-14.64,-58.56,-58.56,-214.72,-156.16,-234.24,-58.56,156.16
-58.56,-87.84,-29.28,73.2,-14.64,-58.56,-58.56,-214.72,-156.16,-234.24,-58.56,156.16
-43.92,-87.84,-43.92,68.32,0,-68.32,-68.32,-224.48,-161.04,-244,-68.32,156.16
-39.04,-87.84,-48.8,63.44,4.88,-68.32,-68.32,-224.48,-165.92,-244,-68.32,156.16
-34.16,-87.84,-53.68,63.44,9.76,-73.2,-68.32,-224.48,-170.8,-244,-68.32,156.16
-29.28,-87.84,-58.56,58.56,14.64,-73.2,-68.32,-224.48,-175.68,-244,-68.32,156.16
-48.8,-78.08,-29.28,63.44,-9.76,-53.68,-63.44,-214.72,-165.92,-234.24,-63.44,161.04
-58.56,-78.08,-19.52,68.32,-19.52,-48.8,-58.56,-214.72,-165.92,-234.24,-58.56,165.92
-68.32,-78.08,-9.76,73.2,-29.28,-43.92,-53.68,-214.72,-165.92,-234.24,-53.68,170.8
-78.08,-78.08,0,78.08,-39.04,-39.04,-48.8,-214.72,-165.92,-234.24,-48.8,175.68
-63.44,-87.84,-24.4,78.08,-19.52,-58.56,-58.56,-214.72,-175.68,-234.24,-58.56,170.8
-58.56,-87.84,-29.28,73.2,-14.64,-58.56,-58.56,-214.72,-175.68,-234.24,-58.56,165.92
-53.68,-87.84,-34.16,73.2,-9.76,-63.44,-58.56,-214.72,-175.68,-234.24,-58.56,161.04
-48.8,-87.84,-39.04,68.32,-4.88,-63.44,-58.56,-214.72,-175.68,-234.24,-58.56,156.16
-53.68,-78.08,-24.4,68.32,-14.64,-53.68,-48.8,-214.72,-175.68,-234.24,-58.56,156.16
-58.56,-78.08,-19.52,68.32,-19.52,-48.8,-48.8,-214.72,-175.68,-234.24,-58.56,156.16
-63.44,-78.08,-14.64,73.2,-24.4,-48.8,-48.8,-214.72,-175.68,-234.24,-58.56,156.16
-68.32,-78.08,-9.76,73.2,-29.28,-43.92,-48.8,-214.72,-175.68,-234.24,-58.56,156.16
-63.44,-78.08,-14.64,73.2,-24.4,-48.8,-58.56,-224.48,-175.68,-234.24,-58.56,156.16
-58.56,-78.08,-19.52,68.32,-19.52,-48.8,-58.56,-224.48,-175.68,-234.24,-58.56,156.16
-53.68,-78.08,-24.4,68.32,-14.64,-53.68,-58.56,-224.48,-175.68,-234.24,-58.56,156.16
-48.8,-78.08,-29.28,63.44,-9.76,-53.68,-58.56,-224.48,-175.68,-234.24,-58.56,156.16
-58.56,-68.32,-9.76,63.44,-24.4,-39.04,-58.56,-214.72,-185.44,-234.24,-58.56,156.16
-58.56,-68.32,-9.76,63.44,-24.4,-39.04,-58.56,-214.72,-185.44,-234.24,-58.56,156.16
-58.56,-68.32,-9.76,63.44,-24.4,-39.04,-58.56,-214.72,-185.44,-234.24,-58.56,156.16
-58.56,-68.32,-9.76,63.44,-24.4,-39.04,-58.56,-214.72,-185.44,-234.24,-58.56,156.16
-48.8,-68.32,-19.52,58.56,-14.64,-43.92,-48.8,-214.72,-185.44,-234.24,-58.56,156.16
-48.8,-68.32,-19.52,58.56,-14.64,-43.92,-48.8,-214.72,-185.44,-234.24,-58.56,156.16
-48.8,-68.32,-19.52,58.56,-14.64,-43.92,-48.8,-214.72,-185.44,-234.24,-58.56,156.16
-48.8,-68.32,-19.52,58.56,-14.64,-43.92,-48.8,-214.72,-185.44,-234.24,-58.56,156.16
-39.04,-78.08,-39.04,58.56,0,-58.56,-58.56,-214.72,-185.44,-234.24,-68.32,156.16
-39.04,-78.08,-39.04,58.56,0,-58.56,-58.56,-214.72,-185.44,-234.24,-68.32,156.16
-39.04,-78.08,-39.04,58.56,0,-58.56,-58.56,-214.72,-185.44,-234.24,-68.32,156.16
-39.04,-78.08,-39.04,58.56,0,-58.56,-58.56,-214.72,-185.44,-234.24,-68.32,156.16
-39.04,-78.08,-39.04,58.56,0,-58.56,-58.56,-224.48,-195.2,-244,-68.32,156.16
-39.04,-78.08,-39.04,58.56,0,-58.56,-58.56,-224.48,-195.2,-244,-68.32,156.16
-39.04,-78.08,-39.04,58.56,0,-58.56,-58.56,-224.48,-195.2,-244,-68.32,156.16
-39.04,-78.08,-39.04,58.56,0,-58.56,-58.56,-224.48,-195.2,-244,-68.32,156.16
-43.92,-68.32,-24.4,58.56,-9.76,-48.8,-58.56,-214.72,-195.2,-239.12,-58.56,156.16
-48.8,-68.32,-19.52,58.56,-14.64,-43.92,-58.56,-214.72,-195.2,-234.24,-58.56,156.16
-53.68,-68.32,-14.64,63.44,-19.52,-43.92,-58.56,-214.72,-195.2,-229.36,-58.56,156.16
-58.56,-68.32,-9.76,63.44,-24.4,-39.04,-58.56,-214.72,-195.2,-224.48,-58.56,156.16
-53.68,-68.32,-14.64,63.44,-19.52,-43.92,-58.56,-224.48,-195.2,-224.48,-68.32,146.4
-48.8,-68.32,-19.52,58.56,-14.64,-43.92,-58.56,-224.48,-195.2,-224.48,-68.32,146.4
-43.92,-68.32,-24.4,58.56,-9.76,-48.8,-58.56,-224.48,-195.2,-224.48,-68.32,146.4
-39.04,-68.32,-29.28,53.68,-4.88,-48.8,-58.56,-224.48,-195.2,-224.48,-68.32,146.4
-39.04,-68.32,-29.28,53.68,-4.88,-48.8,-58.56,-224.48,-195.2,-229.36,-68.32,146.4
-39.04,-68.32,-29.28,53.68,-4.88,-48.8,-58.56,-224.48,-195.2,-234.24,-68.32,146.4
-39.04,-68.32,-29.28,53.68,-4.88,-48.8,-58.56,-224.48,-195.2,-239.12,-68.32,146.4
-39.04,-68.32,-29.28,53.68,-4.88,-48.8,-58.56,-224.48,-195.2,-244,-68.32,146.4
-48.8,-78.08,-29.28,63.44,-9.76,-53.68,-48.8,-214.72,-195.2,-239.12,-58.56,146.4
-48.8,-78.08,-29.28,63.44,-9.76,-53.68,-48.8,-214.72,-195.2,-234.24,-58.56,146.4
-48.8,-78.08,-29.28,63.44,-9.76,-53.68,-48.8,-214.72,-195.2,-229.36,-58.56,146.4
-48.8,-78.08,-29.28,63.44,-9.76,-53.68,-48.8,-214.72,-195.2,-224.48,-58.56,146.4
-48.8,-78.08,-29.28,63.44,-9.76,-53.68,-58.56,-214.72,-195.2,-224.48,-58.56,146.4
-48.8,-78.08,-29.28,63.44,-9.76,-53.68,-58.56,-214.72,-195.2,-224.48,-58.56,146.4
-48.8,-78.08,-29.28,63.44,-9.76,-53.68,-58.56,-214.72,-195.2,-224.48,-58.56,146.4
-48.8,-78.08,-29.28,63.44,-9.76,-53.68,-58.56,-214.72,-195.2,-224.48,-58.56,146.4
-48.8,-78.08,-29.28,63.44,-9.76,-53.68,-48.8,-214.72,-204.96,-224.48,-63.44,146.4
-48.8,-78.08,-29.28,63.44,-9.76,-53.68,-48.8,-214.72,-204.96,-224.48,-68.32,146.4
-48.8,-78.08,-29.28,63.44,-9.76,-53.68,-48.8,-214.72,-204.96,-224.48,-73.2,146.4
-48.8,-78.08,-29.28,63.44,-9.76,-53.68,-48.8,-214.72,-204.96,-224.48,-78.08,146.4
-58.56,-68.32,-9.76,63.44,-24.4,-39.04,-48.8,-214.72,-204.96,-224.48,-68.32,136.64
-58.56,-68.32,-9.76,63.44,-24.4,-39.04,-48.8,-214.72,-204.96,-224.48,-68.32,136.64
-58.56,-68.32,-9.76,63.44,-24.4,-39.04,-48.8,-214.72,-204.96,-224.48,-68.32,136.64
-58.56,-68.32,-9.76,63.44,-24.4,-39.04,-48.8,-214.72,-204.96,-224.48,-68.32,136.64
-58.56,-78.08,-19.52,68.32,-19.52,-48.8,-39.04,-214.72,-204.96,-224.48,-68.32,146.4
-58.56,-78.08,-19.52,68.32,-19.52,-48.8,-39.04,-214.72,-204.96,-224.48,-68.32,146.4
-58.56,-78.08,-19.52,68.32,-19.52,-48.8,-39.04,-214.72,-204.96,-224.48,-68.32,146.4
-58.56,-78.08,-19.52,68.32,-19.52,-48.8,-39.04,-214.72,-204.96,-224.48,-68.32,146.4
-48.8,-78.08,-29.28,63.44,-9.76,-53.68,-39.04,-204.96,-214.72,-224.48,-68.32,136.64
-48.8,-78.08,-29.28,63.44,-9.76,-53.68,-39.04,-204.96,-214.72,-224.48,-68.32,136.64
-43.92,-78.08,-34.16,63.44,-4.88,-58.56,-39.04,-204.96,-209.84,-224.48,-68.32,136.64
-43.92,-78.08,-34.16,63.44,-4.88,-58.56,-39.04,-209.84,-209.84,-224.48,-68.32,131.76
-43.92,-73.2,-29.28,58.56,-9.76,-53.68,-39.04,-209.84,-209.84,-214.72,-68.32,141.52
-43.92,-73.2,-29.28,58.56,-9.76,-53.68,-39.04,-209.84,-209.84,-214.72,-68.32,141.52
-48.8,-73.2,-24.4,63.44,-14.64,-48.8,-39.04,-209.84,-209.84,-214.72,-68.32,141.52
-48.8,-73.2,-24.4,63.44,-14.64,-48.8,-39.04,-204.96,-214.72,-214.72,-68.32,141.52
-53.68,-68.32,-14.64,63.44,-19.52,-43.92,-39.04,-214.72,-224.48,-214.72,-68.32,141.52
-53.68,-68.32,-14.64,63.44,-19.52,-43.92,-39.04,-214.72,-219.6,-209.84,-68.32,136.64
-53.68,-73.2,-19.52,63.44,-19.52,-48.8,-39.04,-214.72,-219.6,-209.84,-68.32,131.76
-53.68,-73.2,-19.52,63.44,-19.52,-48.8,-39.04,-214.72,-219.6,-209.84,-68.32,126.88
-43.92,-68.32,-24.4,58.56,-9.76,-48.8,-39.04,-214.72,-224.48,-219.6,-78.08,126.88
-43.92,-68.32,-24.4,58.56,-9.76,-48.8,-39.04,-214.72,-219.6,-219.6,-73.2,126.88
-43.92,-63.44,-19.52,53.68,-14.64,-43.92,-29.28,-209.84,-214.72,-214.72,-73.2,126.88
-34.16,-53.68,-19.52,43.92,-9.76,-39.04,-24.4,-209.84,-209.84,-214.72,-68.32,131.76
-14.64,-48.8,-34.16,34.16,9.76,-43.92,-24.4,-200.08,-214.72,-204.96,-68.32,136.64
-24.4,-43.92,-19.52,34.16,-4.88,-34.16,-19.52,-195.2,-209.84,-204.96,-58.56,136.64
-34.16,-29.28,4.88,34.16,-19.52,-14.64,-9.76,-185.44,-209.84,-195.2,-53.68,146.4
-34.16,-19.52,14.64,29.28,-24.4,-4.88,4.88,-175.68,-204.96,-185.44,-48.8,146.4
-29.28,-19.52,9.76,24.4,-19.52,-4.88,14.64,-180.56,-190.32,-175.68,-43.92,136.64
-29.28,-14.64,14.64,24.4,-24.4,0,24.4,-180.56,-185.44,-170.8,-43.92,146.4
-34.16,-9.76,24.4,24.4,-29.28,4.88,29.28,-170.8,-180.56,-165.92,-39.04,146.4
-34.16,-4.88,29.28,19.52,-34.16,9.76,29.28,-170.8,-180.56,-165.92,-39.04,151.28
-24.4,4.88,29.28,9.76,-29.28,14.64,43.92,-170.8,-190.32,-175.68,-39.04,151.28
-24.4,0,24.4,14.64,-24.4,9.76,48.8,-161.04,-185.44,-170.8,-34.16,151.28
-29.28,0,29.28,14.64,-29.28,14.64,53.68,-161.04,-185.44,-170.8,-34.16,151.28
-29.28,0,29.28,14.64,-29.28,14.64,53.68,-161.04,-185.44,-170.8,-34.16,151.28
-34.16,14.64,48.8,9.76,-43.92,29.28,63.44,-161.04,-190.32,-170.8,-34.16,141.52
-34.16,14.64,48.8,9.76,-43.92,29.28,63.44,-156.16,-190.32,-170.8,-29.28,141.52
-39.04,14.64,53.68,14.64,-48.8,34.16,63.44,-156.16,-190.32,-170.8,-29.28,146.4
-43.92,14.64,58.56,14.64,-53.68,34.16,58.56,-151.28,-185.44,-170.8,-29.28,146.4
-29.28,14.64,43.92,9.76,-39.04,29.28,48.8,-161.04,-195.2,-161.04,-29.28,146.4
-29.28,19.52,48.8,4.88,-39.04,34.16,43.92,-175.68,-195.2,-161.04,-29.28,151.28
-24.4,24.4,48.8,0,-39.04,34.16,29.28,-180.56,-200.08,-161.04,-29.28,151.28
-24.4,29.28,53.68,0,-39.04,39.04,24.4,-185.44,-200.08,-161.04,-29.28,151.28
-29.28,39.04,68.32,-4.88,-48.8,53.68,24.4,-185.44,-195.2,-161.04,-29.28,141.52
-29.28,39.04,68.32,-4.88,-48.8,53.68,4.88,-180.56,-195.2,-161.04,-29.28,141.52
-24.4,29.28,53.68,0,-39.04,39.04,0,-180.56,-195.2,-161.04,-29.28,141.52
-24.4,24.4,48.8,0,-39.04,34.16,-4.88,-190.32,-200.08,-165.92,-29.28,141.52
-14.64,19.52,34.16,0,-24.4,24.4,-19.52,-180.56,-209.84,-170.8,-39.04,131.76
-14.64,14.64,29.28,0,-24.4,19.52,-19.52,-175.68,-209.84,-170.8,-39.04,131.76
-9.76,9.76,19.52,0,-14.64,14.64,-19.52,-175.68,-214.72,-170.8,-39.04,131.76
-9.76,4.88,14.64,4.88,-14.64,9.76,-29.28,-185.44,-214.72,-175.68,-43.92,126.88
-9.76,-4.88,4.88,9.76,-9.76,0,-24.4,-190.32,-209.84,-170.8,-43.92,122
-9.76,-9.76,0,9.76,-4.88,-4.88,-29.28,-195.2,-219.6,-170.8,-43.92,122
-9.76,-14.64,-4.88,14.64,-4.88,-9.76,-29.28,-204.96,-224.48,-175.68,-43.92,122
-9.76,-14.64,-4.88,14.64,-4.88,-9.76,-39.04,-209.84,-224.48,-175.68,-48.8,122
-14.64,-4.88,9.76,9.76,-14.64,0,-29.28,-204.96,-224.48,-185.44,-48.8,122
-14.64,-4.88,9.76,9.76,-14.64,0,-29.28,-209.84,-229.36,-185.44,-43.92,122
-19.52,-24.4,-4.88,24.4,-9.76,-14.64,-34.16,-214.72,-239.12,-185.44,-43.92,122
-14.64,-24.4,-9.76,19.52,-4.88,-19.52,-39.04,-229.36,-258.64,-195.2,-53.68,122
-4.88,-24.4,-19.52,14.64,4.88,-24.4,-53.68,-239.12,-258.64,-190.32,-58.56,117.12
-14.64,-29.28,-14.64,24.4,0,-24.4,-53.68,-239.12,-263.52,-190.32,-58.56,117.12
-14.64,-29.28,-14.64,24.4,0,-24.4,-58.56,-239.12,-263.52,-195.2,-58.56,117.12
-14.64,-29.28,-14.64,24.4,0,-24.4,-58.56,-239.12,-263.52,-195.2,-58.56,107.36
-14.64,-29.28,-14.64,24.4,0,-24.4,-53.68,-248.88,-273.28,-204.96,-68.32,97.6
-19.52,-39.04,-19.52,29.28,0,-29.28,-53.68,-248.88,-268.4,-204.96,-73.2,92.72
-24.4,-39.04,-14.64,34.16,-4.88,-29.28,-53.68,-248.88,-268.4,-214.72,-73.2,87.84
-29.28,-43.92,-14.64,39.04,-9.76,-29.28,-48.8,-248.88,-273.28,-214.72,-78.08,87.84
-39.04,-48.8,-9.76,43.92,-14.64,-29.28,-39.04,-244,-273.28,-209.84,-73.2,82.96
-48.8,-53.68,-4.88,53.68,-24.4,-29.28,-43.92,-253.76,-278.16,-209.84,-73.2,82.96
-53.68,-53.68,0,53.68,-29.28,-29.28,-43.92,-253.76,-278.16,-209.84,-78.08,82.96
-58.56,-63.44,-4.88,63.44,-29.28,-34.16,-53.68,-258.64,-278.16,-209.84,-82.96,73.2
-58.56,-68.32,-9.76,63.44,-24.4,-39.04,-48.8,-258.64,-297.68,-219.6,-92.72,63.44
-58.56,-68.32,-9.76,63.44,-24.4,-39.04,-48.8,-263.52,-297.68,-219.6,-92.72,63.44
-58.56,-68.32,-9.76,63.44,-24.4,-39.04,-53.68,-263.52,-297.68,-224.48,-97.6,63.44
-58.56,-68.32,-9.76,63.44,-24.4,-39.04,-53.68,-273.28,-297.68,-229.36,-97.6,63.44
-39.04,-78.08,-39.04,58.56,0,-58.56,-63.44,-278.16,-312.32,-229.36,-107.36,58.56
-29.28,-78.08,-48.8,53.68,9.76,-63.44,-63.44,-278.16,-307.44,-229.36,-107.36,58.56
-43.92,-73.2,-29.28,58.56,-9.76,-53.68,-63.44,-273.28,-312.32,-229.36,-107.36,58.56
-43.92,-73.2,-29.28,58.56,-9.76,-53.68,-63.44,-273.28,-317.2,-224.48,-102.48,53.68
-53.68,-73.2,-19.52,63.44,-19.52,-48.8,-63.44,-273.28,-307.44,-214.72,-78.08,58.56
-53.68,-68.32,-14.64,63.44,-19.52,-43.92,-63.44,-268.4,-307.44,-209.84,-82.96,58.56
-43.92,-68.32,-24.4,58.56,-9.76,-48.8,-58.56,-268.4,-297.68,-214.72,-87.84,58.56
-43.92,-63.44,-19.52,53.68,-14.64,-43.92,-53.68,-253.76,-287.92,-195.2,-73.2,63.44
-58.56,-53.68,4.88,58.56,-34.16,-24.4,-39.04,-234.24,-268.4,-190.32,-68.32,63.44
-82.96,-48.8,34.16,68.32,-58.56,-9.76,-29.28,-229.36,-253.76,-180.56,-63.44,63.44
-82.96,-43.92,39.04,63.44,-63.44,-4.88,-29.28,-219.6,-248.88,-170.8,-68.32,68.32
-63.44,-39.04,24.4,53.68,-43.92,-9.76,-19.52,-209.84,-234.24,-161.04,-63.44,63.44
-78.08,-39.04,39.04,58.56,-58.56,0,-9.76,-195.2,-224.48,-156.16,-53.68,58.56
-73.2,-34.16,39.04,53.68,-58.56,0,0,-180.56,-209.84,-141.52,-48.8,58.56
-68.32,-19.52,48.8,43.92,-58.56,14.64,9.76,-161.04,-200.08,-122,-34.16,58.56
-73.2,-19.52,53.68,48.8,-63.44,14.64,24.4,-151.28,-185.44,-102.48,-34.16,58.56
-87.84,-14.64,73.2,53.68,-82.96,29.28,34.16,-126.88,-165.92,-97.6,-29.28,58.56
-78.08,0,78.08,39.04,-78.08,39.04,48.8,-112.24,-151.28,-82.96,-14.64,63.44
-92.72,9.76,102.48,43.92,-97.6,53.68,63.44,-92.72,-126.88,-68.32,-4.88,73.2
-117.12,24.4,141.52,48.8,-131.76,82.96,73.2,-78.08,-107.36,-53.68,9.76,73.2
-117.12,34.16,151.28,43.92,-136.64,92.72,82.96,-63.44,-87.84,-43.92,9.76,73.2
-107.36,48.8,156.16,29.28,-131.76,102.48,92.72,-43.92,-73.2,-29.28,24.4,73.2
-107.36,53.68,161.04,29.28,-136.64,107.36,107.36,-14.64,-58.56,-14.64,24.4,73.2
-117.12,58.56,175.68,29.28,-146.4,117.12,117.12,14.64,-39.04,0,29.28,63.44
-82.96,63.44,146.4,9.76,-117.12,102.48,136.64,58.56,-9.76,24.4,34.16,53.68
-73.2,82.96,156.16,-4.88,-117.12,117.12,165.92,146.4,43.92,68.32,48.8,53.68
-73.2,102.48,175.68,-14.64,-126.88,136.64,224.48,268.4,141.52,126.88,73.2,58.56
-63.44,136.64,200.08,-34.16,-131.76,165.92,307.44,453.84,283.04,214.72,117.12,68.32
-43.92,180.56,224.48,-68.32,-136.64,200.08,395.28,678.32,434.32,322.08,175.68,87.84
-39.04,219.6,258.64,-87.84,-151.28,239.12,473.36,878.4,600.24,458.72,253.76,122
-39.04,283.04,322.08,-122,-180.56,302.56,551.44,1029.68,775.92,614.88,370.88,195.2
4.88,317.2,312.32,-161.04,-156.16,312.32,590.48,1102.88,912.56,766.16,473.36,253.76
29.28,336.72,307.44,-180.56,-141.52,322.08,605.12,1107.76,1029.68,912.56,556.32,292.8
39.04,380.64,341.6,-209.84,-151.28,361.12,629.52,1112.64,1200.48,1107.76,702.72,380.64
78.08,468.48,390.4,-273.28,-156.16,429.44,649.04,1093.12,1390.8,1351.76,888.16,488
126.88,561.2,434.32,-341.6,-156.16,497.76,610,1044.32,1576.24,1610.4,1093.12,614.88
175.68,658.8,483.12,-414.8,-156.16,570.96,541.68,1034.56,1805.6,1903.2,1307.84,741.76
258.64,795.44,536.8,-527.04,-141.52,663.68,419.68,956.48,2049.6,2225.28,1546.96,912.56
322.08,932.08,610,-624.64,-146.4,771.04,239.12,732,2200.88,2527.84,1790.96,1078.48
375.76,1024.8,649.04,-697.84,-136.64,834.48,34.16,497.76,2278.96,2742.56,1976.4,1205.36
439.2,1073.6,634.4,-756.4,-97.6,854,-126.88,283.04,2244.8,2854.8,2088.64,1293.2
439.2,1063.84,624.64,-751.52,-92.72,844.24,-248.88,53.68,2132.56,2864.56,2142.32,1342
390.4,1010.16,619.76,-697.84,-117.12,814.96,-331.84,-73.2,2010.56,2727.92,2074,1317.6
346.48,907.68,561.2,-624.64,-107.36,732,-414.8,-107.36,1869.04,2483.92,1898.32,1220
317.2,775.92,458.72,-546.56,-73.2,614.88,-507.52,-190.32,1639.68,2166.72,1664.08,1068.72
239.12,668.56,429.44,-453.84,-97.6,546.56,-605.12,-341.6,1381.04,1839.76,1410.32,922.32
136.64,605.12,468.48,-370.88,-165.92,536.8,-702.72,-517.28,1102.88,1522.56,1200.48,800.32
48.8,536.8,488,-292.8,-219.6,512.4,-771.04,-673.44,814.96,1176.08,971.12,678.32
-58.56,429.44,488,-185.44,-273.28,458.72,-751.52,-771.04,497.76,775.92,697.84,512.4
-170.8,317.2,488,-73.2,-331.84,400.16,-658.8,-824.72,180.56,395.28,434.32,346.48
-224.48,214.72,439.2,4.88,-331.84,326.96,-561.2,-844.24,-92.72,102.48,244,219.6
-224.48,165.92,390.4,29.28,-307.44,278.16,-512.4,-824.72,-244,-29.28,146.4,156.16
-244,156.16,400.16,43.92,-322.08,278.16,-488,-761.28,-263.52,-68.32,92.72,122
-224.48,146.4,370.88,39.04,-297.68,258.64,-473.36,-663.68,-224.48,-63.44,73.2,102.48
-170.8,141.52,312.32,14.64,-244,224.48,-448.96,-561.2,-185.44,-43.92,97.6,112.24
-151.28,161.04,312.32,-4.88,-234.24,234.24,-385.52,-502.64,-165.92,-14.64,107.36,126.88
-165.92,170.8,336.72,0,-253.76,253.76,-312.32,-453.84,-151.28,-4.88,107.36,122
-151.28,156.16,307.44,0,-229.36,229.36,-239.12,-385.52,-131.76,-4.88,102.48,117.12
-122,146.4,268.4,-9.76,-195.2,204.96,-165.92,-331.84,-126.88,-9.76,92.72,112.24
-122,141.52,263.52,-9.76,-195.2,200.08,-102.48,-278.16,-112.24,-9.76,92.72,112.24
-122,141.52,263.52,-9.76,-195.2,200.08,-53.68,-224.48,-97.6,-9.76,87.84,112.24
-97.6,117.12,214.72,-9.76,-156.16,165.92,-34.16,-180.56,-87.84,-9.76,82.96,107.36
-82.96,82.96,165.92,0,-126.88,122,-24.4,-156.16,-87.84,-24.4,63.44,92.72
-73.2,68.32,141.52,4.88,-107.36,102.48,-4.88,-141.52,-87.84,-43.92,48.8,78.08
-53.68,48.8,102.48,4.88,-78.08,73.2,14.64,-117.12,-87.84,-53.68,39.04,78.08
-48.8,29.28,78.08,9.76,-63.44,53.68,29.28,-107.36,-102.48,-68.32,29.28,68.32
-58.56,19.52,78.08,19.52,-68.32,48.8,43.92,-107.36,-122,-82.96,9.76,48.8
-58.56,9.76,68.32,24.4,-63.44,39.04,63.44,-102.48,-136.64,-97.6,0,48.8
-58.56,-4.88,53.68,34.16,-58.56,24.4,78.08,-92.72,-151.28,-112.24,-19.52,29.28
-53.68,-9.76,43.92,34.16,-48.8,14.64,78.08,-78.08,-151.28,-112.24,-19.52,29.28
-53.68,-9.76,43.92,34.16,-48.8,14.64,82.96,-68.32,-146.4,-112.24,-19.52,29.28
-58.56,-9.76,48.8,34.16,-53.68,19.52,82.96,-68.32,-136.64,-112.24,-19.52,29.28
-48.8,-4.88,43.92,29.28,-48.8,19.52,78.08,-63.44,-146.4,-117.12,-34.16,19.52
-43.92,-4.88,39.04,24.4,-43.92,14.64,73.2,-68.32,-146.4,-122,-34.16,19.52
-43.92,-4.88,39.04,24.4,-43.92,14.64,73.2,-68.32,-146.4,-122,-34.16,19.52
-43.92,-4.88,39.04,24.4,-43.92,14.64,78.08,-68.32,-151.28,-126.88,-43.92,9.76
-43.92,-14.64,29.28,29.28,-39.04,4.88,78.08,-58.56,-161.04,-126.88,-43.92,9.76
-48.8,-14.64,34.16,34.16,-43.92,9.76,87.84,-53.68,-161.04,-126.88,-43.92,9.76
-53.68,-19.52,34.16,39.04,-43.92,4.88,92.72,-39.04,-161.04,-122,-43.92,4.88
-53.68,-19.52,34.16,39.04,-43.92,4.88,92.72,-29.28,-156.16,-122,-43.92,4.88
-34.16,-19.52,14.64,29.28,-24.4,-4.88,97.6,-29.28,-146.4,-122,-43.92,-4.88
-34.16,-19.52,14.64,29.28,-24.4,-4.88,97.6,-29.28,-136.64,-112.24,-34.16,-4.88
-39.04,-19.52,19.52,29.28,-29.28,0,97.6,-29.28,-131.76,-112.24,-34.16,0
-39.04,-19.52,19.52,29.28,-29.28,0,97.6,-29.28,-131.76,-112.24,-34.16,0
-39.04,-9.76,29.28,24.4,-34.16,9.76,102.48,-19.52,-141.52,-112.24,-24.4,-4.88
-39.04,-4.88,34.16,24.4,-39.04,14.64,102.48,-19.52,-141.52,-112.24,-24.4,-4.88
-39.04,-4.88,34.16,24.4,-39.04,14.64,107.36,-14.64,-136.64,-107.36,-19.52,-4.88
-39.04,-4.88,34.16,24.4,-39.04,14.64,117.12,-9.76,-136.64,-102.48,-14.64,-4.88
-29.28,-4.88,24.4,19.52,-29.28,9.76,117.12,9.76,-136.64,-97.6,-24.4,-9.76
-29.28,-14.64,14.64,24.4,-24.4,0,117.12,14.64,-131.76,-92.72,-24.4,-9.76
-24.4,-4.88,19.52,14.64,-24.4,4.88,117.12,19.52,-126.88,-87.84,-19.52,-4.88
-24.4,-4.88,19.52,14.64,-24.4,4.88,117.12,24.4,-126.88,-87.84,-19.52,-4.88
-34.16,-4.88,29.28,19.52,-34.16,9.76,117.12,19.52,-122,-82.96,-19.52,-4.88
-34.16,-4.88,29.28,19.52,-34.16,9.76,117.12,24.4,-117.12,-82.96,-9.76,-4.88
-24.4,0,24.4,14.64,-24.4,9.76,117.12,29.28,-117.12,-82.96,-9.76,0
-24.4,4.88,29.28,9.76,-29.28,14.64,122,29.28,-117.12,-78.08,-9.76,4.88
-14.64,4.88,19.52,4.88,-19.52,9.76,112.24,39.04,-117.12,-82.96,-9.76,0
-14.64,4.88,19.52,4.88,-19.52,9.76,117.12,48.8,-112.24,-73.2,0,-4.88
-14.64,4.88,19.52,4.88,-19.52,9.76,117.12,53.68,-112.24,-73.2,0,-9.76
-14.64,4.88,19.52,4.88,-19.52,9.76,117.12,58.56,-107.36,-68.32,0,-14.64
-14.64,4.88,19.52,4.88,-19.52,9.76,117.12,68.32,-92.72,-58.56,0,-9.76
-14.64,4.88,19.52,4.88,-19.52,9.76,122,78.08,-87.84,-48.8,9.76,-4.88
-14.64,4.88,19.52,4.88,-19.52,9.76,122,82.96,-78.08,-43.92,9.76,-4.88
-14.64,9.76,24.4,4.88,-19.52,14.64,122,87.84,-78.08,-43.92,9.76,4.88
-9.76,24.4,34.16,-4.88,-24.4,29.28,117.12,92.72,-87.84,-43.92,14.64,0
-9.76,24.4,34.16,-4.88,-24.4,29.28,122,92.72,-78.08,-43.92,14.64,0
-9.76,24.4,34.16,-4.88,-24.4,29.28,122,97.6,-73.2,-39.04,14.64,0
-4.88,34.16,39.04,-14.64,-24.4,34.16,122,112.24,-68.32,-29.28,19.52,0
4.88,24.4,19.52,-14.64,-9.76,19.52,136.64,117.12,-48.8,-14.64,29.28,0
4.88,24.4,19.52,-14.64,-9.76,19.52,141.52,126.88,-43.92,-14.64,29.28,0
14.64,29.28,14.64,-19.52,0,19.52,146.4,136.64,-39.04,-4.88,34.16,0
14.64,29.28,14.64,-19.52,0,19.52,151.28,151.28,-24.4,0,34.16,4.88
14.64,29.28,14.64,-19.52,0,19.52,165.92,161.04,-24.4,0,39.04,4.88
19.52,29.28,9.76,-24.4,4.88,19.52,165.92,161.04,-14.64,4.88,39.04,4.88
24.4,34.16,9.76,-29.28,4.88,19.52,165.92,170.8,-9.76,9.76,39.04,4.88
24.4,34.16,9.76,-29.28,4.88,19.52,170.8,185.44,-4.88,9.76,39.04,9.76
24.4,34.16,9.76,-29.28,4.88,19.52,161.04,195.2,9.76,14.64,39.04,9.76
29.28,34.16,4.88,-29.28,9.76,19.52,161.04,204.96,19.52,24.4,43.92,9.76
29.28,39.04,9.76,-34.16,9.76,24.4,170.8,219.6,24.4,34.16,48.8,4.88
29.28,39.04,9.76,-34.16,9.76,24.4,170.8,229.36,34.16,39.04,53.68,0
34.16,43.92,9.76,-39.04,9.76,24.4,180.56,239.12,43.92,43.92,53.68,0
39.04,53.68,14.64,-43.92,9.76,34.16,180.56,244,53.68,48.8,58.56,0
39.04,53.68,14.64,-43.92,9.76,34.16,180.56,253.76,58.56,58.56,58.56,0
39.04,53.68,14.64,-43.92,9.76,34.16,180.56,268.4,73.2,73.2,68.32,9.76
48.8,48.8,0,-48.8,24.4,24.4,190.32,292.8,87.84,82.96,92.72,14.64
53.68,48.8,-4.88,-48.8,29.28,19.52,190.32,312.32,92.72,92.72,92.72,19.52
53.68,58.56,4.88,-53.68,24.4,29.28,200.08,326.96,102.48,92.72,97.6,19.52
63.44,63.44,0,-63.44,29.28,29.28,200.08,341.6,112.24,102.48,107.36,19.52
78.08,68.32,-9.76,-73.2,43.92,29.28,200.08,361.12,117.12,112.24,102.48,14.64
78.08,68.32,-9.76,-73.2,43.92,29.28,204.96,375.76,131.76,122,107.36,19.52
78.08,78.08,0,-78.08,39.04,39.04,214.72,395.28,141.52,131.76,117.12,24.4
87.84,78.08,-9.76,-82.96,48.8,34.16,219.6,405.04,146.4,146.4,122,34.16
82.96,78.08,-4.88,-78.08,43.92,34.16,219.6,414.8,170.8,146.4,122,24.4
97.6,87.84,-9.76,-92.72,53.68,39.04,219.6,429.44,185.44,156.16,126.88,29.28
97.6,97.6,0,-97.6,48.8,48.8,224.48,458.72,200.08,165.92,136.64,39.04
97.6,97.6,0,-97.6,48.8,48.8,229.36,488,219.6,180.56,151.28,48.8
92.72,102.48,9.76,-97.6,39.04,53.68,244,517.28,239.12,204.96,165.92,53.68
97.6,107.36,9.76,-102.48,43.92,58.56,248.88,531.92,258.64,224.48,180.56,58.56
102.48,112.24,9.76,-107.36,43.92,58.56,253.76,556.32,273.28,239.12,190.32,73.2
107.36,117.12,9.76,-112.24,48.8,63.44,253.76,566.08,278.16,248.88,200.08,73.2
107.36,122,14.64,-112.24,43.92,68.32,263.52,590.48,307.44,263.52,209.84,78.08
122,136.64,14.64,-126.88,53.68,73.2,268.4,614.88,317.2,273.28,224.48,82.96
122,146.4,24.4,-131.76,48.8,82.96,268.4,629.52,322.08,292.8,229.36,82.96
126.88,146.4,19.52,-136.64,53.68,82.96,278.16,649.04,336.72,302.56,244,92.72
141.52,151.28,9.76,-146.4,63.44,78.08,283.04,688.08,366,322.08,244,107.36
146.4,156.16,9.76,-151.28,68.32,82.96,287.92,702.72,380.64,331.84,258.64,107.36
151.28,161.04,9.76,-156.16,68.32,82.96,292.8,722.24,400.16,351.36,268.4,112.24
156.16,175.68,19.52,-165.92,68.32,97.6,292.8,732,419.68,366,278.16,117.12
165.92,180.56,14.64,-170.8,73.2,97.6,307.44,751.52,444.08,390.4,297.68,112.24
170.8,180.56,9.76,-175.68,78.08,92.72,307.44,761.28,448.96,405.04,302.56,117.12
175.68,185.44,9.76,-180.56,82.96,97.6,312.32,780.8,458.72,409.92,312.32,126.88
180.56,185.44,4.88,-180.56,87.84,92.72,317.2,795.44,468.48,429.44,326.96,131.76
185.44,209.84,24.4,-195.2,78.08,117.12,317.2,810.08,483.12,439.2,336.72,126.88
185.44,214.72,29.28,-200.08,78.08,122,322.08,824.72,502.64,448.96,341.6,131.76
185.44,219.6,34.16,-200.08,73.2,126.88,322.08,829.6,522.16,458.72,351.36,146.4
185.44,224.48,39.04,-204.96,73.2,131.76,326.96,844.24,536.8,473.36,356.24,151.28
185.44,239.12,53.68,-209.84,63.44,146.4,326.96,858.88,546.56,483.12,366,146.4
200.08,244,43.92,-219.6,78.08,141.52,326.96,863.76,556.32,492.88,375.76,151.28
200.08,248.88,48.8,-224.48,73.2,146.4,326.96,873.52,561.2,502.64,380.64,156.16
200.08,248.88,48.8,-224.48,73.2,146.4,331.84,883.28,561.2,502.64,385.52,161.04
204.96,248.88,43.92,-224.48,78.08,146.4,331.84,873.52,570.96,517.28,400.16,175.68
204.96,248.88,43.92,-224.48,78.08,146.4,331.84,873.52,580.72,527.04,405.04,175.68
204.96,253.76,48.8,-229.36,78.08,151.28,336.72,873.52,585.6,527.04,405.04,180.56
200.08,253.76,53.68,-224.48,73.2,151.28,336.72,863.76,590.48,527.04,409.92,180.56
200.08,263.52,63.44,-229.36,68.32,161.04,336.72,868.64,590.48,536.8,409.92,175.68
190.32,268.4,78.08,-229.36,53.68,170.8,336.72,854,590.48,536.8,409.92,175.68
190.32,268.4,78.08,-229.36,53.68,170.8,336.72,844.24,585.6,536.8,409.92,175.68
180.56,263.52,82.96,-219.6,48.8,170.8,336.72,824.72,580.72,536.8,409.92,180.56
175.68,263.52,87.84,-219.6,43.92,175.68,326.96,810.08,585.6,527.04,419.68,180.56
170.8,263.52,92.72,-214.72,39.04,175.68,317.2,785.68,570.96,512.4,405.04,170.8
175.68,253.76,78.08,-214.72,48.8,165.92,317.2,756.4,561.2,502.64,395.28,161.04
180.56,248.88,68.32,-214.72,53.68,156.16,312.32,722.24,551.44,492.88,385.52,156.16
161.04,253.76,92.72,-204.96,34.16,170.8,302.56,697.84,541.68,478.24,390.4,151.28
161.04,248.88,87.84,-204.96,34.16,165.92,292.8,668.56,522.16,468.48,380.64,146.4
146.4,239.12,92.72,-190.32,24.4,165.92,283.04,644.16,502.64,453.84,366,146.4
141.52,234.24,92.72,-185.44,24.4,161.04,273.28,605.12,483.12,434.32,351.36,141.52
126.88,214.72,87.84,-170.8,19.52,151.28,273.28,575.84,458.72,419.68,336.72,122
126.88,209.84,82.96,-165.92,19.52,146.4,263.52,541.68,434.32,395.28,322.08,107.36
117.12,200.08,82.96,-156.16,14.64,141.52,253.76,497.76,405.04,370.88,302.56,97.6
102.48,180.56,78.08,-141.52,9.76,126.88,244,458.72,380.64,341.6,283.04,87.84
97.6,170.8,73.2,-131.76,9.76,122,229.36,419.68,351.36,317.2,253.76,68.32
87.84,161.04,73.2,-122,4.88,117.12,214.72,380.64,322.08,287.92,244,63.44
92.72,151.28,58.56,-122,14.64,102.48,209.84,341.6,297.68,258.64,229.36,43.92
87.84,141.52,53.68,-112.24,14.64,97.6,195.2,312.32,268.4,229.36,204.96,34.16
73.2,131.76,58.56,-102.48,4.88,92.72,180.56,273.28,239.12,224.48,195.2,19.52
63.44,117.12,53.68,-87.84,4.88,82.96,180.56,244,214.72,200.08,175.68,9.76
29.28,117.12,87.84,-73.2,-29.28,102.48,175.68,214.72,195.2,175.68,156.16,-4.88
29.28,117.12,87.84,-73.2,-29.28,102.48,170.8,185.44,175.68,156.16,146.4,-14.64
24.4,87.84,63.44,-53.68,-19.52,73.2,165.92,156.16,151.28,122,122,-24.4
19.52,78.08,58.56,-48.8,-19.52,68.32,161.04,126.88,131.76,97.6,107.36,-43.92
14.64,73.2,58.56,-43.92,-24.4,63.44,146.4,107.36,112.24,82.96,92.72,-43.92
9.76,63.44,53.68,-34.16,-24.4,58.56,146.4,87.84,87.84,63.44,82.96,-53.68
19.52,53.68,34.16,-34.16,-9.76,43.92,126.88,68.32,63.44,39.04,58.56,-78.08
9.76,39.04,29.28,-24.4,-9.76,34.16,122,43.92,43.92,19.52,43.92,-87.84
4.88,39.04,34.16,-19.52,-14.64,34.16,112.24,14.64,29.28,9.76,34.16,-87.84
-4.88,34.16,39.04,-14.64,-24.4,34.16,102.48,-9.76,14.64,0,24.4,-87.84
-14.64,14.64,29.28,0,-24.4,19.52,112.24,-14.64,0,-14.64,14.64,-102.48
-24.4,9.76,34.16,9.76,-29.28,19.52,107.36,-24.4,-9.76,-24.4,4.88,-102.48
-34.16,0,34.16,19.52,-34.16,14.64,102.48,-34.16,-19.52,-34.16,0,-102.48
-39.04,0,39.04,19.52,-39.04,19.52,102.48,-43.92,-29.28,-43.92,-9.76,-107.36
-34.16,4.88,39.04,14.64,-39.04,19.52,92.72,-58.56,-39.04,-53.68,-19.52,-117.12
-34.16,0,34.16,19.52,-34.16,14.64,92.72,-63.44,-48.8,-63.44,-24.4,-122
-43.92,-14.64,29.28,29.28,-39.04,4.88,92.72,-68.32,-53.68,-73.2,-24.4,-122
-43.92,-14.64,29.28,29.28,-39.04,4.88,92.72,-87.84,-63.44,-73.2,-34.16,-126.88
-43.92,-24.4,19.52,34.16,-34.16,-4.88,92.72,-97.6,-78.08,-82.96,-34.16,-131.76
-43.92,-34.16,9.76,39.04,-29.28,-14.64,87.84,-97.6,-78.08,-82.96,-34.16,-136.64
-53.68,-34.16,19.52,43.92,-39.04,-9.76,87.84,-97.6,-78.08,-87.84,-39.04,-141.52
-39.04,-39.04,0,39.04,-19.52,-19.52,87.84,-102.48,-82.96,-87.84,-39.04,-146.4
-48.8,-48.8,0,48.8,-24.4,-24.4,87.84,-107.36,-82.96,-97.6,-48.8,-146.4
-43.92,-48.8,-4.88,48.8,-19.52,-29.28,87.84,-107.36,-87.84,-97.6,-53.68,-151.28
-39.04,-53.68,-14.64,48.8,-14.64,-34.16,87.84,-102.48,-87.84,-97.6,-53.68,-151.28
-34.16,-53.68,-19.52,43.92,-9.76,-39.04,87.84,-102.48,-87.84,-97.6,-53.68,-151.28
-39.04,-48.8,-9.76,43.92,-14.64,-29.28,87.84,-107.36,-97.6,-92.72,-53.68,-156.16
-43.92,-48.8,-4.88,48.8,-19.52,-29.28,87.84,-112.24,-97.6,-92.72,-53.68,-165.92
-48.8,-48.8,0,48.8,-24.4,-24.4,87.84,-112.24,-97.6,-92.72,-53.68,-156.16
-58.56,-48.8,9.76,53.68,-34.16,-19.52,87.84,-112.24,-92.72,-97.6,-48.8,-156.16
-48.8,-48.8,0,48.8,-24.4,-24.4,87.84,-112.24,-92.72,-107.36,-58.56,-170.8
-43.92,-48.8,-4.88,48.8,-19.52,-29.28,92.72,-112.24,-92.72,-107.36,-63.44,-170.8
-43.92,-48.8,-4.88,48.8,-19.52,-29.28,92.72,-112.24,-92.72,-107.36,-63.44,-170.8
-48.8,-53.68,-4.88,53.68,-24.4,-29.28,87.84,-112.24,-87.84,-107.36,-63.44,-170.8
-58.56,-53.68,4.88,58.56,-34.16,-24.4,87.84,-112.24,-87.84,-107.36,-63.44,-175.68
-58.56,-48.8,9.76,53.68,-34.16,-19.52,87.84,-117.12,-92.72,-107.36,-63.44,-175.68
-58.56,-48.8,9.76,53.68,-34.16,-19.52,87.84,-117.12,-97.6,-107.36,-63.44,-175.68
-58.56,-53.68,4.88,58.56,-34.16,-24.4,82.96,-117.12,-97.6,-107.36,-73.2,-180.56
-48.8,-43.92,4.88,48.8,-29.28,-19.52,92.72,-112.24,-82.96,-97.6,-63.44,-185.44
-48.8,-43.92,4.88,48.8,-29.28,-19.52,92.72,-107.36,-82.96,-97.6,-58.56,-185.44
-48.8,-43.92,4.88,48.8,-29.28,-19.52,92.72,-107.36,-82.96,-92.72,-53.68,-180.56
-48.8,-43.92,4.88,48.8,-29.28,-19.52,92.72,-112.24,-82.96,-92.72,-53.68,-180.56
-43.92,-43.92,0,43.92,-24.4,-24.4,82.96,-117.12,-92.72,-102.48,-63.44,-190.32
-43.92,-43.92,0,43.92,-24.4,-24.4,87.84,-117.12,-92.72,-102.48,-63.44,-190.32
-39.04,-43.92,-4.88,43.92,-19.52,-24.4,92.72,-112.24,-92.72,-102.48,-63.44,-190.32
-39.04,-48.8,-9.76,43.92,-14.64,-29.28,92.72,-107.36,-87.84,-102.48,-63.44,-190.32
-48.8,-58.56,-9.76,53.68,-19.52,-34.16,102.48,-107.36,-78.08,-92.72,-53.68,-180.56
-43.92,-53.68,-9.76,48.8,-19.52,-34.16,102.48,-107.36,-78.08,-92.72,-53.68,-185.44
-43.92,-53.68,-9.76,48.8,-19.52,-34.16,97.6,-107.36,-73.2,-87.84,-53.68,-185.44
-43.92,-53.68,-9.76,48.8,-19.52,-34.16,97.6,-102.48,-68.32,-87.84,-53.68,-185.44
-48.8,-53.68,-4.88,53.68,-24.4,-29.28,102.48,-97.6,-78.08,-97.6,-63.44,-190.32
-48.8,-53.68,-4.88,53.68,-24.4,-29.28,102.48,-97.6,-78.08,-97.6,-53.68,-190.32
-43.92,-53.68,-9.76,48.8,-19.52,-34.16,97.6,-97.6,-78.08,-92.72,-53.68,-190.32
-43.92,-53.68,-9.76,48.8,-19.52,-34.16,92.72,-102.48,-82.96,-92.72,-53.68,-195.2
-48.8,-53.68,-4.88,53.68,-24.4,-29.28,102.48,-107.36,-78.08,-82.96,-48.8,-195.2
-34.16,-48.8,-14.64,43.92,-9.76,-34.16,97.6,-107.36,-78.08,-82.96,-48.8,-195.2
-43.92,-48.8,-4.88,48.8,-19.52,-29.28,97.6,-102.48,-68.32,-82.96,-48.8,-190.32
-58.56,-48.8,9.76,53.68,-34.16,-19.52,97.6,-92.72,-58.56,-78.08,-39.04,-185.44
-68.32,-39.04,29.28,53.68,-48.8,-4.88,102.48,-92.72,-58.56,-78.08,-39.04,-190.32
-68.32,-39.04,29.28,53.68,-48.8,-4.88,102.48,-92.72,-63.44,-78.08,-43.92,-190.32
-58.56,-34.16,24.4,48.8,-43.92,-4.88,102.48,-92.72,-63.44,-78.08,-43.92,-190.32
-58.56,-34.16,24.4,48.8,-43.92,-4.88,102.48,-87.84,-63.44,-78.08,-39.04,-190.32
-48.8,-48.8,0,48.8,-24.4,-24.4,112.24,-87.84,-63.44,-78.08,-39.04,-185.44
-53.68,-58.56,-4.88,58.56,-24.4,-34.16,112.24,-87.84,-63.44,-82.96,-39.04,-185.44
-53.68,-48.8,4.88,53.68,-29.28,-24.4,112.24,-87.84,-58.56,-82.96,-39.04,-185.44
-48.8,-48.8,0,48.8,-24.4,-24.4,107.36,-87.84,-58.56,-82.96,-39.04,-185.44
-34.16,-39.04,-4.88,39.04,-14.64,-24.4,97.6,-87.84,-53.68,-73.2,-39.04,-185.44
-34.16,-39.04,-4.88,39.04,-14.64,-24.4,102.48,-87.84,-58.56,-68.32,-39.04,-185.44
-39.04,-39.04,0,39.04,-19.52,-19.52,102.48,-87.84,-58.56,-68.32,-34.16,-175.68
-39.04,-43.92,-4.88,43.92,-19.52,-24.4,102.48,-87.84,-58.56,-68.32,-29.28,-175.68
-43.92,-34.16,9.76,39.04,-29.28,-14.64,102.48,-92.72,-63.44,-78.08,-29.28,-180.56
-43.92,-29.28,14.64,39.04,-29.28,-9.76,102.48,-97.6,-63.44,-78.08,-29.28,-180.56
-43.92,-24.4,19.52,34.16,-34.16,-4.88,102.48,-97.6,-63.44,-78.08,-29.28,-180.56
-43.92,-24.4,19.52,34.16,-34.16,-4.88,97.6,-87.84,-68.32,-78.08,-29.28,-180.56
-34.16,-29.28,4.88,34.16,-19.52,-14.64,107.36,-78.08,-68.32,-68.32,-29.28,-180.56
-34.16,-29.28,4.88,34.16,-19.52,-14.64,107.36,-78.08,-63.44,-68.32,-29.28,-175.68
-43.92,-34.16,9.76,39.04,-29.28,-14.64,107.36,-78.08,-58.56,-68.32,-29.28,-175.68
-43.92,-39.04,4.88,43.92,-24.4,-19.52,117.12,-78.08,-48.8,-63.44,-29.28,-180.56
-34.16,-39.04,-4.88,39.04,-14.64,-24.4,107.36,-73.2,-58.56,-63.44,-39.04,-180.56
-34.16,-39.04,-4.88,39.04,-14.64,-24.4,107.36,-73.2,-63.44,-68.32,-39.04,-175.68
-29.28,-39.04,-9.76,34.16,-9.76,-24.4,107.36,-73.2,-63.44,-68.32,-39.04,-175.68
-19.52,-39.04,-19.52,29.28,0,-29.28,107.36,-73.2,-63.44,-68.32,-39.04,-180.56
-29.28,-39.04,-9.76,34.16,-9.76,-24.4,97.6,-78.08,-63.44,-58.56,-39.04,-175.68
-29.28,-39.04,-9.76,34.16,-9.76,-24.4,97.6,-82.96,-58.56,-63.44,-34.16,-175.68
-34.16,-39.04,-4.88,39.04,-14.64,-24.4,97.6,-82.96,-53.68,-63.44,-29.28,-175.68
-34.16,-39.04,-4.88,39.04,-14.64,-24.4,97.6,-82.96,-48.8,-58.56,-19.52,-170.8
-39.04,-29.28,9.76,34.16,-24.4,-9.76,102.48,-82.96,-58.56,-58.56,-29.28,-180.56
-39.04,-29.28,9.76,34.16,-24.4,-9.76,102.48,-82.96,-58.56,-58.56,-29.28,-180.56
-29.28,-29.28,0,29.28,-14.64,-14.64,102.48,-87.84,-58.56,-63.44,-29.28,-180.56
-29.28,-29.28,0,29.28,-14.64,-14.64,102.48,-87.84,-58.56,-63.44,-29.28,-180.56
-34.16,-34.16,0,34.16,-19.52,-19.52,102.48,-87.84,-48.8,-53.68,-29.28,-180.56
-34.16,-34.16,0,34.16,-19.52,-19.52,102.48,-82.96,-48.8,-53.68,-29.28,-175.68
-34.16,-34.16,0,34.16,-19.52,-19.52,102.48,-82.96,-53.68,-53.68,-29.28,-175.68
-34.16,-34.16,0,34.16,-19.52,-19.52,102.48,-87.84,-53.68,-63.44,-29.28,-175.68
-29.28,-34.16,-4.88,34.16,-14.64,-19.52,97.6,-97.6,-53.68,-63.44,-29.28,-175.68
-19.52,-34.16,-14.64,29.28,-4.88,-24.4,97.6,-97.6,-53.68,-68.32,-29.28,-175.68
-29.28,-34.16,-4.88,34.16,-14.64,-19.52,97.6,-92.72,-63.44,-68.32,-34.16,-180.56
-29.28,-34.16,-4.88,34.16,-14.64,-19.52,92.72,-92.72,-63.44,-68.32,-39.04,-180.56
-29.28,-24.4,4.88,29.28,-19.52,-9.76,97.6,-92.72,-53.68,-68.32,-34.16,-180.56
-29.28,-24.4,4.88,29.28,-19.52,-9.76,97.6,-97.6,-63.44,-78.08,-34.16,-180.56
-29.28,-29.28,0,29.28,-14.64,-14.64,97.6,-102.48,-68.32,-78.08,-34.16,-180.56
-29.28,-29.28,0,29.28,-14.64,-14.64,97.6,-102.48,-68.32,-73.2,-39.04,-180.56
-29.28,-29.28,0,29.28,-14.64,-14.64,87.84,-102.48,-58.56,-73.2,-39.04,-180.56
-29.28,-29.28,0,29.28,-14.64,-14.64,87.84,-107.36,-63.44,-82.96,-39.04,-180.56
-29.28,-29.28,0,29.28,-14.64,-14.64,87.84,-112.24,-68.32,-82.96,-39.04,-180.56
-29.28,-29.28,0,29.28,-14.64,-14.64,87.84,-112.24,-68.32,-78.08,-43.92,-180.56
-24.4,-34.16,-9.76,29.28,-9.76,-24.4,87.84,-117.12,-58.56,-78.08,-43.92,-185.44
-24.4,-34.16,-9.76,29.28,-9.76,-24.4,97.6,-117.12,-63.44,-82.96,-39.04,-185.44
-24.4,-34.16,-9.76,29.28,-9.76,-24.4,97.6,-126.88,-63.44,-82.96,-39.04,-185.44
-24.4,-29.28,-4.88,29.28,-9.76,-19.52,97.6,-131.76,-68.32,-87.84,-39.04,-190.32
-34.16,-19.52,14.64,29.28,-24.4,-4.88,97.6,-131.76,-73.2,-78.08,-48.8,-190.32
-39.04,-19.52,19.52,29.28,-29.28,0,107.36,-131.76,-73.2,-78.08,-48.8,-185.44
-39.04,-19.52,19.52,29.28,-29.28,0,107.36,-131.76,-78.08,-82.96,-53.68,-185.44
-39.04,-24.4,14.64,34.16,-29.28,-4.88,107.36,-141.52,-78.08,-87.84,-63.44,-185.44
-29.28,-34.16,-4.88,34.16,-14.64,-19.52,102.48,-131.76,-68.32,-78.08,-43.92,-190.32
-29.28,-34.16,-4.88,34.16,-14.64,-19.52,102.48,-126.88,-68.32,-82.96,-43.92,-190.32
-29.28,-34.16,-4.88,34.16,-14.64,-19.52,102.48,-126.88,-78.08,-87.84,-48.8,-190.32
-29.28,-34.16,-4.88,34.16,-14.64,-19.52,102.48,-126.88,-78.08,-87.84,-53.68,-190.32
-19.52,-34.16,-14.64,29.28,-4.88,-24.4,102.48,-126.88,-78.08,-87.84,-63.44,-195.2
-24.4,-34.16,-9.76,29.28,-9.76,-24.4,102.48,-136.64,-82.96,-87.84,-63.44,-195.2
-24.4,-34.16,-9.76,29.28,-9.76,-24.4,102.48,-136.64,-82.96,-92.72,-63.44,-195.2
-9.76,-34.16,-24.4,24.4,4.88,-29.28,102.48,-141.52,-82.96,-92.72,-68.32,-204.96
-19.52,-34.16,-14.64,29.28,-4.88,-24.4,97.6,-156.16,-78.08,-97.6,-68.32,-200.08
-24.4,-34.16,-9.76,29.28,-9.76,-24.4,97.6,-156.16,-78.08,-97.6,-63.44,-200.08
-24.4,-34.16,-9.76,29.28,-9.76,-24.4,97.6,-161.04,-78.08,-97.6,-63.44,-190.32
-24.4,-34.16,-9.76,29.28,-9.76,-24.4,97.6,-161.04,-82.96,-97.6,-63.44,-180.56
-24.4,-43.92,-19.52,34.16,-4.88,-34.16,97.6,-151.28,-82.96,-102.48,-63.44,-185.44
-24.4,-43.92,-19.52,34.16,-4.88,-34.16,92.72,-156.16,-82.96,-102.48,-73.2,-195.2
-24.4,-43.92,-19.52,34.16,-4.88,-34.16,92.72,-161.04,-87.84,-102.48,-73.2,-200.08
-29.28,-43.92,-14.64,39.04,-9.76,-29.28,97.6,-161.04,-87.84,-102.48,-68.32,-200.08
-29.28,-53.68,-24.4,43.92,-4.88,-39.04,97.6,-156.16,-78.08,-102.48,-68.32,-200.08
-29.28,-53.68,-24.4,43.92,-4.88,-39.04,97.6,-156.16,-78.08,-102.48,-68.32,-200.08
-29.28,-53.68,-24.4,43.92,-4.88,-39.04,97.6,-156.16,-78.08,-102.48,-68.32,-204.96
-29.28,-58.56,-29.28,43.92,0,-43.92,97.6,-156.16,-78.08,-107.36,-68.32,-209.84
-34.16,-48.8,-14.64,43.92,-9.76,-34.16,97.6,-146.4,-78.08,-97.6,-68.32,-200.08
-34.16,-48.8,-14.64,43.92,-9.76,-34.16,97.6,-156.16,-82.96,-102.48,-68.32,-204.96
-34.16,-48.8,-14.64,43.92,-9.76,-34.16,97.6,-156.16,-82.96,-107.36,-73.2,-204.96
-29.28,-48.8,-19.52,39.04,-4.88,-34.16,97.6,-156.16,-82.96,-107.36,-73.2,-190.32
-19.52,-48.8,-29.28,34.16,4.88,-39.04,82.96,-165.92,-82.96,-92.72,-73.2,-200.08
-29.28,-48.8,-19.52,39.04,-4.88,-34.16,82.96,-165.92,-82.96,-92.72,-78.08,-200.08
-34.16,-53.68,-19.52,43.92,-9.76,-39.04,82.96,-165.92,-82.96,-97.6,-78.08,-200.08
-34.16,-53.68,-19.52,43.92,-9.76,-39.04,87.84,-165.92,-82.96,-97.6,-73.2,-200.08
-24.4,-53.68,-29.28,39.04,0,-43.92,97.6,-165.92,-73.2,-97.6,-73.2,-190.32
-24.4,-48.8,-24.4,39.04,0,-39.04,97.6,-170.8,-78.08,-97.6,-73.2,-195.2
-19.52,-48.8,-29.28,34.16,4.88,-39.04,92.72,-170.8,-82.96,-97.6,-73.2,-195.2
-19.52,-48.8,-29.28,34.16,4.88,-39.04,92.72,-170.8,-82.96,-107.36,-73.2,-195.2
-39.04,-48.8,-9.76,43.92,-14.64,-29.28,92.72,-170.8,-78.08,-107.36,-73.2,-195.2
-39.04,-48.8,-9.76,43.92,-14.64,-29.28,92.72,-170.8,-78.08,-107.36,-73.2,-195.2
-29.28,-48.8,-19.52,39.04,-4.88,-34.16,92.72,-170.8,-78.08,-107.36,-73.2,-195.2
-29.28,-48.8,-19.52,39.04,-4.88,-34.16,92.72,-175.68,-78.08,-107.36,-78.08,-204.96
-39.04,-48.8,-9.76,43.92,-14.64,-29.28,82.96,-175.68,-73.2,-97.6,-78.08,-204.96
-39.04,-48.8,-9.76,43.92,-14.64,-29.28,82.96,-175.68,-73.2,-97.6,-78.08,-200.08
-39.04,-48.8,-9.76,43.92,-14.64,-29.28,82.96,-175.68,-73.2,-97.6,-78.08,-200.08
-39.04,-53.68,-14.64,48.8,-14.64,-34.16,82.96,-175.68,-82.96,-97.6,-78.08,-200.08
-39.04,-58.56,-19.52,48.8,-9.76,-39.04,87.84,-165.92,-73.2,-97.6,-78.08,-200.08
-39.04,-58.56,-19.52,48.8,-9.76,-39.04,92.72,-165.92,-73.2,-97.6,-73.2,-200.08
-39.04,-58.56,-19.52,48.8,-9.76,-39.04,97.6,-170.8,-82.96,-102.48,-73.2,-200.08
-39.04,-53.68,-14.64,48.8,-14.64,-34.16,102.48,-170.8,-82.96,-102.48,-73.2,-200.08
-29.28,-53.68,-24.4,43.92,-4.88,-39.04,92.72,-180.56,-82.96,-102.48,-82.96,-204.96
-29.28,-53.68,-24.4,43.92,-4.88,-39.04,87.84,-180.56,-82.96,-102.48,-82.96,-204.96
-29.28,-53.68,-24.4,43.92,-4.88,-39.04,87.84,-180.56,-82.96,-102.48,-82.96,-204.96
-29.28,-53.68,-24.4,43.92,-4.88,-39.04,87.84,-180.56,-82.96,-97.6,-82.96,-204.96
-39.04,-48.8,-9.76,43.92,-14.64,-29.28,87.84,-185.44,-82.96,-107.36,-82.96,-204.96
-48.8,-43.92,4.88,48.8,-29.28,-19.52,87.84,-185.44,-87.84,-112.24,-87.84,-204.96
-39.04,-39.04,0,39.04,-19.52,-19.52,87.84,-185.44,-87.84,-112.24,-87.84,-204.96
-39.04,-39.04,0,39.04,-19.52,-19.52,87.84,-185.44,-87.84,-112.24,-82.96,-209.84
-39.04,-48.8,-9.76,43.92,-14.64,-29.28,92.72,-175.68,-87.84,-112.24,-82.96,-209.84
-48.8,-48.8,0,48.8,-24.4,-24.4,92.72,-175.68,-82.96,-112.24,-78.08,-204.96
-34.16,-48.8,-14.64,43.92,-9.76,-34.16,92.72,-180.56,-82.96,-112.24,-78.08,-204.96
-29.28,-48.8,-19.52,39.04,-4.88,-34.16,87.84,-185.44,-92.72,-112.24,-87.84,-209.84
-19.52,-53.68,-34.16,39.04,4.88,-43.92,87.84,-185.44,-92.72,-107.36,-87.84,-209.84
-19.52,-53.68,-34.16,39.04,4.88,-43.92,87.84,-185.44,-92.72,-107.36,-82.96,-209.84
-19.52,-53.68,-34.16,39.04,4.88,-43.92,87.84,-185.44,-92.72,-107.36,-82.96,-209.84
-24.4,-53.68,-29.28,39.04,0,-43.92,92.72,-180.56,-92.72,-112.24,-82.96,-209.84
-34.16,-63.44,-29.28,48.8,-4.88,-48.8,92.72,-185.44,-82.96,-102.48,-82.96,-200.08
-34.16,-53.68,-19.52,43.92,-9.76,-39.04,92.72,-185.44,-82.96,-102.48,-82.96,-200.08
-34.16,-53.68,-19.52,43.92,-9.76,-39.04,92.72,-195.2,-92.72,-102.48,-82.96,-195.2
-34.16,-53.68,-19.52,43.92,-9.76,-39.04,92.72,-195.2,-82.96,-97.6,-82.96,-195.2
-24.4,-48.8,-24.4,39.04,0,-39.04,82.96,-185.44,-92.72,-107.36,-92.72,-204.96
-14.64,-48.8,-34.16,34.16,9.76,-43.92,78.08,-190.32,-97.6,-112.24,-97.6,-204.96
-24.4,-43.92,-19.52,34.16,-4.88,-34.16,78.08,-190.32,-97.6,-112.24,-97.6,-200.08
-29.28,-43.92,-14.64,39.04,-9.76,-29.28,82.96,-185.44,-97.6,-102.48,-92.72,-195.2
-34.16,-58.56,-24.4,48.8,-4.88,-43.92,92.72,-175.68,-97.6,-102.48,-87.84,-195.2
-34.16,-58.56,-24.4,48.8,-4.88,-43.92,92.72,-175.68,-102.48,-107.36,-87.84,-195.2
-29.28,-58.56,-29.28,43.92,0,-43.92,92.72,-175.68,-102.48,-107.36,-87.84,-195.2
-29.28,-58.56,-29.28,43.92,0,-43.92,92.72,-175.68,-102.48,-107.36,-92.72,-204.96
-19.52,-58.56,-39.04,39.04,9.76,-48.8,82.96,-185.44,-112.24,-117.12,-92.72,-195.2
-19.52,-58.56,-39.04,39.04,9.76,-48.8,82.96,-185.44,-112.24,-112.24,-92.72,-195.2
-19.52,-58.56,-39.04,39.04,9.76,-48.8,82.96,-190.32,-112.24,-112.24,-92.72,-195.2
-14.64,-58.56,-43.92,39.04,14.64,-53.68,82.96,-190.32,-112.24,-112.24,-97.6,-200.08
-19.52,-48.8,-29.28,34.16,4.88,-39.04,82.96,-190.32,-112.24,-117.12,-97.6,-204.96
-24.4,-48.8,-24.4,39.04,0,-39.04,82.96,-190.32,-112.24,-117.12,-92.72,-200.08
-29.28,-48.8,-19.52,39.04,-4.88,-34.16,82.96,-190.32,-112.24,-117.12,-92.72,-204.96
-34.16,-48.8,-14.64,43.92,-9.76,-34.16,82.96,-190.32,-117.12,-117.12,-92.72,-209.84
-24.4,-58.56,-34.16,43.92,4.88,-48.8,92.72,-185.44,-117.12,-112.24,-92.72,-204.96
-24.4,-58.56,-34.16,43.92,4.88,-48.8,92.72,-185.44,-117.12,-107.36,-92.72,-204.96
-24.4,-68.32,-43.92,48.8,9.76,-58.56,92.72,-190.32,-117.12,-102.48,-87.84,-204.96
-24.4,-58.56,-34.16,43.92,4.88,-48.8,92.72,-190.32,-117.12,-97.6,-87.84,-204.96
-39.04,-58.56,-19.52,48.8,-9.76,-39.04,92.72,-180.56,-107.36,-97.6,-87.84,-200.08
-43.92,-58.56,-14.64,53.68,-14.64,-39.04,92.72,-180.56,-112.24,-97.6,-87.84,-200.08
-43.92,-58.56,-14.64,53.68,-14.64,-39.04,92.72,-180.56,-112.24,-97.6,-87.84,-200.08
-39.04,-58.56,-19.52,48.8,-9.76,-39.04,92.72,-180.56,-112.24,-97.6,-87.84,-195.2
-34.16,-58.56,-24.4,48.8,-4.88,-43.92,92.72,-180.56,-112.24,-97.6,-87.84,-195.2
-34.16,-58.56,-24.4,48.8,-4.88,-43.92,87.84,-185.44,-122,-97.6,-87.84,-204.96
-34.16,-53.68,-19.52,43.92,-9.76,-39.04,87.84,-185.44,-122,-97.6,-87.84,-195.2
-29.28,-53.68,-24.4,43.92,-4.88,-39.04,87.84,-185.44,-112.24,-97.6,-87.84,-185.44
-29.28,-53.68,-24.4,43.92,-4.88,-39.04,87.84,-190.32,-122,-97.6,-78.08,-204.96
-29.28,-53.68,-24.4,43.92,-4.88,-39.04,87.84,-180.56,-126.88,-102.48,-92.72,-200.08
-19.52,-53.68,-34.16,39.04,4.88,-43.92,92.72,-175.68,-122,-102.48,-87.84,-195.2
-29.28,-58.56,-29.28,43.92,0,-43.92,87.84,-175.68,-117.12,-97.6,-78.08,-195.2
-29.28,-58.56,-29.28,43.92,0,-43.92,87.84,-185.44,-126.88,-107.36,-82.96,-195.2
-29.28,-58.56,-29.28,43.92,0,-43.92,87.84,-185.44,-126.88,-107.36,-87.84,-195.2
-29.28,-58.56,-29.28,43.92,0,-43.92,87.84,-185.44,-126.88,-107.36,-92.72,-195.2
-29.28,-58.56,-29.28,43.92,0,-43.92,87.84,-185.44,-126.88,-107.36,-97.6,-195.2
-39.04,-53.68,-14.64,48.8,-14.64,-34.16,87.84,-185.44,-126.88,-107.36,-87.84,-195.2
-39.04,-48.8,-9.76,43.92,-14.64,-29.28,87.84,-185.44,-126.88,-107.36,-87.84,-195.2
-39.04,-43.92,-4.88,43.92,-19.52,-24.4,87.84,-185.44,-126.88,-107.36,-87.84,-195.2
-39.04,-39.04,0,39.04,-19.52,-19.52,87.84,-185.44,-126.88,-107.36,-87.84,-195.2
-29.28,-48.8,-19.52,39.04,-4.88,-34.16,87.84,-185.44,-126.88,-107.36,-87.84,-204.96
-29.28,-48.8,-19.52,39.04,-4.88,-34.16,87.84,-185.44,-126.88,-107.36,-87.84,-204.96
-29.28,-48.8,-19.52,39.04,-4.88,-34.16,87.84,-185.44,-126.88,-107.36,-87.84,-204.96
-29.28,-48.8,-19.52,39.04,-4.88,-34.16,87.84,-185.44,-126.88,-107.36,-87.84,-204.96
-39.04,-58.56,-19.52,48.8,-9.76,-39.04,87.84,-175.68,-126.88,-97.6,-97.6,-195.2
-39.04,-58.56,-19.52,48.8,-9.76,-39.04,87.84,-175.68,-126.88,-97.6,-97.6,-195.2
-39.04,-58.56,-19.52,48.8,-9.76,-39.04,87.84,-175.68,-126.88,-97.6,-97.6,-195.2
-39.04,-58.56,-19.52,48.8,-9.76,-39.04,87.84,-175.68,-126.88,-97.6,-97.6,-195.2
-39.04,-48.8,-9.76,43.92,-14.64,-29.28,82.96,-175.68,-126.88,-107.36,-87.84,-195.2
-39.04,-48.8,-9.76,43.92,-14.64,-29.28,78.08,-175.68,-126.88,-107.36,-87.84,-195.2
-39.04,-48.8,-9.76,43.92,-14.64,-29.28,73.2,-175.68,-126.88,-107.36,-87.84,-195.2
-39.04,-48.8,-9.76,43.92,-14.64,-29.28,68.32,-175.68,-126.88,-107.36,-87.84,-195.2
-29.28,-58.56,-29.28,43.92,0,-43.92,63.44,-185.44,-136.64,-107.36,-97.6,-204.96
-29.28,-58.56,-29.28,43.92,0,-43.92,58.56,-185.44,-136.64,-107.36,-97.6,-204.96
-29.28,-58.56,-29.28,43.92,0,-43.92,53.68,-185.44,-136.64,-107.36,-97.6,-204.96
-29.28,-58.56,-29.28,43.92,0,-43.92,48.8,-185.44,-136.64,-107.36,-97.6,-204.96
-29.28,-68.32,-39.04,48.8,4.88,-53.68,48.8,-175.68,-126.88,-107.36,-97.6,-195.2
-29.28,-68.32,-39.04,48.8,4.88,-53.68,48.8,-175.68,-126.88,-107.36,-97.6,-195.2
-29.28,-68.32,-39.04,48.8,4.88,-53.68,48.8,-175.68,-126.88,-107.36,-97.6,-195.2
-29.28,-68.32,-39.04,48.8,4.88,-53.68,48.8,-175.68,-126.88,-107.36,-97.6,-195.2
-39.04,-63.44,-24.4,53.68,-9.76,-43.92,39.04,-175.68,-117.12,-107.36,-97.6,-204.96
-39.04,-58.56,-19.52,48.8,-9.76,-39.04,39.04,-175.68,-117.12,-107.36,-97.6,-204.96
-39.04,-53.68,-14.64,48.8,-14.64,-34.16,39.04,-175.68,-117.12,-107.36,-97.6,-204.96
-39.04,-48.8,-9.76,43.92,-14.64,-29.28,39.04,-175.68,-117.12,-107.36,-97.6,-204.96
-29.28,-48.8,-19.52,39.04,-4.88,-34.16,29.28,-175.68,-117.12,-97.6,-97.6,-204.96
-29.28,-48.8,-19.52,39.04,-4.88,-34.16,29.28,-175.68,-117.12,-97.6,-97.6,-204.96
-29.28,-48.8,-19.52,39.04,-4.88,-34.16,29.28,-175.68,-117.12,-97.6,-97.6,-204.96
-29.28,-48.8,-19.52,39.04,-4.88,-34.16,29.28,-175.68,-117.12,-97.6,-97.6,-204.96
-29.28,-58.56,-29.28,43.92,0,-43.92,29.28,-165.92,-107.36,-97.6,-97.6,-195.2
-29.28,-58.56,-29.28,43.92,0,-43.92,29.28,-165.92,-107.36,-97.6,-97.6,-195.2
-29.28,-58.56,-29.28,43.92,0,-43.92,29.28,-165.92,-107.36,-97.6,-97.6,-195.2
-29.28,-58.56,-29.28,43.92,0,-43.92,29.28,-165.92,-107.36,-97.6,-97.6,-195.2
-19.52,-58.56,-39.04,39.04,9.76,-48.8,29.28,-165.92,-117.12,-97.6,-97.6,-204.96
-19.52,-58.56,-39.04,39.04,9.76,-48.8,29.28,-165.92,-117.12,-97.6,-97.6,-204.96
-19.52,-58.56,-39.04,39.04,9.76,-48.8,29.28,-165.92,-117.12,-97.6,-97.6,-204.96
-19.52,-58.56,-39.04,39.04,9.76,-48.8,29.28,-165.92,-117.12,-97.6,-97.6,-204.96
-19.52,-48.8,-29.28,34.16,4.88,-39.04,19.52,-175.68,-117.12,-107.36,-107.36,-204.96
-19.52,-48.8,-29.28,34.16,4.88,-39.04,19.52,-175.68,-117.12,-107.36,-107.36,-204.96
-19.52,-48.8,-29.28,34.16,4.88,-39.04,19.52,-175.68,-117.12,-107.36,-107.36,-204.96
-19.52,-48.8,-29.28,34.16,4.88,-39.04,19.52,-175.68,-117.12,-107.36,-107.36,-204.96
-24.4,-58.56,-34.16,43.92,4.88,-48.8,19.52,-165.92,-107.36,-97.6,-97.6,-195.2
-29.28,-58.56,-29.28,43.92,0,-43.92,19.52,-165.92,-107.36,-97.6,-97.6,-195.2
-34.16,-58.56,-24.4,48.8,-4.88,-43.92,19.52,-165.92,-107.36,-97.6,-97.6,-195.2
-39.04,-58.56,-19.52,48.8,-9.76,-39.04,19.52,-165.92,-107.36,-97.6,-97.6,-195.2
-39.04,-58.56,-19.52,48.8,-9.76,-39.04,19.52,-165.92,-107.36,-97.6,-97.6,-195.2
-39.04,-58.56,-19.52,48.8,-9.76,-39.04,19.52,-165.92,-107.36,-97.6,-97.6,-195.2
-39.04,-58.56,-19.52,48.8,-9.76,-39.04,19.52,-165.92,-107.36,-97.6,-97.6,-195.2
-39.04,-58.56,-19.52,48.8,-9.76,-39.04,19.52,-165.92,-107.36,-97.6,-97.6,-195.2
-39.04,-48.8,-9.76,43.92,-14.64,-29.28,19.52,-156.16,-97.6,-97.6,-97.6,-195.2
-39.04,-48.8,-9.76,43.92,-14.64,-29.28,19.52,-156.16,-97.6,-97.6,-97.6,-195.2
-39.04,-48.8,-9.76,43.92,-14.64,-29.28,19.52,-156.16,-97.6,-97.6,-97.6,-195.2
-39.04,-48.8,-9.76,43.92,-14.64,-29.28,19.52,-156.16,-97.6,-97.6,-97.6,-195.2
-29.28,-48.8,-19.52,39.04,-4.88,-34.16,9.76,-146.4,-97.6,-97.6,-107.36,-204.96
-29.28,-48.8,-19.52,39.04,-4.88,-34.16,9.76,-146.4,-97.6,-97.6,-107.36,-204.96
-29.28,-48.8,-19.52,39.04,-4.88,-34.16,9.76,-146.4,-97.6,-97.6,-107.36,-204.96
-29.28,-48.8,-19.52,39.04,-4.88,-34.16,9.76,-146.4,-97.6,-97.6,-107.36,-204.96
-39.04,-58.56,-19.52,48.8,-9.76,-39.04,19.52,-156.16,-97.6,-87.84,-97.6,-195.2
-39.04,-58.56,-19.52,48.8,-9.76,-39.04,19.52,-156.16,-97.6,-87.84,-97.6,-195.2
-39.04,-58.56,-19.52,48.8,-9.76,-39.04,19.52,-156.16,-97.6,-87.84,-97.6,-195.2
-39.04,-58.56,-19.52,48.8,-9.76,-39.04,19.52,-156.16,-97.6,-87.84,-97.6,-195.2
-29.28,-58.56,-29.28,43.92,0,-43.92,19.52,-146.4,-107.36,-97.6,-107.36,-204.96
-29.28,-58.56,-29.28,43.92,0,-43.92,19.52,-146.4,-107.36,-97.6,-107.36,-204.96
-29.28,-58.56,-29.28,43.92,0,-43.92,19.52,-146.4,-107.36,-97.6,-107.36,-204.96
-29.28,-58.56,-29.28,43.92,0,-43.92,19.52,-146.4,-107.36,-97.6,-107.36,-204.96
-29.28,-58.56,-29.28,43.92,0,-43.92,19.52,-136.64,-97.6,-97.6,-107.36,-204.96
-29.28,-58.56,-29.28,43.92,0,-43.92,19.52,-136.64,-97.6,-97.6,-107.36,-204.96
-29.28,-58.56,-29.28,43.92,0,-43.92,19.52,-136.64,-97.6,-97.6,-107.36,-204.96
-29.28,-58.56,-29.28,43.92,0,-43.92,19.52,-136.64,-97.6,-97.6,-107.36,-204.96
-29.28,-58.56,-29.28,43.92,0,-43.92,9.76,-146.4,-97.6,-107.36,-117.12,-204.96
-29.28,-58.56,-29.28,43.92,0,-43.92,9.76,-146.4,-97.6,-107.36,-117.12,-204.96
-29.28,-58.56,-29.28,43.92,0,-43.92,9.76,-146.4,-97.6,-107.36,-117.12,-204.96
-29.28,-58.56,-29.28,43.92,0,-43.92,9.76,-146.4,-97.6,-107.36,-117.12,-204.96
-39.04,-58.56,-19.52,48.8,-9.76,-39.04,9.76,-146.4,-107.36,-97.6,-117.12,-195.2
-39.04,-58.56,-19.52,48.8,-9.76,-39.04,9.76,-146.4,-107.36,-97.6,-117.12,-195.2
-39.04,-58.56,-19.52,48.8,-9.76,-39.04,9.76,-146.4,-107.36,-97.6,-117.12,-195.2
-39.04,-58.56,-19.52,48.8,-9.76,-39.04,9.76,-146.4,-107.36,-97.6,-117.12,-195.2
-29.28,-68.32,-39.04,48.8,4.88,-53.68,9.76,-146.4,-107.36,-97.6,-107.36,-195.2
-29.28,-68.32,-39.04,48.8,4.88,-53.68,9.76,-146.4,-107.36,-97.6,-107.36,-195.2
-29.28,-68.32,-39.04,48.8,4.88,-53.68,9.76,-146.4,-107.36,-97.6,-107.36,-195.2
-29.28,-68.32,-39.04,48.8,4.88,-53.68,9.76,-146.4,-107.36,-97.6,-107.36,-195.2
-29.28,-63.44,-34.16,48.8,0,-48.8,9.76,-136.64,-117.12,-107.36,-117.12,-204.96
-29.28,-58.56,-29.28,43.92,0,-43.92,9.76,-136.64,-117.12,-107.36,-117.12,-204.96
-29.28,-53.68,-24.4,43.92,-4.88,-39.04,9.76,-136.64,-117.12,-107.36,-117.12,-204.96
-29.28,-48.8,-19.52,39.04,-4.88,-34.16,9.76,-136.64,-117.12,-107.36,-117.12,-204.96
-39.04,-58.56,-19.52,48.8,-9.76,-39.04,19.52,-126.88,-117.12,-97.6,-117.12,-195.2
-39.04,-58.56,-19.52,48.8,-9.76,-39.04,19.52,-126.88,-117.12,-97.6,-117.12,-195.2
-39.04,-58.56,-19.52,48.8,-9.76,-39.04,19.52,-126.88,-117.12,-97.6,-117.12,-195.2
-39.04,-58.56,-19.52,48.8,-9.76,-39.04,19.52,-126.88,-117.12,-97.6,-117.12,-195.2
-29.28,-48.8,-19.52,39.04,-4.88,-34.16,9.76,-136.64,-117.12,-107.36,-117.12,-204.96
-29.28,-48.8,-19.52,39.04,-4.88,-34.16,9.76,-136.64,-117.12,-107.36,-117.12,-204.96
-29.28,-48.8,-19.52,39.04,-4.88,-34.16,9.76,-136.64,-117.12,-107.36,-117.12,-204.96
-29.28,-48.8,-19.52,39.04,-4.88,-34.16,9.76,-136.64,-117.12,-107.36,-117.12,-204.96
-29.28,-48.8,-19.52,39.04,-4.88,-34.16,9.76,-136.64,-126.88,-107.36,-126.88,-204.96
-29.28,-48.8,-19.52,39.04,-4.88,-34.16,9.76,-136.64,-126.88,-107.36,-126.88,-204.96
-29.28,-48.8,-19.52,39.04,-4.88,-34.16,9.76,-136.64,-126.88,-107.36,-126.88,-204.96
-29.28,-48.8,-19.52,39.04,-4.88,-34.16,9.76,-136.64,-126.88,-107.36,-126.88,-204.96
-19.52,-58.56,-39.04,39.04,9.76,-48.8,9.76,-136.64,-126.88,-107.36,-126.88,-204.96
-19.52,-58.56,-39.04,39.04,9.76,-48.8,9.76,-136.64,-126.88,-107.36,-126.88,-204.96
-19.52,-58.56,-39.04,39.04,9.76,-48.8,9.76,-136.64,-126.88,-107.36,-126.88,-204.96
-19.52,-58.56,-39.04,39.04,9.76,-48.8,9.76,-136.64,-126.88,-107.36,-126.88,-204.96
-34.16,-48.8,-14.64,43.92,-9.76,-34.16,9.76,-131.76,-126.88,-107.36,-126.88,-204.96
-39.04,-48.8,-9.76,43.92,-14.64,-29.28,9.76,-126.88,-126.88,-107.36,-126.88,-204.96
-43.92,-48.8,-4.88,48.8,-19.52,-29.28,9.76,-122,-126.88,-107.36,-126.88,-204.96
-48.8,-48.8,0,48.8,-24.4,-24.4,9.76,-117.12,-126.88,-107.36,-126.88,-204.96
-48.8,-58.56,-9.76,53.68,-19.52,-34.16,19.52,-126.88,-126.88,-107.36,-117.12,-204.96
-48.8,-58.56,-9.76,53.68,-19.52,-34.16,19.52,-126.88,-126.88,-107.36,-117.12,-204.96
-48.8,-58.56,-9.76,53.68,-19.52,-34.16,19.52,-126.88,-126.88,-107.36,-117.12,-204.96
-48.8,-58.56,-9.76,53.68,-19.52,-34.16,19.52,-126.88,-126.88,-107.36,-117.12,-204.96
-43.92,-68.32,-24.4,58.56,-9.76,-48.8,9.76,-117.12,-126.88,-117.12,-117.12,-204.96
-39.04,-68.32,-29.28,53.68,-4.88,-48.8,9.76,-117.12,-126.88,-117.12,-117.12,-204.96
-34.16,-68.32,-34.16,53.68,0,-53.68,9.76,-117.12,-126.88,-117.12,-117.12,-204.96
-29.28,-68.32,-39.04,48.8,4.88,-53.68,9.76,-117.12,-126.88,-117.12,-117.12,-204.96
-34.16,-58.56,-24.4,48.8,-4.88,-43.92,19.52,-117.12,-126.88,-117.12,-117.12,-204.96
-39.04,-58.56,-19.52,48.8,-9.76,-39.04,19.52,-117.12,-126.88,-117.12,-117.12,-204.96
-43.92,-58.56,-14.64,53.68,-14.64,-39.04,19.52,-117.12,-126.88,-117.12,-117.12,-204.96
-48.8,-58.56,-9.76,53.68,-19.52,-34.16,19.52,-117.12,-126.88,-117.12,-117.12,-204.96
-48.8,-68.32,-19.52,58.56,-14.64,-43.92,9.76,-107.36,-126.88,-117.12,-117.12,-204.96
-48.8,-68.32,-19.52,58.56,-14.64,-43.92,9.76,-107.36,-126.88,-117.12,-117.12,-204.96
-48.8,-68.32,-19.52,58.56,-14.64,-43.92,9.76,-107.36,-126.88,-117.12,-117.12,-204.96
-48.8,-68.32,-19.52,58.56,-14.64,-43.92,9.76,-107.36,-126.88,-117.12,-117.12,-204.96
-39.04,-58.56,-19.52,48.8,-9.76,-39.04,0,-107.36,-136.64,-117.12,-126.88,-204.96
-39.04,-58.56,-19.52,48.8,-9.76,-39.04,0,-107.36,-136.64,-117.12,-126.88,-204.96
-39.04,-58.56,-19.52,48.8,-9.76,-39.04,0,-107.36,-136.64,-117.12,-126.88,-204.96
-39.04,-58.56,-19.52,48.8,-9.76,-39.04,0,-107.36,-136.64,-117.12,-126.88,-204.96
-29.28,-58.56,-29.28,43.92,0,-43.92,9.76,-107.36,-136.64,-117.12,-126.88,-204.96
-29.28,-58.56,-29.28,43.92,0,-43.92,9.76,-107.36,-136.64,-117.12,-126.88,-204.96
-29.28,-58.56,-29.28,43.92,0,-43.92,9.76,-107.36,-136.64,-117.12,-126.88,-204.96
-29.28,-58.56,-29.28,43.92,0,-43.92,9.76,-107.36,-136.64,-117.12,-126.88,-204.96
-39.04,-58.56,-19.52,48.8,-9.76,-39.04,0,-107.36,-136.64,-126.88,-126.88,-204.96
-39.04,-58.56,-19.52,48.8,-9.76,-39.04,0,-107.36,-136.64,-126.88,-126.88,-204.96
-39.04,-58.56,-19.52,48.8,-9.76,-39.04,0,-107.36,-136.64,-126.88,-126.88,-204.96
-39.04,-58.56,-19.52,48.8,-9.76,-39.04,0,-107.36,-136.64,-126.88,-126.88,-204.96
-29.28,-58.56,-29.28,43.92,0,-43.92,0,-107.36,-146.4,-126.88,-136.64,-214.72
-29.28,-58.56,-29.28,43.92,0,-43.92,0,-107.36,-146.4,-126.88,-136.64,-214.72
-29.28,-58.56,-29.28,43.92,0,-43.92,0,-107.36,-146.4,-126.88,-136.64,-214.72
-29.28,-58.56,-29.28,43.92,0,-43.92,0,-107.36,-146.4,-126.88,-136.64,-214.72
-29.28,-48.8,-19.52,39.04,-4.88,-34.16,0,-117.12,-146.4,-136.64,-136.64,-214.72
-29.28,-48.8,-19.52,39.04,-4.88,-34.16,0,-117.12,-146.4,-136.64,-136.64,-214.72
-29.28,-48.8,-19.52,39.04,-4.88,-34.16,0,-117.12,-146.4,-136.64,-136.64,-214.72
-29.28,-48.8,-19.52,39.04,-4.88,-34.16,0,-117.12,-146.4,-136.64,-136.64,-214.72
-29.28,-58.56,-29.28,43.92,0,-43.92,0,-107.36,-156.16,-126.88,-136.64,-214.72
-29.28,-58.56,-29.28,43.92,0,-43.92,0,-107.36,-156.16,-126.88,-136.64,-214.72
-29.28,-58.56,-29.28,43.92,0,-43.92,0,-107.36,-156.16,-126.88,-136.64,-214.72
-29.28,-58.56,-29.28,43.92,0,-43.92,0,-107.36,-156.16,-126.88,-136.64,-214.72
-39.04,-58.56,-19.52,48.8,-9.76,-39.04,9.76,-107.36,-156.16,-126.88,-136.64,-204.96
-39.04,-58.56,-19.52,48.8,-9.76,-39.04,9.76,-107.36,-156.16,-126.88,-136.64,-204.96
-39.04,-58.56,-19.52,48.8,-9.76,-39.04,9.76,-107.36,-156.16,-126.88,-136.64,-204.96
-39.04,-58.56,-19.52,48.8,-9.76,-39.04,9.76,-107.36,-156.16,-126.88,-136.64,-204.96
-48.8,-58.56,-9.76,53.68,-19.52,-34.16,9.76,-97.6,-156.16,-117.12,-126.88,-204.96
-48.8,-58.56,-9.76,53.68,-19.52,-34.16,9.76,-97.6,-156.16,-117.12,-126.88,-204.96
-48.8,-58.56,-9.76,53.68,-19.52,-34.16,9.76,-97.6,-156.16,-117.12,-126.88,-204.96
-48.8,-58.56,-9.76,53.68,-19.52,-34.16,9.76,-97.6,-156.16,-117.12,-126.88,-204.96
-43.92,-58.56,-14.64,53.68,-14.64,-39.04,0,-107.36,-165.92,-126.88,-136.64,-214.72
-39.04,-58.56,-19.52,48.8,-9.76,-39.04,0,-107.36,-165.92,-126.88,-136.64,-214.72
-34.16,-58.56,-24.4,48.8,-4.88,-43.92,0,-107.36,-165.92,-126.88,-136.64,-214.72
-29.28,-58.56,-29.28,43.92,0,-43.92,0,-107.36,-165.92,-126.88,-136.64,-214.72
-39.04,-58.56,-19.52,48.8,-9.76,-39.04,9.76,-107.36,-165.92,-136.64,-136.64,-204.96
-39.04,-58.56,-19.52,48.8,-9.76,-39.04,9.76,-107.36,-165.92,-136.64,-136.64,-204.96
-39.04,-58.56,-19.52,48.8,-9.76,-39.04,9.76,-107.36,-165.92,-136.64,-136.64,-204.96
-39.04,-58.56,-19.52,48.8,-9.76,-39.04,9.76,-107.36,-165.92,-136.64,-136.64,-204.96
-29.28,-58.56,-29.28,43.92,0,-43.92,0,-107.36,-165.92,-126.88,-136.64,-204.96
-29.28,-58.56,-29.28,43.92,0,-43.92,0,-107.36,-165.92,-126.88,-136.64,-204.96
-29.28,-58.56,-29.28,43.92,0,-43.92,0,-107.36,-165.92,-126.88,-136.64,-204.96
-29.28,-58.56,-29.28,43.92,0,-43.92,0,-107.36,-165.92,-126.88,-136.64,-204.96
-29.28,-68.32,-39.04,48.8,4.88,-53.68,0,-97.6,-175.68,-126.88,-136.64,-204.96
-29.28,-68.32,-39.04,48.8,4.88,-53.68,0,-97.6,-175.68,-126.88,-136.64,-204.96
-29.28,-68.32,-39.04,48.8,4.88,-53.68,0,-97.6,-175.68,-126.88,-136.64,-204.96
-29.28,-68.32,-39.04,48.8,4.88,-53.68,0,-97.6,-175.68,-126.88,-136.64,-204.96
-39.04,-63.44,-24.4,53.68,-9.76,-43.92,0,-107.36,-165.92,-126.88,-136.64,-195.2
-39.04,-58.56,-19.52,48.8,-9.76,-39.04,0,-107.36,-165.92,-126.88,-136.64,-195.2
-39.04,-53.68,-14.64,48.8,-14.64,-34.16,0,-107.36,-165.92,-126.88,-136.64,-195.2
-39.04,-48.8,-9.76,43.92,-14.64,-29.28,0,-107.36,-165.92,-126.88,-136.64,-195.2
-39.04,-58.56,-19.52,48.8,-9.76,-39.04,9.76,-97.6,-175.68,-136.64,-136.64,-195.2
-39.04,-58.56,-19.52,48.8,-9.76,-39.04,9.76,-97.6,-175.68,-136.64,-136.64,-195.2
-39.04,-58.56,-19.52,48.8,-9.76,-39.04,9.76,-97.6,-175.68,-136.64,-136.64,-195.2
-39.04,-58.56,-19.52,48.8,-9.76,-39.04,9.76,-97.6,-175.68,-136.64,-136.64,-195.2
-48.8,-58.56,-9.76,53.68,-19.52,-34.16,0,-97.6,-175.68,-136.64,-146.4,-204.96
-48.8,-58.56,-9.76,53.68,-19.52,-34.16,0,-97.6,-175.68,-136.64,-146.4,-204.96
-48.8,-58.56,-9.76,53.68,-19.52,-34.16,0,-97.6,-175.68,-136.64,-146.4,-204.96
-48.8,-58.56,-9.76,53.68,-19.52,-34.16,0,-97.6,-175.68,-136.64,-146.4,-204.96
-43.92,-58.56,-14.64,53.68,-14.64,-39.04,0,-97.6,-175.68,-136.64,-146.4,-204.96
-39.04,-58.56,-19.52,48.8,-9.76,-39.04,0,-97.6,-175.68,-136.64,-146.4,-204.96
-34.16,-58.56,-24.4,48.8,-4.88,-43.92,0,-97.6,-175.68,-136.64,-146.4,-204.96
-29.28,-58.56,-29.28,43.92,0,-43.92,0,-97.6,-175.68,-136.64,-146.4,-204.96
-29.28,-58.56,-29.28,43.92,0,-43.92,0,-97.6,-175.68,-126.88,-136.64,-204.96
-29.28,-58.56,-29.28,43.92,0,-43.92,0,-97.6,-175.68,-126.88,-136.64,-204.96
-29.28,-58.56,-29.28,43.92,0,-43.92,0,-97.6,-175.68,-126.88,-136.64,-204.96
-29.28,-58.56,-29.28,43.92,0,-43.92,0,-97.6,-175.68,-126.88,-136.64,-204.96
-29.28,-48.8,-19.52,39.04,-4.88,-34.16,0,-107.36,-175.68,-126.88,-146.4,-204.96
-29.28,-48.8,-19.52,39.04,-4.88,-34.16,0,-107.36,-175.68,-126.88,-146.4,-204.96
-29.28,-48.8,-19.52,39.04,-4.88,-34.16,0,-107.36,-175.68,-126.88,-146.4,-204.96
-29.28,-48.8,-19.52,39.04,-4.88,-34.16,0,-107.36,-175.68,-126.88,-146.4,-204.96
-29.28,-58.56,-29.28,43.92,0,-43.92,0,-107.36,-185.44,-136.64,-146.4,-195.2
-29.28,-58.56,-29.28,43.92,0,-43.92,0,-107.36,-185.44,-136.64,-146.4,-195.2
-24.4,-58.56,-34.16,43.92,4.88,-48.8,0,-107.36,-180.56,-136.64,-146.4,-195.2
-24.4,-58.56,-34.16,43.92,4.88,-48.8,0,-112.24,-180.56,-136.64,-146.4,-200.08
-34.16,-53.68,-19.52,43.92,-9.76,-39.04,0,-102.48,-180.56,-136.64,-146.4,-209.84
-34.16,-53.68,-19.52,43.92,-9.76,-39.04,0,-102.48,-180.56,-136.64,-146.4,-209.84
-39.04,-53.68,-14.64,48.8,-14.64,-34.16,0,-102.48,-180.56,-136.64,-146.4,-209.84
-39.04,-53.68,-14.64,48.8,-14.64,-34.16,0,-97.6,-185.44,-136.64,-146.4,-209.84
-24.4,-48.8,-24.4,39.04,0,-39.04,0,-107.36,-195.2,-136.64,-146.4,-195.2
-24.4,-48.8,-24.4,39.04,0,-39.04,0,-107.36,-190.32,-131.76,-146.4,-195.2
-24.4,-53.68,-29.28,39.04,0,-43.92,0,-107.36,-190.32,-131.76,-146.4,-195.2
-24.4,-53.68,-29.28,39.04,0,-43.92,0,-107.36,-190.32,-131.76,-146.4,-195.2
-14.64,-48.8,-34.16,34.16,9.76,-43.92,-9.76,-97.6,-195.2,-131.76,-146.4,-204.96
-14.64,-48.8,-34.16,34.16,9.76,-43.92,-9.76,-97.6,-190.32,-131.76,-141.52,-204.96
-14.64,-43.92,-29.28,29.28,4.88,-39.04,0,-92.72,-185.44,-126.88,-141.52,-204.96
-4.88,-34.16,-29.28,19.52,9.76,-34.16,4.88,-92.72,-180.56,-126.88,-136.64,-200.08
4.88,-39.04,-43.92,19.52,24.4,-43.92,14.64,-82.96,-180.56,-126.88,-146.4,-185.44
-4.88,-34.16,-29.28,19.52,9.76,-34.16,19.52,-78.08,-170.8,-126.88,-136.64,-185.44
-14.64,-19.52,-4.88,19.52,-4.88,-14.64,29.28,-68.32,-165.92,-117.12,-131.76,-175.68
-14.64,-9.76,4.88,14.64,-9.76,-4.88,43.92,-58.56,-156.16,-107.36,-126.88,-175.68
-14.64,-9.76,4.88,14.64,-9.76,-4.88,53.68,-53.68,-151.28,-97.6,-112.24,-175.68
-19.52,-4.88,14.64,14.64,-19.52,4.88,63.44,-53.68,-146.4,-92.72,-112.24,-165.92
-29.28,0,29.28,14.64,-29.28,14.64,68.32,-43.92,-141.52,-87.84,-107.36,-165.92
-34.16,4.88,39.04,14.64,-39.04,19.52,68.32,-43.92,-141.52,-87.84,-107.36,-161.04
-34.16,9.76,43.92,14.64,-39.04,24.4,82.96,-43.92,-141.52,-87.84,-107.36,-170.8
-34.16,9.76,43.92,14.64,-39.04,24.4,87.84,-34.16,-136.64,-82.96,-102.48,-170.8
-39.04,14.64,53.68,14.64,-48.8,34.16,92.72,-34.16,-136.64,-82.96,-102.48,-170.8
-39.04,19.52,58.56,9.76,-48.8,39.04,92.72,-34.16,-136.64,-82.96,-102.48,-170.8
-24.4,24.4,48.8,0,-39.04,34.16,92.72,-34.16,-136.64,-92.72,-107.36,-170.8
-14.64,24.4,39.04,-4.88,-29.28,29.28,92.72,-29.28,-141.52,-92.72,-107.36,-170.8
-9.76,24.4,34.16,-4.88,-24.4,29.28,92.72,-29.28,-146.4,-92.72,-112.24,-165.92
-4.88,24.4,29.28,-9.76,-19.52,24.4,87.84,-24.4,-146.4,-92.72,-117.12,-165.92
-4.88,24.4,29.28,-9.76,-19.52,24.4,102.48,-19.52,-141.52,-82.96,-112.24,-156.16
-9.76,29.28,39.04,-9.76,-24.4,34.16,102.48,-29.28,-136.64,-82.96,-107.36,-151.28
-9.76,34.16,43.92,-9.76,-29.28,39.04,92.72,-29.28,-136.64,-82.96,-102.48,-151.28
-14.64,39.04,53.68,-9.76,-34.16,43.92,92.72,-29.28,-131.76,-82.96,-97.6,-151.28
-9.76,39.04,48.8,-14.64,-29.28,43.92,92.72,-29.28,-136.64,-73.2,-107.36,-151.28
-9.76,39.04,48.8,-14.64,-29.28,43.92,73.2,-24.4,-136.64,-73.2,-107.36,-151.28
-4.88,29.28,34.16,-9.76,-19.52,29.28,68.32,-24.4,-136.64,-73.2,-107.36,-151.28
-4.88,24.4,29.28,-9.76,-19.52,24.4,63.44,-34.16,-141.52,-78.08,-107.36,-151.28
4.88,29.28,24.4,-14.64,-9.76,24.4,48.8,-39.04,-146.4,-92.72,-117.12,-161.04
4.88,24.4,19.52,-14.64,-9.76,19.52,39.04,-39.04,-151.28,-92.72,-117.12,-161.04
9.76,19.52,9.76,-14.64,0,14.64,29.28,-43.92,-161.04,-92.72,-117.12,-161.04
9.76,14.64,4.88,-9.76,0,9.76,9.76,-58.56,-165.92,-97.6,-122,-165.92
0,4.88,4.88,0,-4.88,4.88,4.88,-63.44,-170.8,-102.48,-122,-161.04
0,0,0,0,0,0,0,-68.32,-180.56,-102.48,-122,-161.04
0,-4.88,-4.88,4.88,0,-4.88,0,-78.08,-185.44,-107.36,-122,-161.04
0,-4.88,-4.88,4.88,0,-4.88,-9.76,-82.96,-185.44,-107.36,-126.88,-161.04
9.76,4.88,-4.88,-4.88,4.88,0,0,-87.84,-190.32,-117.12,-136.64,-170.8
14.64,4.88,-9.76,-9.76,9.76,-4.88,0,-92.72,-190.32,-117.12,-131.76,-170.8
14.64,-14.64,-29.28,0,19.52,-24.4,-4.88,-97.6,-195.2,-117.12,-131.76,-170.8
24.4,-14.64,-39.04,-4.88,29.28,-29.28,-9.76,-112.24,-209.84,-126.88,-141.52,-170.8
24.4,-24.4,-48.8,0,34.16,-39.04,-14.64,-112.24,-219.6,-131.76,-146.4,-175.68
14.64,-29.28,-43.92,9.76,29.28,-39.04,-14.64,-112.24,-224.48,-131.76,-146.4,-175.68
14.64,-29.28,-43.92,9.76,29.28,-39.04,-19.52,-112.24,-224.48,-136.64,-146.4,-175.68
14.64,-29.28,-43.92,9.76,29.28,-39.04,-19.52,-112.24,-224.48,-136.64,-146.4,-185.44
0,-19.52,-19.52,9.76,9.76,-19.52,-14.64,-112.24,-224.48,-136.64,-146.4,-175.68
-9.76,-29.28,-19.52,19.52,4.88,-24.4,-14.64,-112.24,-219.6,-136.64,-151.28,-180.56
-19.52,-29.28,-9.76,24.4,-4.88,-19.52,-14.64,-112.24,-219.6,-146.4,-151.28,-185.44
-29.28,-34.16,-4.88,34.16,-14.64,-19.52,-9.76,-112.24,-224.48,-146.4,-156.16,-185.44
-24.4,-48.8,-24.4,39.04,0,-39.04,-9.76,-117.12,-234.24,-151.28,-161.04,-190.32
-29.28,-53.68,-24.4,43.92,-4.88,-39.04,-14.64,-126.88,-239.12,-151.28,-161.04,-190.32
-29.28,-53.68,-24.4,43.92,-4.88,-39.04,-14.64,-126.88,-239.12,-151.28,-165.92,-190.32
-29.28,-63.44,-34.16,48.8,0,-48.8,-24.4,-131.76,-239.12,-151.28,-170.8,-200.08
-39.04,-68.32,-29.28,53.68,-4.88,-48.8,-29.28,-131.76,-248.88,-161.04,-170.8,-200.08
-39.04,-68.32,-29.28,53.68,-4.88,-48.8,-29.28,-136.64,-248.88,-161.04,-170.8,-200.08
-39.04,-68.32,-29.28,53.68,-4.88,-48.8,-34.16,-136.64,-248.88,-165.92,-175.68,-200.08
-39.04,-68.32,-29.28,53.68,-4.88,-48.8,-34.16,-146.4,-248.88,-170.8,-175.68,-200.08
-29.28,-68.32,-39.04,48.8,4.88,-53.68,-34.16,-151.28,-268.4,-170.8,-175.68,-200.08
-19.52,-68.32,-48.8,43.92,14.64,-58.56,-34.16,-151.28,-258.64,-170.8,-175.68,-195.2
-34.16,-63.44,-29.28,48.8,-4.88,-48.8,-34.16,-146.4,-258.64,-170.8,-175.68,-190.32
-34.16,-63.44,-29.28,48.8,-4.88,-48.8,-34.16,-146.4,-258.64,-165.92,-170.8,-190.32
-4.88,-53.68,-48.8,29.28,19.52,-53.68,-34.16,-136.64,-248.88,-156.16,-165.92,-195.2
-4.88,-48.8,-43.92,29.28,19.52,-48.8,-34.16,-131.76,-239.12,-151.28,-170.8,-195.2
4.88,-39.04,-43.92,19.52,24.4,-43.92,-39.04,-131.76,-239.12,-156.16,-175.68,-195.2
-34.16,-34.16,0,34.16,-19.52,-19.52,-14.64,-97.6,-219.6,-136.64,-161.04,-180.56
-97.6,-43.92,53.68,73.2,-78.08,4.88,9.76,-78.08,-190.32,-102.48,-126.88,-161.04
-82.96,-39.04,43.92,63.44,-63.44,0,9.76,-82.96,-195.2,-102.48,-131.76,-161.04
-34.16,-24.4,9.76,29.28,-24.4,-9.76,9.76,-82.96,-190.32,-102.48,-136.64,-165.92
-43.92,-19.52,24.4,34.16,-34.16,0,19.52,-63.44,-175.68,-82.96,-122,-161.04
-58.56,-19.52,39.04,39.04,-48.8,9.76,29.28,-39.04,-165.92,-78.08,-122,-165.92
-43.92,4.88,48.8,19.52,-48.8,24.4,29.28,-24.4,-161.04,-73.2,-117.12,-165.92
-58.56,19.52,78.08,19.52,-68.32,48.8,48.8,-4.88,-131.76,-43.92,-102.48,-156.16
-102.48,19.52,122,43.92,-112.24,68.32,63.44,14.64,-107.36,-24.4,-92.72,-156.16
-97.6,34.16,131.76,34.16,-117.12,82.96,73.2,29.28,-97.6,-19.52,-87.84,-165.92
-87.84,39.04,126.88,24.4,-107.36,82.96,78.08,43.92,-82.96,-14.64,-82.96,-151.28
-92.72,48.8,141.52,24.4,-117.12,92.72,92.72,63.44,-58.56,0,-73.2,-151.28
-97.6,53.68,151.28,24.4,-126.88,102.48,92.72,78.08,-58.56,4.88,-68.32,-151.28
-78.08,63.44,141.52,9.76,-112.24,102.48,102.48,92.72,-48.8,14.64,-68.32,-151.28
-78.08,58.56,136.64,9.76,-107.36,97.6,122,112.24,-24.4,39.04,-63.44,-141.52
-87.84,63.44,151.28,14.64,-122,107.36,136.64,151.28,0,43.92,-53.68,-151.28
-78.08,78.08,156.16,0,-117.12,117.12,165.92,200.08,29.28,68.32,-48.8,-151.28
-63.44,92.72,156.16,-14.64,-112.24,122,195.2,283.04,97.6,112.24,-34.16,-141.52
-63.44,122,185.44,-29.28,-126.88,151.28,244,400.16,190.32,175.68,0,-131.76
-73.2,151.28,224.48,-39.04,-151.28,185.44,312.32,551.44,317.2,263.52,43.92,-126.88
-53.68,185.44,239.12,-63.44,-146.4,209.84,395.28,756.4,448.96,361.12,97.6,-107.36
-34.16,229.36,263.52,-97.6,-151.28,244,463.6,941.84,610,488,175.68,-58.56
-9.76,278.16,287.92,-131.76,-151.28,283.04,512.4,1063.84,746.64,634.4,263.52,-14.64
29.28,312.32,283.04,-170.8,-126.88,297.68,561.2,1156.56,863.76,761.28,351.36,29.28
53.68,346.48,292.8,-200.08,-122,317.2,610,1210.24,1000.4,893.04,434.32,87.84
58.56,405.04,346.48,-229.36,-146.4,375.76,673.44,1273.68,1176.08,1078.48,566.08,156.16
97.6,488,390.4,-292.8,-146.4,439.2,697.84,1307.84,1356.64,1302.96,741.76,263.52
165.92,585.6,419.68,-375.76,-126.88,502.64,678.32,1337.12,1556.72,1556.72,946.72,400.16
204.96,678.32,473.36,-439.2,-136.64,575.84,619.76,1346.88,1781.2,1825.12,1151.68,536.8
283.04,785.68,502.64,-531.92,-112.24,644.16,522.16,1249.28,1971.52,2108.16,1376.16,692.96
366,902.8,536.8,-634.4,-87.84,717.36,351.36,1015.04,2108.16,2371.68,1595.76,854
429.44,990.64,561.2,-707.6,-68.32,775.92,170.8,790.56,2161.84,2576.64,1771.44,971.12
473.36,1024.8,551.44,-746.64,-39.04,785.68,24.4,536.8,2113.04,2674.24,1869.04,1068.72
488,1015.04,527.04,-751.52,-19.52,771.04,-87.84,263.52,1991.04,2659.6,1922.72,1127.28
439.2,966.24,527.04,-702.72,-43.92,746.64,-190.32,112.24,1859.28,2542.48,1859.28,1098
380.64,893.04,512.4,-634.4,-68.32,702.72,-292.8,34.16,1688.48,2278.96,1683.6,1005.28
317.2,771.04,453.84,-541.68,-68.32,610,-395.28,-117.12,1439.6,1956.88,1439.6,868.64
248.88,668.56,419.68,-458.72,-87.84,541.68,-478.24,-287.92,1190.72,1649.44,1224.88,727.12
161.04,590.48,429.44,-375.76,-136.64,507.52,-585.6,-439.2,961.36,1371.28,1019.92,610
78.08,517.28,439.2,-297.68,-180.56,478.24,-673.44,-546.56,722.24,1093.12,819.84,488
-39.04,400.16,439.2,-180.56,-239.12,419.68,-644.16,-605.12,473.36,766.16,580.72,336.72
-156.16,283.04,439.2,-63.44,-297.68,361.12,-546.56,-624.64,195.2,414.8,326.96,161.04
-219.6,190.32,409.92,14.64,-317.2,297.68,-473.36,-668.56,-73.2,131.76,131.76,24.4
-224.48,146.4,370.88,39.04,-297.68,258.64,-444.08,-668.56,-200.08,4.88,29.28,-24.4
-214.72,146.4,361.12,34.16,-287.92,253.76,-444.08,-600.24,-195.2,-9.76,-9.76,-58.56
-195.2,146.4,341.6,24.4,-268.4,244,-439.2,-497.76,-165.92,-9.76,-24.4,-73.2
-165.92,156.16,322.08,4.88,-244,239.12,-395.28,-409.92,-126.88,4.88,-4.88,-53.68
-151.28,161.04,312.32,-4.88,-234.24,234.24,-322.08,-346.48,-87.84,34.16,19.52,-24.4
-151.28,151.28,302.56,0,-229.36,224.48,-258.64,-287.92,-68.32,34.16,29.28,-29.28
-126.88,141.52,268.4,-4.88,-200.08,204.96,-195.2,-239.12,-73.2,34.16,9.76,-43.92
-102.48,146.4,248.88,-19.52,-175.68,195.2,-122,-190.32,-53.68,34.16,4.88,-48.8
-92.72,136.64,229.36,-19.52,-161.04,180.56,-68.32,-126.88,-39.04,39.04,-4.88,-53.68
-82.96,131.76,214.72,-24.4,-151.28,170.8,-34.16,-73.2,-34.16,39.04,-14.64,-53.68
-53.68,112.24,165.92,-29.28,-112.24,136.64,-14.64,-39.04,-39.04,29.28,-19.52,-63.44
-39.04,97.6,136.64,-29.28,-87.84,117.12,-4.88,-24.4,-39.04,19.52,-34.16,-68.32
-53.68,73.2,126.88,-9.76,-92.72,97.6,14.64,-9.76,-39.04,14.64,-43.92,-73.2
-53.68,58.56,112.24,0,-82.96,82.96,34.16,4.88,-39.04,4.88,-58.56,-68.32
-43.92,39.04,82.96,4.88,-63.44,58.56,43.92,9.76,-39.04,-14.64,-68.32,-78.08
-29.28,29.28,58.56,0,-43.92,43.92,48.8,0,-63.44,-48.8,-87.84,-87.84
-29.28,19.52,48.8,4.88,-39.04,34.16,53.68,9.76,-82.96,-63.44,-107.36,-107.36
-29.28,19.52,48.8,4.88,-39.04,34.16,73.2,34.16,-87.84,-68.32,-117.12,-107.36
-34.16,14.64,48.8,9.76,-43.92,29.28,78.08,43.92,-102.48,-73.2,-126.88,-126.88
-34.16,9.76,43.92,14.64,-39.04,24.4,78.08,58.56,-102.48,-73.2,-126.88,-126.88
-39.04,9.76,48.8,14.64,-43.92,29.28,82.96,68.32,-97.6,-73.2,-126.88,-126.88
-48.8,9.76,58.56,19.52,-53.68,34.16,82.96,68.32,-87.84,-73.2,-126.88,-126.88
-39.04,4.88,43.92,19.52,-43.92,24.4,78.08,58.56,-97.6,-78.08,-141.52,-126.88
-34.16,4.88,39.04,14.64,-39.04,19.52,73.2,48.8,-97.6,-82.96,-141.52,-126.88
-34.16,4.88,39.04,14.64,-39.04,19.52,73.2,43.92,-97.6,-82.96,-141.52,-126.88
-34.16,4.88,39.04,14.64,-39.04,19.52,78.08,39.04,-102.48,-87.84,-151.28,-136.64
-29.28,-4.88,24.4,19.52,-29.28,9.76,87.84,58.56,-102.48,-87.84,-141.52,-136.64
-29.28,-4.88,24.4,19.52,-29.28,9.76,97.6,63.44,-102.48,-87.84,-141.52,-136.64
-29.28,-9.76,19.52,19.52,-24.4,4.88,102.48,78.08,-102.48,-82.96,-141.52,-141.52
-24.4,-9.76,14.64,19.52,-19.52,0,102.48,87.84,-97.6,-82.96,-141.52,-141.52
-14.64,0,14.64,9.76,-14.64,4.88,97.6,87.84,-107.36,-73.2,-141.52,-141.52
-14.64,0,14.64,9.76,-14.64,4.88,97.6,87.84,-97.6,-63.44,-131.76,-141.52
-19.52,0,19.52,9.76,-19.52,9.76,97.6,87.84,-92.72,-63.44,-131.76,-136.64
-19.52,0,19.52,9.76,-19.52,9.76,97.6,87.84,-92.72,-63.44,-131.76,-136.64
-9.76,0,9.76,4.88,-9.76,4.88,92.72,87.84,-92.72,-73.2,-131.76,-131.76
-9.76,4.88,14.64,4.88,-14.64,9.76,92.72,87.84,-92.72,-73.2,-131.76,-131.76
-9.76,4.88,14.64,4.88,-14.64,9.76,97.6,92.72,-87.84,-68.32,-126.88,-131.76
-9.76,4.88,14.64,4.88,-14.64,9.76,107.36,97.6,-87.84,-63.44,-122,-131.76
0,14.64,14.64,-4.88,-9.76,14.64,107.36,107.36,-82.96,-58.56,-131.76,-136.64
0,4.88,4.88,0,-4.88,4.88,107.36,112.24,-82.96,-53.68,-131.76,-136.64
4.88,14.64,9.76,-9.76,-4.88,9.76,107.36,117.12,-82.96,-48.8,-126.88,-131.76
4.88,14.64,9.76,-9.76,-4.88,9.76,107.36,122,-87.84,-48.8,-126.88,-131.76
-4.88,4.88,9.76,0,-9.76,4.88,107.36,126.88,-73.2,-34.16,-126.88,-122
-4.88,4.88,9.76,0,-9.76,4.88,107.36,131.76,-68.32,-34.16,-117.12,-122
4.88,9.76,4.88,-4.88,0,4.88,107.36,136.64,-68.32,-34.16,-117.12,-117.12
4.88,14.64,9.76,-9.76,-4.88,9.76,112.24,136.64,-68.32,-29.28,-117.12,-112.24
4.88,14.64,9.76,-9.76,-4.88,9.76,112.24,136.64,-58.56,-34.16,-117.12,-112.24
4.88,14.64,9.76,-9.76,-4.88,9.76,117.12,146.4,-53.68,-24.4,-107.36,-112.24
4.88,14.64,9.76,-9.76,-4.88,9.76,117.12,151.28,-53.68,-24.4,-107.36,-112.24
4.88,14.64,9.76,-9.76,-4.88,9.76,117.12,156.16,-48.8,-19.52,-107.36,-112.24
24.4,24.4,0,-24.4,9.76,9.76,117.12,156.16,-53.68,-9.76,-107.36,-117.12
24.4,24.4,0,-24.4,9.76,9.76,122,165.92,-48.8,0,-97.6,-112.24
24.4,24.4,0,-24.4,9.76,9.76,122,170.8,-39.04,4.88,-97.6,-112.24
24.4,29.28,4.88,-24.4,9.76,14.64,122,175.68,-39.04,4.88,-97.6,-102.48
19.52,24.4,4.88,-19.52,4.88,14.64,126.88,190.32,-39.04,4.88,-82.96,-87.84
19.52,24.4,4.88,-19.52,4.88,14.64,131.76,190.32,-29.28,4.88,-82.96,-87.84
19.52,24.4,4.88,-19.52,4.88,14.64,131.76,195.2,-24.4,9.76,-82.96,-87.84
24.4,34.16,9.76,-29.28,4.88,19.52,131.76,209.84,-19.52,19.52,-78.08,-87.84
34.16,34.16,0,-34.16,14.64,14.64,131.76,204.96,-9.76,14.64,-87.84,-97.6
34.16,34.16,0,-34.16,14.64,14.64,131.76,214.72,-4.88,14.64,-87.84,-97.6
43.92,39.04,-4.88,-39.04,24.4,14.64,131.76,224.48,0,24.4,-82.96,-97.6
43.92,39.04,-4.88,-39.04,24.4,14.64,131.76,239.12,14.64,29.28,-82.96,-92.72
39.04,39.04,0,-39.04,19.52,19.52,136.64,258.64,14.64,48.8,-73.2,-82.96
39.04,39.04,0,-39.04,19.52,19.52,136.64,258.64,24.4,53.68,-68.32,-82.96
39.04,43.92,4.88,-39.04,14.64,24.4,136.64,268.4,29.28,58.56,-63.44,-82.96
34.16,43.92,9.76,-39.04,9.76,24.4,141.52,283.04,34.16,58.56,-58.56,-78.08
34.16,53.68,19.52,-43.92,4.88,34.16,151.28,283.04,48.8,63.44,-58.56,-73.2
39.04,53.68,14.64,-43.92,9.76,34.16,151.28,292.8,58.56,73.2,-53.68,-68.32
39.04,58.56,19.52,-48.8,9.76,39.04,161.04,307.44,63.44,82.96,-48.8,-68.32
39.04,58.56,19.52,-48.8,9.76,39.04,161.04,317.2,73.2,87.84,-43.92,-68.32
63.44,63.44,0,-63.44,29.28,29.28,161.04,326.96,73.2,92.72,-43.92,-68.32
68.32,73.2,4.88,-68.32,29.28,39.04,161.04,331.84,82.96,97.6,-39.04,-68.32
68.32,73.2,4.88,-68.32,29.28,39.04,161.04,341.6,87.84,107.36,-39.04,-68.32
68.32,73.2,4.88,-68.32,29.28,39.04,161.04,356.24,102.48,122,-29.28,-58.56
68.32,68.32,0,-68.32,34.16,34.16,161.04,370.88,107.36,131.76,-14.64,-43.92
73.2,68.32,-4.88,-68.32,39.04,29.28,161.04,390.4,112.24,141.52,-14.64,-39.04
73.2,78.08,4.88,-73.2,34.16,39.04,170.8,405.04,122,141.52,-9.76,-39.04
82.96,82.96,0,-82.96,39.04,39.04,170.8,419.68,131.76,151.28,0,-39.04
97.6,87.84,-9.76,-92.72,53.68,39.04,170.8,429.44,146.4,161.04,4.88,-43.92
97.6,87.84,-9.76,-92.72,53.68,39.04,175.68,444.08,161.04,170.8,9.76,-39.04
97.6,97.6,0,-97.6,48.8,48.8,185.44,463.6,170.8,180.56,19.52,-34.16
107.36,97.6,-9.76,-102.48,58.56,43.92,190.32,473.36,175.68,195.2,24.4,-24.4
112.24,97.6,-14.64,-102.48,63.44,39.04,190.32,492.88,180.56,204.96,34.16,-24.4
126.88,107.36,-19.52,-117.12,73.2,43.92,190.32,507.52,195.2,214.72,39.04,-19.52
126.88,117.12,-9.76,-122,68.32,53.68,195.2,536.8,209.84,224.48,48.8,-9.76
126.88,117.12,-9.76,-122,68.32,53.68,200.08,566.08,229.36,239.12,63.44,0
122,122,0,-122,58.56,58.56,204.96,590.48,239.12,244,58.56,4.88
126.88,126.88,0,-126.88,63.44,63.44,209.84,600.24,258.64,263.52,73.2,9.76
131.76,131.76,0,-131.76,63.44,63.44,214.72,619.76,273.28,278.16,82.96,24.4
136.64,136.64,0,-136.64,68.32,68.32,214.72,624.64,278.16,287.92,92.72,24.4
156.16,151.28,-4.88,-151.28,78.08,73.2,214.72,639.28,287.92,302.56,102.48,29.28
170.8,165.92,-4.88,-165.92,87.84,78.08,219.6,663.68,297.68,312.32,117.12,34.16
170.8,175.68,4.88,-170.8,82.96,87.84,219.6,678.32,302.56,331.84,122,34.16
175.68,175.68,0,-175.68,87.84,87.84,229.36,697.84,317.2,341.6,136.64,43.92
180.56,170.8,-9.76,-175.68,92.72,78.08,234.24,732,346.48,361.12,156.16,73.2
185.44,175.68,-9.76,-180.56,97.6,82.96,239.12,751.52,361.12,370.88,170.8,78.08
190.32,180.56,-9.76,-185.44,97.6,82.96,244,775.92,380.64,390.4,180.56,87.84
195.2,195.2,0,-195.2,97.6,97.6,244,790.56,400.16,405.04,190.32,97.6
204.96,209.84,4.88,-204.96,97.6,107.36,248.88,800.32,424.56,429.44,190.32,92.72
209.84,209.84,0,-209.84,102.48,102.48,248.88,810.08,429.44,444.08,195.2,97.6
214.72,214.72,0,-214.72,107.36,107.36,253.76,829.6,439.2,448.96,204.96,107.36
219.6,214.72,-4.88,-214.72,112.24,102.48,258.64,844.24,448.96,468.48,219.6,112.24
234.24,219.6,-14.64,-224.48,122,102.48,258.64,868.64,448.96,478.24,239.12,126.88
234.24,224.48,-9.76,-229.36,122,107.36,263.52,883.28,463.6,488,244,131.76
234.24,229.36,-4.88,-229.36,117.12,112.24,263.52,888.16,478.24,497.76,253.76,146.4
234.24,234.24,0,-234.24,117.12,117.12,268.4,902.8,488,512.4,258.64,151.28
224.48,248.88,24.4,-234.24,97.6,136.64,278.16,902.8,497.76,512.4,258.64,146.4
239.12,253.76,14.64,-244,112.24,131.76,278.16,902.8,507.52,522.16,268.4,151.28
239.12,258.64,19.52,-248.88,107.36,136.64,278.16,907.68,512.4,531.92,273.28,156.16
239.12,258.64,19.52,-248.88,107.36,136.64,283.04,912.56,512.4,531.92,278.16,161.04
244,268.4,24.4,-253.76,107.36,146.4,273.28,912.56,527.04,546.56,283.04,165.92
244,268.4,24.4,-253.76,107.36,146.4,273.28,912.56,531.92,556.32,287.92,165.92
244,273.28,29.28,-258.64,107.36,151.28,278.16,912.56,531.92,556.32,287.92,170.8
239.12,273.28,34.16,-253.76,102.48,151.28,278.16,902.8,531.92,556.32,292.8,170.8
248.88,273.28,24.4,-258.64,112.24,146.4,287.92,897.92,541.68,566.08,302.56,175.68
239.12,278.16,39.04,-258.64,97.6,156.16,287.92,883.28,541.68,566.08,302.56,175.68
239.12,278.16,39.04,-258.64,97.6,156.16,287.92,873.52,536.8,566.08,302.56,175.68
229.36,273.28,43.92,-248.88,92.72,156.16,287.92,854,531.92,566.08,302.56,180.56
229.36,273.28,43.92,-248.88,92.72,156.16,278.16,839.36,527.04,556.32,302.56,180.56
219.6,273.28,53.68,-244,82.96,161.04,268.4,814.96,512.4,541.68,287.92,170.8
219.6,263.52,43.92,-239.12,87.84,151.28,268.4,785.68,502.64,531.92,278.16,161.04
219.6,258.64,39.04,-239.12,87.84,146.4,263.52,751.52,492.88,522.16,268.4,156.16
190.32,253.76,63.44,-219.6,63.44,156.16,258.64,727.12,483.12,512.4,263.52,156.16
190.32,248.88,58.56,-219.6,63.44,151.28,253.76,697.84,463.6,497.76,253.76,146.4
175.68,239.12,63.44,-204.96,53.68,151.28,248.88,673.44,444.08,478.24,239.12,141.52
170.8,234.24,63.44,-200.08,53.68,146.4,244,634.4,424.56,453.84,224.48,131.76
161.04,224.48,63.44,-190.32,48.8,141.52,234.24,595.36,390.4,439.2,209.84,117.12
165.92,219.6,53.68,-190.32,53.68,136.64,224.48,561.2,366,414.8,195.2,97.6
161.04,209.84,48.8,-185.44,53.68,126.88,214.72,517.28,336.72,390.4,175.68,82.96
151.28,190.32,39.04,-170.8,53.68,112.24,204.96,478.24,312.32,361.12,156.16,68.32
136.64,180.56,43.92,-156.16,43.92,112.24,204.96,463.6,297.68,351.36,136.64,63.44
117.12,170.8,53.68,-141.52,29.28,112.24,195.2,429.44,273.28,326.96,126.88,63.44
112.24,161.04,48.8,-136.64,29.28,102.48,195.2,395.28,253.76,302.56,112.24,48.8
97.6,151.28,53.68,-122,19.52,102.48,185.44,370.88,229.36,278.16,87.84,43.92
92.72,146.4,53.68,-117.12,19.52,97.6,170.8,331.84,209.84,263.52,78.08,29.28
82.96,126.88,43.92,-102.48,19.52,82.96,170.8,302.56,185.44,239.12,58.56,19.52
48.8,122,73.2,-82.96,-14.64,97.6,165.92,273.28,165.92,214.72,39.04,4.88
48.8,117.12,68.32,-82.96,-9.76,92.72,161.04,244,146.4,195.2,29.28,-4.88
43.92,97.6,53.68,-68.32,-4.88,73.2,156.16,214.72,112.24,170.8,4.88,-14.64
39.04,87.84,48.8,-63.44,-4.88,68.32,151.28,185.44,92.72,146.4,-9.76,-34.16
34.16,82.96,48.8,-58.56,-9.76,63.44,136.64,165.92,73.2,131.76,-24.4,-34.16
29.28,73.2,43.92,-48.8,-9.76,58.56,136.64,146.4,48.8,112.24,-34.16,-43.92
39.04,58.56,19.52,-48.8,9.76,39.04,122,136.64,29.28,97.6,-48.8,-68.32
29.28,39.04,9.76,-34.16,9.76,24.4,122,122,14.64,78.08,-63.44,-78.08
24.4,34.16,9.76,-29.28,4.88,19.52,117.12,102.48,4.88,68.32,-73.2,-78.08
14.64,24.4,9.76,-19.52,0,14.64,112.24,87.84,-4.88,58.56,-82.96,-78.08
0,24.4,24.4,-9.76,-14.64,24.4,112.24,63.44,-19.52,34.16,-92.72,-92.72
-4.88,19.52,24.4,-4.88,-14.64,19.52,107.36,53.68,-29.28,24.4,-102.48,-92.72
-9.76,9.76,19.52,0,-14.64,14.64,102.48,43.92,-39.04,14.64,-107.36,-92.72
-9.76,9.76,19.52,0,-14.64,14.64,102.48,34.16,-48.8,4.88,-117.12,-97.6
0,4.88,4.88,0,-4.88,4.88,92.72,19.52,-58.56,-4.88,-136.64,-117.12
4.88,0,-4.88,0,4.88,-4.88,92.72,14.64,-68.32,-14.64,-141.52,-122
0,-14.64,-14.64,9.76,4.88,-14.64,92.72,9.76,-73.2,-24.4,-141.52,-122
4.88,-14.64,-19.52,4.88,9.76,-19.52,92.72,-9.76,-82.96,-24.4,-151.28,-126.88
-4.88,-14.64,-9.76,9.76,0,-14.64,92.72,-9.76,-97.6,-34.16,-151.28,-126.88
-4.88,-24.4,-19.52,14.64,4.88,-24.4,87.84,-9.76,-97.6,-34.16,-151.28,-126.88
-14.64,-24.4,-9.76,19.52,-4.88,-19.52,87.84,-9.76,-97.6,-39.04,-156.16,-126.88
0,-29.28,-29.28,14.64,14.64,-29.28,87.84,-14.64,-102.48,-39.04,-156.16,-126.88
-24.4,-29.28,-4.88,29.28,-9.76,-19.52,97.6,-19.52,-92.72,-39.04,-156.16,-126.88
-24.4,-29.28,-4.88,29.28,-9.76,-19.52,97.6,-19.52,-97.6,-39.04,-161.04,-131.76
-24.4,-34.16,-9.76,29.28,-9.76,-24.4,97.6,-14.64,-97.6,-39.04,-161.04,-131.76
-24.4,-34.16,-9.76,29.28,-9.76,-24.4,97.6,-14.64,-97.6,-39.04,-161.04,-131.76
-14.64,-39.04,-24.4,29.28,4.88,-34.16,87.84,-19.52,-107.36,-53.68,-170.8,-146.4
-14.64,-39.04,-24.4,29.28,4.88,-34.16,87.84,-24.4,-107.36,-53.68,-170.8,-156.16
-14.64,-39.04,-24.4,29.28,4.88,-34.16,87.84,-24.4,-107.36,-53.68,-170.8,-146.4
-19.52,-39.04,-19.52,29.28,0,-29.28,87.84,-24.4,-102.48,-58.56,-165.92,-146.4
-29.28,-39.04,-9.76,34.16,-9.76,-24.4,87.84,-14.64,-102.48,-48.8,-165.92,-151.28
-24.4,-39.04,-14.64,34.16,-4.88,-29.28,92.72,-14.64,-102.48,-48.8,-170.8,-151.28
-24.4,-39.04,-14.64,34.16,-4.88,-29.28,92.72,-14.64,-102.48,-48.8,-170.8,-151.28
-29.28,-43.92,-14.64,39.04,-9.76,-29.28,87.84,-14.64,-97.6,-48.8,-170.8,-151.28
-19.52,-43.92,-24.4,34.16,0,-34.16,97.6,-24.4,-97.6,-48.8,-170.8,-146.4
-19.52,-39.04,-19.52,29.28,0,-29.28,97.6,-29.28,-102.48,-48.8,-170.8,-146.4
-19.52,-39.04,-19.52,29.28,0,-29.28,97.6,-29.28,-107.36,-48.8,-170.8,-146.4
-19.52,-43.92,-24.4,34.16,0,-34.16,92.72,-29.28,-107.36,-48.8,-180.56,-151.28
-9.76,-34.16,-24.4,24.4,4.88,-29.28,82.96,-14.64,-102.48,-58.56,-180.56,-156.16
-9.76,-34.16,-24.4,24.4,4.88,-29.28,82.96,-9.76,-102.48,-58.56,-175.68,-156.16
-9.76,-34.16,-24.4,24.4,4.88,-29.28,82.96,-9.76,-102.48,-53.68,-170.8,-151.28
-9.76,-34.16,-24.4,24.4,4.88,-29.28,82.96,-14.64,-102.48,-53.68,-170.8,-151.28
-19.52,-43.92,-24.4,34.16,0,-34.16,87.84,-19.52,-92.72,-43.92,-170.8,-151.28
-24.4,-43.92,-19.52,34.16,-4.88,-34.16,97.6,-19.52,-92.72,-43.92,-170.8,-151.28
-24.4,-43.92,-19.52,34.16,-4.88,-34.16,107.36,-14.64,-92.72,-43.92,-170.8,-151.28
-29.28,-48.8,-19.52,39.04,-4.88,-34.16,112.24,-9.76,-87.84,-43.92,-170.8,-151.28
-19.52,-39.04,-19.52,29.28,0,-29.28,102.48,-14.64,-97.6,-53.68,-170.8,-151.28
-14.64,-34.16,-19.52,24.4,0,-29.28,102.48,-19.52,-97.6,-53.68,-170.8,-156.16
-14.64,-34.16,-19.52,24.4,0,-29.28,97.6,-24.4,-92.72,-48.8,-170.8,-156.16
-14.64,-34.16,-19.52,24.4,0,-29.28,97.6,-24.4,-87.84,-48.8,-170.8,-156.16
-39.04,-34.16,4.88,39.04,-24.4,-14.64,97.6,-9.76,-78.08,-39.04,-170.8,-156.16
-39.04,-34.16,4.88,39.04,-24.4,-14.64,102.48,-9.76,-78.08,-39.04,-161.04,-151.28
-34.16,-34.16,0,34.16,-19.52,-19.52,102.48,-9.76,-78.08,-34.16,-161.04,-146.4
-34.16,-34.16,0,34.16,-19.52,-19.52,102.48,-14.64,-82.96,-34.16,-161.04,-146.4
-29.28,-43.92,-14.64,39.04,-9.76,-29.28,112.24,-9.76,-87.84,-34.16,-165.92,-151.28
-14.64,-39.04,-24.4,29.28,4.88,-34.16,107.36,-9.76,-87.84,-34.16,-165.92,-156.16
-24.4,-39.04,-14.64,34.16,-4.88,-29.28,107.36,-4.88,-78.08,-34.16,-165.92,-156.16
-39.04,-39.04,0,39.04,-19.52,-19.52,107.36,4.88,-68.32,-29.28,-156.16,-156.16
-29.28,-39.04,-9.76,34.16,-9.76,-24.4,112.24,-4.88,-68.32,-29.28,-156.16,-141.52
-29.28,-39.04,-9.76,34.16,-9.76,-24.4,112.24,-4.88,-73.2,-29.28,-161.04,-141.52
-19.52,-34.16,-14.64,29.28,-4.88,-24.4,112.24,-4.88,-73.2,-29.28,-161.04,-141.52
-19.52,-34.16,-14.64,29.28,-4.88,-24.4,112.24,0,-73.2,-29.28,-156.16,-141.52
-19.52,-29.28,-9.76,24.4,-4.88,-19.52,122,-9.76,-73.2,-39.04,-165.92,-146.4
-24.4,-39.04,-14.64,34.16,-4.88,-29.28,122,-9.76,-73.2,-43.92,-165.92,-146.4
-24.4,-29.28,-4.88,29.28,-9.76,-19.52,122,-9.76,-68.32,-43.92,-165.92,-146.4
-19.52,-29.28,-9.76,24.4,-4.88,-19.52,117.12,-9.76,-68.32,-43.92,-165.92,-146.4
-14.64,-39.04,-24.4,29.28,4.88,-34.16,117.12,0,-63.44,-43.92,-156.16,-146.4
-14.64,-39.04,-24.4,29.28,4.88,-34.16,122,0,-68.32,-39.04,-156.16,-146.4
-19.52,-39.04,-19.52,29.28,0,-29.28,122,0,-68.32,-39.04,-151.28,-136.64
-19.52,-43.92,-24.4,34.16,0,-34.16,122,0,-68.32,-39.04,-146.4,-136.64
-14.64,-43.92,-29.28,29.28,4.88,-39.04,122,4.88,-68.32,-39.04,-156.16,-131.76
-14.64,-39.04,-24.4,29.28,4.88,-34.16,122,0,-63.44,-39.04,-156.16,-131.76
-14.64,-34.16,-19.52,24.4,0,-29.28,122,0,-58.56,-39.04,-156.16,-131.76
-14.64,-34.16,-19.52,24.4,0,-29.28,117.12,9.76,-58.56,-39.04,-156.16,-131.76
-4.88,-34.16,-29.28,19.52,9.76,-34.16,117.12,14.64,-53.68,-48.8,-156.16,-131.76
-4.88,-29.28,-24.4,19.52,9.76,-29.28,117.12,9.76,-53.68,-48.8,-156.16,-126.88
-14.64,-29.28,-14.64,24.4,0,-24.4,117.12,4.88,-53.68,-48.8,-156.16,-126.88
-14.64,-29.28,-14.64,24.4,0,-24.4,126.88,0,-48.8,-43.92,-156.16,-131.76
-14.64,-39.04,-24.4,29.28,4.88,-34.16,117.12,-4.88,-48.8,-43.92,-156.16,-131.76
-14.64,-39.04,-24.4,29.28,4.88,-34.16,117.12,-4.88,-53.68,-48.8,-156.16,-126.88
-9.76,-39.04,-29.28,24.4,9.76,-34.16,117.12,-4.88,-53.68,-48.8,-156.16,-126.88
0,-39.04,-39.04,19.52,19.52,-39.04,117.12,-4.88,-53.68,-48.8,-156.16,-131.76
0,-39.04,-39.04,19.52,19.52,-39.04,117.12,0,-48.8,-48.8,-151.28,-136.64
0,-39.04,-39.04,19.52,19.52,-39.04,117.12,-4.88,-48.8,-53.68,-151.28,-136.64
-4.88,-39.04,-34.16,24.4,14.64,-39.04,117.12,-4.88,-48.8,-53.68,-151.28,-136.64
-4.88,-39.04,-34.16,24.4,14.64,-39.04,117.12,-4.88,-48.8,-48.8,-146.4,-131.76
-19.52,-29.28,-9.76,24.4,-4.88,-19.52,112.24,-4.88,-48.8,-48.8,-146.4,-131.76
-19.52,-29.28,-9.76,24.4,-4.88,-19.52,112.24,-4.88,-48.8,-48.8,-146.4,-131.76
-9.76,-29.28,-19.52,19.52,4.88,-24.4,112.24,-9.76,-48.8,-53.68,-146.4,-131.76
-9.76,-29.28,-19.52,19.52,4.88,-24.4,112.24,-9.76,-48.8,-53.68,-146.4,-131.76
-4.88,-34.16,-29.28,19.52,9.76,-34.16,102.48,-19.52,-48.8,-53.68,-156.16,-131.76
-4.88,-34.16,-29.28,19.52,9.76,-34.16,102.48,-14.64,-48.8,-53.68,-156.16,-126.88
-4.88,-34.16,-29.28,19.52,9.76,-34.16,102.48,-14.64,-53.68,-53.68,-156.16,-126.88
-4.88,-34.16,-29.28,19.52,9.76,-34.16,102.48,-19.52,-53.68,-63.44,-156.16,-126.88
-9.76,-34.16,-24.4,24.4,4.88,-29.28,102.48,-24.4,-53.68,-63.44,-156.16,-136.64
0,-34.16,-34.16,19.52,14.64,-34.16,107.36,-19.52,-53.68,-68.32,-156.16,-136.64
-9.76,-34.16,-24.4,24.4,4.88,-29.28,112.24,-9.76,-63.44,-68.32,-161.04,-141.52
-9.76,-34.16,-24.4,24.4,4.88,-29.28,112.24,-4.88,-63.44,-68.32,-165.92,-141.52
-9.76,-24.4,-14.64,19.52,0,-19.52,107.36,-9.76,-53.68,-58.56,-161.04,-131.76
-9.76,-24.4,-14.64,19.52,0,-19.52,107.36,-19.52,-63.44,-68.32,-161.04,-131.76
-9.76,-29.28,-19.52,19.52,4.88,-24.4,107.36,-29.28,-68.32,-68.32,-161.04,-131.76
-9.76,-29.28,-19.52,19.52,4.88,-24.4,107.36,-34.16,-68.32,-63.44,-165.92,-131.76
-4.88,-29.28,-24.4,19.52,9.76,-29.28,97.6,-34.16,-68.32,-73.2,-165.92,-136.64
0,-29.28,-29.28,14.64,14.64,-29.28,97.6,-39.04,-73.2,-82.96,-165.92,-141.52
4.88,-29.28,-34.16,14.64,19.52,-34.16,97.6,-43.92,-78.08,-82.96,-165.92,-146.4
9.76,-29.28,-39.04,9.76,24.4,-34.16,97.6,-43.92,-78.08,-78.08,-170.8,-151.28
14.64,-34.16,-48.8,9.76,29.28,-43.92,87.84,-39.04,-87.84,-78.08,-170.8,-156.16
14.64,-34.16,-48.8,9.76,29.28,-43.92,97.6,-39.04,-92.72,-82.96,-165.92,-156.16
14.64,-34.16,-48.8,9.76,29.28,-43.92,97.6,-48.8,-92.72,-82.96,-165.92,-156.16
14.64,-29.28,-43.92,9.76,29.28,-39.04,97.6,-53.68,-97.6,-87.84,-165.92,-161.04
9.76,-19.52,-29.28,4.88,19.52,-24.4,97.6,-48.8,-97.6,-78.08,-165.92,-151.28
0,-19.52,-19.52,9.76,9.76,-19.52,107.36,-43.92,-92.72,-78.08,-165.92,-146.4
-4.88,-19.52,-14.64,14.64,4.88,-19.52,107.36,-39.04,-92.72,-82.96,-170.8,-146.4
-9.76,-24.4,-14.64,19.52,0,-19.52,107.36,-43.92,-87.84,-87.84,-180.56,-146.4
-19.52,-34.16,-14.64,29.28,-4.88,-24.4,112.24,-53.68,-87.84,-87.84,-170.8,-151.28
-19.52,-34.16,-14.64,29.28,-4.88,-24.4,112.24,-48.8,-87.84,-92.72,-170.8,-151.28
-19.52,-34.16,-14.64,29.28,-4.88,-24.4,112.24,-48.8,-97.6,-97.6,-175.68,-151.28
-19.52,-34.16,-14.64,29.28,-4.88,-24.4,112.24,-48.8,-97.6,-97.6,-180.56,-151.28
-9.76,-34.16,-24.4,24.4,4.88,-29.28,107.36,-58.56,-107.36,-107.36,-180.56,-156.16
-14.64,-34.16,-19.52,24.4,0,-29.28,102.48,-68.32,-112.24,-107.36,-180.56,-156.16
-14.64,-34.16,-19.52,24.4,0,-29.28,97.6,-68.32,-112.24,-112.24,-180.56,-156.16
0,-34.16,-34.16,19.52,14.64,-34.16,92.72,-73.2,-112.24,-112.24,-185.44,-165.92
0,-24.4,-24.4,14.64,9.76,-24.4,87.84,-68.32,-117.12,-126.88,-195.2,-170.8
-4.88,-24.4,-19.52,14.64,4.88,-24.4,87.84,-68.32,-117.12,-126.88,-190.32,-170.8
-4.88,-24.4,-19.52,14.64,4.88,-24.4,87.84,-73.2,-117.12,-126.88,-190.32,-161.04
-4.88,-24.4,-19.52,14.64,4.88,-24.4,87.84,-73.2,-122,-126.88,-190.32,-151.28
-4.88,-34.16,-29.28,19.52,9.76,-34.16,97.6,-63.44,-122,-122,-180.56,-161.04
-4.88,-34.16,-29.28,19.52,9.76,-34.16,92.72,-68.32,-122,-122,-190.32,-165.92
-4.88,-34.16,-29.28,19.52,9.76,-34.16,92.72,-73.2,-126.88,-122,-190.32,-165.92
-9.76,-34.16,-24.4,24.4,4.88,-29.28,97.6,-73.2,-126.88,-122,-185.44,-161.04
-4.88,-34.16,-29.28,19.52,9.76,-34.16,87.84,-78.08,-126.88,-131.76,-195.2,-161.04
0,-34.16,-34.16,19.52,14.64,-34.16,87.84,-78.08,-126.88,-131.76,-195.2,-161.04
4.88,-34.16,-39.04,14.64,19.52,-39.04,87.84,-78.08,-126.88,-131.76,-195.2,-165.92
9.76,-39.04,-48.8,14.64,29.28,-43.92,87.84,-78.08,-126.88,-136.64,-195.2,-170.8
9.76,-29.28,-39.04,9.76,24.4,-34.16,97.6,-68.32,-126.88,-136.64,-195.2,-161.04
4.88,-29.28,-34.16,14.64,19.52,-34.16,97.6,-78.08,-131.76,-141.52,-195.2,-165.92
0,-29.28,-29.28,14.64,14.64,-29.28,97.6,-78.08,-131.76,-146.4,-200.08,-165.92
0,-29.28,-29.28,14.64,14.64,-29.28,97.6,-78.08,-131.76,-146.4,-200.08,-151.28
9.76,-29.28,-39.04,9.76,24.4,-34.16,82.96,-87.84,-131.76,-141.52,-190.32,-161.04
0,-29.28,-29.28,14.64,14.64,-29.28,82.96,-87.84,-131.76,-141.52,-195.2,-161.04
-4.88,-34.16,-29.28,19.52,9.76,-34.16,82.96,-87.84,-131.76,-146.4,-195.2,-161.04
-4.88,-34.16,-29.28,19.52,9.76,-34.16,87.84,-87.84,-131.76,-146.4,-190.32,-161.04
-4.88,-43.92,-39.04,24.4,14.64,-43.92,97.6,-78.08,-122,-146.4,-190.32,-161.04
-4.88,-39.04,-34.16,24.4,14.64,-39.04,97.6,-82.96,-126.88,-146.4,-190.32,-165.92
0,-39.04,-39.04,19.52,19.52,-39.04,92.72,-82.96,-131.76,-146.4,-190.32,-165.92
0,-39.04,-39.04,19.52,19.52,-39.04,92.72,-82.96,-131.76,-156.16,-190.32,-165.92
0,-39.04,-39.04,19.52,19.52,-39.04,92.72,-82.96,-126.88,-156.16,-200.08,-175.68
0,-39.04,-39.04,19.52,19.52,-39.04,92.72,-82.96,-126.88,-156.16,-200.08,-175.68
9.76,-39.04,-48.8,14.64,29.28,-43.92,92.72,-82.96,-126.88,-156.16,-200.08,-175.68
9.76,-39.04,-48.8,14.64,29.28,-43.92,92.72,-87.84,-126.88,-156.16,-204.96,-185.44
0,-29.28,-29.28,14.64,14.64,-29.28,92.72,-97.6,-131.76,-156.16,-204.96,-185.44
0,-29.28,-29.28,14.64,14.64,-29.28,92.72,-97.6,-131.76,-156.16,-204.96,-180.56
0,-29.28,-29.28,14.64,14.64,-29.28,92.72,-97.6,-131.76,-156.16,-204.96,-180.56
0,-34.16,-34.16,19.52,14.64,-34.16,92.72,-97.6,-141.52,-156.16,-204.96,-180.56
0,-39.04,-39.04,19.52,19.52,-39.04,92.72,-97.6,-131.76,-156.16,-204.96,-170.8
0,-39.04,-39.04,19.52,19.52,-39.04,92.72,-97.6,-131.76,-156.16,-200.08,-170.8
0,-39.04,-39.04,19.52,19.52,-39.04,92.72,-102.48,-141.52,-161.04,-200.08,-170.8
0,-34.16,-34.16,19.52,14.64,-34.16,92.72,-102.48,-141.52,-161.04,-200.08,-170.8
0,-34.16,-34.16,19.52,14.64,-34.16,102.48,-92.72,-131.76,-151.28,-200.08,-165.92
0,-34.16,-34.16,19.52,14.64,-34.16,97.6,-92.72,-131.76,-151.28,-200.08,-165.92
0,-34.16,-34.16,19.52,14.64,-34.16,97.6,-92.72,-131.76,-151.28,-200.08,-165.92
0,-34.16,-34.16,19.52,14.64,-34.16,97.6,-92.72,-131.76,-146.4,-200.08,-165.92
0,-34.16,-34.16,19.52,14.64,-34.16,97.6,-97.6,-131.76,-156.16,-209.84,-165.92
-9.76,-34.16,-24.4,24.4,4.88,-29.28,97.6,-97.6,-136.64,-161.04,-214.72,-165.92
0,-34.16,-34.16,19.52,14.64,-34.16,97.6,-97.6,-136.64,-161.04,-214.72,-165.92
0,-39.04,-39.04,19.52,19.52,-39.04,97.6,-97.6,-136.64,-161.04,-209.84,-170.8
-9.76,-39.04,-29.28,24.4,9.76,-34.16,92.72,-97.6,-146.4,-151.28,-200.08,-170.8
-19.52,-39.04,-19.52,29.28,0,-29.28,92.72,-97.6,-141.52,-151.28,-195.2,-165.92
-4.88,-39.04,-34.16,24.4,14.64,-39.04,92.72,-102.48,-141.52,-151.28,-195.2,-165.92
0,-39.04,-39.04,19.52,19.52,-39.04,87.84,-107.36,-151.28,-151.28,-204.96,-170.8
0,-43.92,-43.92,24.4,19.52,-43.92,97.6,-102.48,-141.52,-165.92,-204.96,-170.8
0,-43.92,-43.92,24.4,19.52,-43.92,97.6,-97.6,-141.52,-165.92,-200.08,-170.8
0,-43.92,-43.92,24.4,19.52,-43.92,97.6,-92.72,-141.52,-165.92,-200.08,-170.8
-4.88,-43.92,-39.04,24.4,14.64,-43.92,102.48,-82.96,-141.52,-170.8,-200.08,-170.8
-4.88,-43.92,-39.04,24.4,14.64,-43.92,92.72,-92.72,-141.52,-170.8,-200.08,-170.8
-4.88,-34.16,-29.28,19.52,9.76,-34.16,92.72,-97.6,-141.52,-170.8,-200.08,-170.8
-4.88,-34.16,-29.28,19.52,9.76,-34.16,92.72,-112.24,-151.28,-170.8,-200.08,-165.92
-4.88,-34.16,-29.28,19.52,9.76,-34.16,92.72,-117.12,-141.52,-165.92,-200.08,-165.92
-14.64,-48.8,-34.16,34.16,9.76,-43.92,102.48,-107.36,-141.52,-165.92,-190.32,-165.92
-4.88,-48.8,-43.92,29.28,19.52,-48.8,97.6,-112.24,-146.4,-170.8,-195.2,-165.92
-14.64,-43.92,-29.28,29.28,4.88,-39.04,97.6,-112.24,-146.4,-170.8,-195.2,-161.04
-19.52,-43.92,-24.4,34.16,0,-34.16,102.48,-107.36,-146.4,-161.04,-190.32,-156.16
-24.4,-48.8,-24.4,39.04,0,-39.04,102.48,-97.6,-136.64,-161.04,-195.2,-156.16
-24.4,-48.8,-24.4,39.04,0,-39.04,102.48,-97.6,-141.52,-165.92,-195.2,-156.16
-19.52,-48.8,-29.28,34.16,4.88,-39.04,102.48,-97.6,-141.52,-165.92,-195.2,-156.16
-19.52,-48.8,-29.28,34.16,4.88,-39.04,102.48,-97.6,-141.52,-165.92,-200.08,-165.92
-9.76,-48.8,-39.04,29.28,14.64,-43.92,92.72,-107.36,-141.52,-175.68,-209.84,-165.92
-9.76,-48.8,-39.04,29.28,14.64,-43.92,92.72,-107.36,-141.52,-170.8,-209.84,-165.92
-9.76,-48.8,-39.04,29.28,14.64,-43.92,92.72,-112.24,-141.52,-170.8,-209.84,-165.92
-4.88,-48.8,-43.92,29.28,19.52,-48.8,92.72,-112.24,-141.52,-170.8,-214.72,-170.8
-14.64,-39.04,-24.4,29.28,4.88,-34.16,102.48,-102.48,-141.52,-175.68,-204.96,-170.8
-14.64,-39.04,-24.4,29.28,4.88,-34.16,102.48,-102.48,-141.52,-175.68,-200.08,-161.04
-14.64,-39.04,-24.4,29.28,4.88,-34.16,102.48,-102.48,-141.52,-175.68,-200.08,-161.04
-14.64,-39.04,-24.4,29.28,4.88,-34.16,102.48,-102.48,-146.4,-175.68,-200.08,-161.04
-14.64,-48.8,-34.16,34.16,9.76,-43.92,102.48,-97.6,-136.64,-165.92,-200.08,-156.16
-14.64,-48.8,-34.16,34.16,9.76,-43.92,102.48,-97.6,-136.64,-165.92,-200.08,-156.16
-14.64,-58.56,-43.92,39.04,14.64,-53.68,102.48,-102.48,-136.64,-165.92,-195.2,-156.16
-14.64,-48.8,-34.16,34.16,9.76,-43.92,102.48,-102.48,-136.64,-165.92,-195.2,-156.16
-14.64,-39.04,-24.4,29.28,4.88,-34.16,102.48,-102.48,-146.4,-175.68,-204.96,-156.16
-14.64,-39.04,-24.4,29.28,4.88,-34.16,102.48,-102.48,-151.28,-175.68,-204.96,-161.04
-9.76,-39.04,-29.28,24.4,9.76,-34.16,102.48,-102.48,-151.28,-175.68,-204.96,-165.92
0,-39.04,-39.04,19.52,19.52,-39.04,102.48,-102.48,-151.28,-175.68,-204.96,-165.92
-4.88,-39.04,-34.16,24.4,14.64,-39.04,102.48,-102.48,-141.52,-175.68,-204.96,-165.92
-4.88,-39.04,-34.16,24.4,14.64,-39.04,97.6,-107.36,-151.28,-175.68,-204.96,-175.68
-4.88,-34.16,-29.28,19.52,9.76,-34.16,97.6,-107.36,-151.28,-175.68,-204.96,-165.92
0,-34.16,-34.16,19.52,14.64,-34.16,97.6,-107.36,-141.52,-175.68,-204.96,-156.16
-9.76,-34.16,-24.4,24.4,4.88,-29.28,97.6,-102.48,-151.28,-175.68,-204.96,-156.16
0,-34.16,-34.16,19.52,14.64,-34.16,97.6,-122,-156.16,-180.56,-200.08,-161.04
-9.76,-43.92,-34.16,29.28,9.76,-39.04,102.48,-97.6,-151.28,-170.8,-185.44,-146.4
-9.76,-48.8,-39.04,29.28,14.64,-43.92,107.36,-97.6,-146.4,-175.68,-185.44,-146.4
-9.76,-39.04,-29.28,24.4,9.76,-34.16,97.6,-107.36,-156.16,-175.68,-195.2,-156.16
-9.76,-39.04,-29.28,24.4,9.76,-34.16,97.6,-107.36,-156.16,-175.68,-195.2,-156.16
-9.76,-39.04,-29.28,24.4,9.76,-34.16,97.6,-107.36,-156.16,-175.68,-195.2,-156.16
-9.76,-39.04,-29.28,24.4,9.76,-34.16,97.6,-107.36,-156.16,-175.68,-195.2,-156.16
0,-39.04,-39.04,19.52,19.52,-39.04,97.6,-97.6,-156.16,-175.68,-204.96,-156.16
0,-39.04,-39.04,19.52,19.52,-39.04,97.6,-97.6,-156.16,-175.68,-204.96,-156.16
0,-39.04,-39.04,19.52,19.52,-39.04,97.6,-97.6,-156.16,-175.68,-204.96,-156.16
0,-39.04,-39.04,19.52,19.52,-39.04,97.6,-97.6,-156.16,-175.68,-204.96,-156.16
-9.76,-29.28,-19.52,19.52,4.88,-24.4,97.6,-107.36,-165.92,-185.44,-195.2,-165.92
-9.76,-29.28,-19.52,19.52,4.88,-24.4,97.6,-107.36,-165.92,-185.44,-195.2,-165.92
-9.76,-29.28,-19.52,19.52,4.88,-24.4,97.6,-107.36,-165.92,-185.44,-195.2,-165.92
-9.76,-29.28,-19.52,19.52,4.88,-24.4,97.6,-107.36,-165.92,-185.44,-195.2,-165.92
-9.76,-39.04,-29.28,24.4,9.76,-34.16,107.36,-97.6,-165.92,-185.44,-195.2,-161.04
-9.76,-39.04,-29.28,24.4,9.76,-34.16,107.36,-97.6,-165.92,-185.44,-195.2,-156.16
-9.76,-39.04,-29.28,24.4,9.76,-34.16,107.36,-97.6,-165.92,-185.44,-195.2,-151.28
-9.76,-39.04,-29.28,24.4,9.76,-34.16,107.36,-97.6,-165.92,-185.44,-195.2,-146.4
-9.76,-39.04,-29.28,24.4,9.76,-34.16,97.6,-97.6,-175.68,-175.68,-204.96,-156.16
-9.76,-39.04,-29.28,24.4,9.76,-34.16,97.6,-97.6,-175.68,-175.68,-204.96,-156.16
-9.76,-39.04,-29.28,24.4,9.76,-34.16,97.6,-97.6,-175.68,-175.68,-204.96,-156.16
-9.76,-39.04,-29.28,24.4,9.76,-34.16,97.6,-97.6,-175.68,-175.68,-204.96,-156.16
-4.88,-29.28,-24.4,19.52,9.76,-29.28,97.6,-107.36,-185.44,-180.56,-204.96,-165.92
0,-29.28,-29.28,14.64,14.64,-29.28,97.6,-107.36,-185.44,-185.44,-204.96,-165.92
4.88,-29.28,-34.16,14.64,19.52,-34.16,97.6,-107.36,-185.44,-190.32,-204.96,-165.92
9.76,-29.28,-39.04,9.76,24.4,-34.16,97.6,-107.36,-185.44,-195.2,-204.96,-165.92
-4.88,-29.28,-24.4,19.52,9.76,-29.28,102.48,-102.48,-175.68,-190.32,-195.2,-156.16
-9.76,-29.28,-19.52,19.52,4.88,-24.4,107.36,-97.6,-175.68,-185.44,-195.2,-156.16
-14.64,-29.28,-14.64,24.4,0,-24.4,112.24,-92.72,-175.68,-180.56,-195.2,-156.16
-19.52,-29.28,-9.76,24.4,-4.88,-19.52,117.12,-87.84,-175.68,-175.68,-195.2,-156.16
-9.76,-39.04,-29.28,24.4,9.76,-34.16,117.12,-87.84,-175.68,-185.44,-195.2,-146.4
-9.76,-39.04,-29.28,24.4,9.76,-34.16,117.12,-87.84,-175.68,-185.44,-195.2,-146.4
-9.76,-39.04,-29.28,24.4,9.76,-34.16,117.12,-87.84,-175.68,-185.44,-195.2,-146.4
-9.76,-39.04,-29.28,24.4,9.76,-34.16,117.12,-87.84,-175.68,-185.44,-195.2,-146.4
-4.88,-29.28,-24.4,19.52,9.76,-29.28,107.36,-97.6,-185.44,-195.2,-204.96,-156.16
0,-29.28,-29.28,14.64,14.64,-29.28,107.36,-97.6,-185.44,-195.2,-204.96,-156.16
4.88,-29.28,-34.16,14.64,19.52,-34.16,107.36,-97.6,-185.44,-195.2,-204.96,-156.16
9.76,-29.28,-39.04,9.76,24.4,-34.16,107.36,-97.6,-185.44,-195.2,-204.96,-156.16
0,-39.04,-39.04,19.52,19.52,-39.04,107.36,-97.6,-195.2,-195.2,-204.96,-156.16
0,-39.04,-39.04,19.52,19.52,-39.04,107.36,-97.6,-195.2,-195.2,-204.96,-156.16
0,-39.04,-39.04,19.52,19.52,-39.04,107.36,-97.6,-195.2,-195.2,-204.96,-156.16
0,-39.04,-39.04,19.52,19.52,-39.04,107.36,-97.6,-195.2,-195.2,-204.96,-156.16
-4.88,-39.04,-34.16,24.4,14.64,-39.04,117.12,-87.84,-195.2,-185.44,-204.96,-146.4
-9.76,-39.04,-29.28,24.4,9.76,-34.16,117.12,-87.84,-195.2,-185.44,-204.96,-146.4
-14.64,-39.04,-24.4,29.28,4.88,-34.16,117.12,-87.84,-195.2,-185.44,-204.96,-146.4
-19.52,-39.04,-19.52,29.28,0,-29.28,117.12,-87.84,-195.2,-185.44,-204.96,-146.4
-9.76,-29.28,-19.52,19.52,4.88,-24.4,117.12,-97.6,-204.96,-195.2,-214.72,-156.16
-9.76,-29.28,-19.52,19.52,4.88,-24.4,117.12,-97.6,-204.96,-195.2,-214.72,-156.16
-9.76,-29.28,-19.52,19.52,4.88,-24.4,117.12,-97.6,-204.96,-195.2,-214.72,-156.16
-9.76,-29.28,-19.52,19.52,4.88,-24.4,117.12,-97.6,-204.96,-195.2,-214.72,-156.16
-9.76,-39.04,-29.28,24.4,9.76,-34.16,117.12,-87.84,-204.96,-195.2,-204.96,-156.16
-9.76,-39.04,-29.28,24.4,9.76,-34.16,117.12,-87.84,-204.96,-195.2,-204.96,-156.16
-9.76,-39.04,-29.28,24.4,9.76,-34.16,117.12,-87.84,-204.96,-195.2,-204.96,-156.16
-9.76,-39.04,-29.28,24.4,9.76,-34.16,117.12,-87.84,-204.96,-195.2,-204.96,-156.16
0,-29.28,-29.28,14.64,14.64,-29.28,107.36,-87.84,-209.84,-195.2,-214.72,-156.16
0,-29.28,-29.28,14.64,14.64,-29.28,107.36,-87.84,-214.72,-195.2,-214.72,-156.16
0,-29.28,-29.28,14.64,14.64,-29.28,107.36,-87.84,-219.6,-195.2,-214.72,-156.16
0,-29.28,-29.28,14.64,14.64,-29.28,107.36,-87.84,-224.48,-195.2,-214.72,-156.16
-9.76,-29.28,-19.52,19.52,4.88,-24.4,117.12,-87.84,-224.48,-195.2,-204.96,-146.4
-9.76,-29.28,-19.52,19.52,4.88,-24.4,117.12,-87.84,-224.48,-195.2,-204.96,-146.4
-9.76,-29.28,-19.52,19.52,4.88,-24.4,117.12,-87.84,-224.48,-195.2,-204.96,-146.4
-9.76,-29.28,-19.52,19.52,4.88,-24.4,117.12,-87.84,-224.48,-195.2,-204.96,-146.4
0,-29.28,-29.28,14.64,14.64,-29.28,117.12,-78.08,-234.24,-195.2,-204.96,-156.16
0,-29.28,-29.28,14.64,14.64,-29.28,117.12,-78.08,-234.24,-195.2,-204.96,-156.16
0,-29.28,-29.28,14.64,14.64,-29.28,117.12,-78.08,-234.24,-195.2,-204.96,-156.16
0,-29.28,-29.28,14.64,14.64,-29.28,117.12,-78.08,-234.24,-195.2,-204.96,-156.16
0,-29.28,-29.28,14.64,14.64,-29.28,117.12,-87.84,-234.24,-195.2,-204.96,-146.4
0,-29.28,-29.28,14.64,14.64,-29.28,117.12,-87.84,-234.24,-195.2,-204.96,-146.4
0,-29.28,-29.28,14.64,14.64,-29.28,117.12,-87.84,-234.24,-195.2,-204.96,-146.4
0,-29.28,-29.28,14.64,14.64,-29.28,117.12,-87.84,-234.24,-195.2,-204.96,-146.4
0,-19.52,-19.52,9.76,9.76,-19.52,117.12,-87.84,-244,-195.2,-204.96,-146.4
0,-19.52,-19.52,9.76,9.76,-19.52,117.12,-87.84,-244,-195.2,-204.96,-146.4
0,-19.52,-19.52,9.76,9.76,-19.52,117.12,-87.84,-244,-195.2,-204.96,-146.4
0,-19.52,-19.52,9.76,9.76,-19.52,117.12,-87.84,-244,-195.2,-204.96,-146.4
0,-19.52,-19.52,9.76,9.76,-19.52,117.12,-87.84,-253.76,-195.2,-204.96,-146.4
0,-19.52,-19.52,9.76,9.76,-19.52,117.12,-87.84,-253.76,-195.2,-204.96,-146.4
0,-19.52,-19.52,9.76,9.76,-19.52,117.12,-87.84,-253.76,-195.2,-204.96,-146.4
0,-19.52,-19.52,9.76,9.76,-19.52,117.12,-87.84,-253.76,-195.2,-204.96,-146.4
9.76,-29.28,-39.04,9.76,24.4,-34.16,117.12,-87.84,-253.76,-195.2,-214.72,-146.4
9.76,-29.28,-39.04,9.76,24.4,-34.16,117.12,-87.84,-253.76,-195.2,-214.72,-146.4
9.76,-29.28,-39.04,9.76,24.4,-34.16,117.12,-87.84,-253.76,-195.2,-214.72,-146.4
9.76,-29.28,-39.04,9.76,24.4,-34.16,117.12,-87.84,-253.76,-195.2,-214.72,-146.4
0,-19.52,-19.52,9.76,9.76,-19.52,117.12,-87.84,-263.52,-195.2,-214.72,-146.4
0,-19.52,-19.52,9.76,9.76,-19.52,117.12,-87.84,-263.52,-195.2,-214.72,-146.4
0,-19.52,-19.52,9.76,9.76,-19.52,117.12,-87.84,-263.52,-195.2,-214.72,-146.4
0,-19.52,-19.52,9.76,9.76,-19.52,117.12,-87.84,-263.52,-195.2,-214.72,-146.4
0,-19.52,-19.52,9.76,9.76,-19.52,126.88,-78.08,-263.52,-195.2,-204.96,-146.4
0,-19.52,-19.52,9.76,9.76,-19.52,126.88,-78.08,-263.52,-195.2,-204.96,-146.4
0,-19.52,-19.52,9.76,9.76,-19.52,126.88,-78.08,-263.52,-195.2,-204.96,-146.4
0,-19.52,-19.52,9.76,9.76,-19.52,126.88,-78.08,-263.52,-195.2,-204.96,-146.4
0,-29.28,-29.28,14.64,14.64,-29.28,117.12,-78.08,-273.28,-195.2,-214.72,-146.4
0,-29.28,-29.28,14.64,14.64,-29.28,117.12,-78.08,-273.28,-195.2,-214.72,-146.4
0,-29.28,-29.28,14.64,14.64,-29.28,117.12,-78.08,-273.28,-195.2,-214.72,-146.4
0,-29.28,-29.28,14.64,14.64,-29.28,117.12,-78.08,-273.28,-195.2,-214.72,-146.4
9.76,-19.52,-29.28,4.88,19.52,-24.4,117.12,-78.08,-273.28,-204.96,-214.72,-146.4
9.76,-19.52,-29.28,4.88,19.52,-24.4,117.12,-78.08,-273.28,-204.96,-214.72,-146.4
9.76,-19.52,-29.28,4.88,19.52,-24.4,117.12,-78.08,-273.28,-204.96,-214.72,-146.4
9.76,-19.52,-29.28,4.88,19.52,-24.4,117.12,-78.08,-273.28,-204.96,-214.72,-146.4
0,-29.28,-29.28,14.64,14.64,-29.28,126.88,-78.08,-283.04,-195.2,-204.96,-146.4
0,-29.28,-29.28,14.64,14.64,-29.28,126.88,-78.08,-283.04,-195.2,-204.96,-146.4
0,-29.28,-29.28,14.64,14.64,-29.28,126.88,-78.08,-283.04,-195.2,-204.96,-146.4
0,-29.28,-29.28,14.64,14.64,-29.28,126.88,-78.08,-283.04,-195.2,-204.96,-146.4
-9.76,-19.52,-9.76,14.64,0,-14.64,117.12,-78.08,-292.8,-195.2,-204.96,-146.4
-9.76,-19.52,-9.76,14.64,0,-14.64,117.12,-78.08,-292.8,-195.2,-204.96,-146.4
-9.76,-19.52,-9.76,14.64,0,-14.64,117.12,-78.08,-292.8,-195.2,-204.96,-146.4
-9.76,-19.52,-9.76,14.64,0,-14.64,117.12,-78.08,-292.8,-195.2,-204.96,-146.4
0,-19.52,-19.52,9.76,9.76,-19.52,126.88,-78.08,-292.8,-195.2,-204.96,-146.4
0,-19.52,-19.52,9.76,9.76,-19.52,126.88,-78.08,-292.8,-195.2,-204.96,-146.4
0,-19.52,-19.52,9.76,9.76,-19.52,126.88,-78.08,-292.8,-195.2,-204.96,-146.4
0,-19.52,-19.52,9.76,9.76,-19.52,126.88,-78.08,-292.8,-195.2,-204.96,-146.4
9.76,-19.52,-29.28,4.88,19.52,-24.4,126.88,-78.08,-292.8,-195.2,-204.96,-146.4
9.76,-19.52,-29.28,4.88,19.52,-24.4,126.88,-78.08,-292.8,-195.2,-204.96,-146.4
9.76,-19.52,-29.28,4.88,19.52,-24.4,126.88,-78.08,-292.8,-195.2,-204.96,-146.4
9.76,-19.52,-29.28,4.88,19.52,-24.4,126.88,-78.08,-292.8,-195.2,-204.96,-146.4
0,-9.76,-9.76,4.88,4.88,-9.76,126.88,-78.08,-302.56,-195.2,-204.96,-146.4
0,-9.76,-9.76,4.88,4.88,-9.76,126.88,-78.08,-302.56,-195.2,-204.96,-146.4
0,-9.76,-9.76,4.88,4.88,-9.76,126.88,-78.08,-302.56,-195.2,-204.96,-146.4
0,-9.76,-9.76,4.88,4.88,-9.76,126.88,-78.08,-302.56,-195.2,-204.96,-146.4
9.76,-9.76,-19.52,0,14.64,-14.64,117.12,-78.08,-302.56,-204.96,-214.72,-156.16
9.76,-9.76,-19.52,0,14.64,-14.64,117.12,-78.08,-302.56,-204.96,-214.72,-156.16
9.76,-9.76,-19.52,0,14.64,-14.64,117.12,-78.08,-302.56,-204.96,-214.72,-156.16
9.76,-9.76,-19.52,0,14.64,-14.64,117.12,-78.08,-302.56,-204.96,-214.72,-156.16
9.76,-19.52,-29.28,4.88,19.52,-24.4,126.88,-68.32,-302.56,-195.2,-214.72,-156.16
9.76,-19.52,-29.28,4.88,19.52,-24.4,126.88,-68.32,-302.56,-195.2,-214.72,-156.16
9.76,-19.52,-29.28,4.88,19.52,-24.4,126.88,-68.32,-302.56,-195.2,-214.72,-156.16
9.76,-19.52,-29.28,4.88,19.52,-24.4,126.88,-68.32,-302.56,-195.2,-214.72,-156.16
0,-19.52,-19.52,9.76,9.76,-19.52,136.64,-78.08,-302.56,-204.96,-204.96,-146.4
0,-19.52,-19.52,9.76,9.76,-19.52,136.64,-78.08,-302.56,-204.96,-204.96,-146.4
0,-19.52,-19.52,9.76,9.76,-19.52,136.64,-78.08,-302.56,-204.96,-204.96,-146.4
0,-19.52,-19.52,9.76,9.76,-19.52,136.64,-78.08,-302.56,-204.96,-204.96,-146.4
9.76,-19.52,-29.28,4.88,19.52,-24.4,126.88,-68.32,-312.32,-204.96,-214.72,-146.4
9.76,-19.52,-29.28,4.88,19.52,-24.4,126.88,-68.32,-312.32,-204.96,-214.72,-146.4
9.76,-19.52,-29.28,4.88,19.52,-24.4,126.88,-68.32,-312.32,-204.96,-214.72,-146.4
9.76,-19.52,-29.28,4.88,19.52,-24.4,126.88,-68.32,-312.32,-204.96,-214.72,-146.4
9.76,-19.52,-29.28,4.88,19.52,-24.4,126.88,-68.32,-302.56,-204.96,-204.96,-146.4
9.76,-19.52,-29.28,4.88,19.52,-24.4,126.88,-68.32,-302.56,-204.96,-204.96,-146.4
9.76,-19.52,-29.28,4.88,19.52,-24.4,126.88,-68.32,-302.56,-204.96,-204.96,-146.4
9.76,-19.52,-29.28,4.88,19.52,-24.4,126.88,-68.32,-302.56,-204.96,-204.96,-146.4
19.52,-9.76,-29.28,-4.88,24.4,-19.52,126.88,-68.32,-312.32,-204.96,-204.96,-156.16
19.52,-9.76,-29.28,-4.88,24.4,-19.52,126.88,-68.32,-312.32,-204.96,-204.96,-156.16
19.52,-9.76,-29.28,-4.88,24.4,-19.52,126.88,-68.32,-312.32,-204.96,-204.96,-156.16
19.52,-9.76,-29.28,-4.88,24.4,-19.52,126.88,-68.32,-312.32,-204.96,-204.96,-156.16
14.64,-19.52,-34.16,4.88,24.4,-29.28,136.64,-58.56,-312.32,-195.2,-204.96,-146.4
9.76,-19.52,-29.28,4.88,19.52,-24.4,136.64,-58.56,-312.32,-195.2,-204.96,-146.4
4.88,-19.52,-24.4,9.76,14.64,-24.4,136.64,-58.56,-312.32,-195.2,-204.96,-146.4
0,-19.52,-19.52,9.76,9.76,-19.52,136.64,-58.56,-312.32,-195.2,-204.96,-146.4
9.76,-9.76,-19.52,0,14.64,-14.64,136.64,-68.32,-312.32,-195.2,-195.2,-146.4
9.76,-9.76,-19.52,0,14.64,-14.64,136.64,-68.32,-312.32,-195.2,-195.2,-146.4
9.76,-9.76,-19.52,0,14.64,-14.64,136.64,-68.32,-312.32,-195.2,-195.2,-146.4
9.76,-9.76,-19.52,0,14.64,-14.64,136.64,-68.32,-312.32,-195.2,-195.2,-146.4
9.76,0,-9.76,-4.88,9.76,-4.88,126.88,-68.32,-322.08,-204.96,-204.96,-146.4
9.76,0,-9.76,-4.88,9.76,-4.88,126.88,-68.32,-322.08,-204.96,-204.96,-146.4
9.76,0,-9.76,-4.88,9.76,-4.88,126.88,-68.32,-322.08,-204.96,-204.96,-146.4
9.76,0,-9.76,-4.88,9.76,-4.88,126.88,-68.32,-322.08,-204.96,-204.96,-146.4
9.76,-9.76,-19.52,0,14.64,-14.64,126.88,-58.56,-322.08,-195.2,-204.96,-146.4
9.76,-9.76,-19.52,0,14.64,-14.64,126.88,-58.56,-322.08,-195.2,-204.96,-146.4
9.76,-9.76,-19.52,0,14.64,-14.64,126.88,-58.56,-322.08,-195.2,-204.96,-146.4
9.76,-9.76,-19.52,0,14.64,-14.64,126.88,-58.56,-322.08,-195.2,-204.96,-146.4
0,-9.76,-9.76,4.88,4.88,-9.76,117.12,-58.56,-322.08,-195.2,-195.2,-156.16
0,-9.76,-9.76,4.88,4.88,-9.76,117.12,-58.56,-322.08,-195.2,-195.2,-156.16
0,-9.76,-9.76,4.88,4.88,-9.76,117.12,-58.56,-322.08,-195.2,-195.2,-156.16
0,-9.76,-9.76,4.88,4.88,-9.76,117.12,-58.56,-322.08,-195.2,-195.2,-156.16
4.88,-9.76,-14.64,4.88,9.76,-14.64,126.88,-48.8,-322.08,-204.96,-204.96,-156.16
9.76,-9.76,-19.52,0,14.64,-14.64,126.88,-48.8,-322.08,-204.96,-204.96,-156.16
14.64,-9.76,-24.4,0,19.52,-19.52,126.88,-48.8,-322.08,-204.96,-204.96,-156.16
19.52,-9.76,-29.28,-4.88,24.4,-19.52,126.88,-48.8,-322.08,-204.96,-204.96,-156.16
14.64,-19.52,-34.16,4.88,24.4,-29.28,126.88,-39.04,-322.08,-195.2,-195.2,-151.28
9.76,-19.52,-29.28,4.88,19.52,-24.4,126.88,-39.04,-322.08,-195.2,-195.2,-146.4
4.88,-19.52,-24.4,9.76,14.64,-24.4,126.88,-39.04,-322.08,-195.2,-195.2,-141.52
0,-19.52,-19.52,9.76,9.76,-19.52,126.88,-39.04,-322.08,-195.2,-195.2,-136.64
0,-9.76,-9.76,4.88,4.88,-9.76,126.88,-48.8,-322.08,-195.2,-195.2,-136.64
0,-9.76,-9.76,4.88,4.88,-9.76,126.88,-48.8,-322.08,-195.2,-195.2,-136.64
0,-9.76,-9.76,4.88,4.88,-9.76,126.88,-48.8,-322.08,-195.2,-195.2,-136.64
0,-9.76,-9.76,4.88,4.88,-9.76,126.88,-48.8,-322.08,-195.2,-195.2,-136.64
9.76,0,-9.76,-4.88,9.76,-4.88,126.88,-48.8,-322.08,-195.2,-195.2,-146.4
9.76,0,-9.76,-4.88,9.76,-4.88,126.88,-48.8,-322.08,-195.2,-195.2,-146.4
9.76,0,-9.76,-4.88,9.76,-4.88,126.88,-48.8,-322.08,-195.2,-195.2,-146.4
9.76,0,-9.76,-4.88,9.76,-4.88,126.88,-48.8,-322.08,-195.2,-195.2,-146.4
9.76,-9.76,-19.52,0,14.64,-14.64,126.88,-39.04,-322.08,-195.2,-204.96,-146.4
9.76,-9.76,-19.52,0,14.64,-14.64,126.88,-39.04,-322.08,-195.2,-204.96,-146.4
9.76,-9.76,-19.52,0,14.64,-14.64,126.88,-39.04,-322.08,-195.2,-204.96,-146.4
9.76,-9.76,-19.52,0,14.64,-14.64,126.88,-39.04,-322.08,-195.2,-204.96,-146.4
0,-9.76,-9.76,4.88,4.88,-9.76,126.88,-29.28,-312.32,-195.2,-195.2,-146.4
0,-9.76,-9.76,4.88,4.88,-9.76,126.88,-29.28,-312.32,-195.2,-195.2,-146.4
0,-9.76,-9.76,4.88,4.88,-9.76,126.88,-29.28,-312.32,-195.2,-195.2,-146.4
0,-9.76,-9.76,4.88,4.88,-9.76,126.88,-29.28,-312.32,-195.2,-195.2,-146.4
0,-9.76,-9.76,4.88,4.88,-9.76,126.88,-29.28,-322.08,-185.44,-185.44,-146.4
0,-9.76,-9.76,4.88,4.88,-9.76,126.88,-29.28,-322.08,-185.44,-185.44,-146.4
0,-9.76,-9.76,4.88,4.88,-9.76,126.88,-29.28,-322.08,-185.44,-185.44,-146.4
0,-9.76,-9.76,4.88,4.88,-9.76,126.88,-29.28,-322.08,-185.44,-185.44,-146.4
9.76,-9.76,-19.52,0,14.64,-14.64,126.88,-29.28,-312.32,-195.2,-195.2,-146.4
9.76,-9.76,-19.52,0,14.64,-14.64,126.88,-29.28,-312.32,-195.2,-195.2,-146.4
9.76,-9.76,-19.52,0,14.64,-14.64,126.88,-29.28,-312.32,-195.2,-195.2,-146.4
9.76,-9.76,-19.52,0,14.64,-14.64,126.88,-29.28,-312.32,-195.2,-195.2,-146.4
9.76,-9.76,-19.52,0,14.64,-14.64,117.12,-29.28,-312.32,-195.2,-195.2,-146.4
9.76,-9.76,-19.52,0,14.64,-14.64,117.12,-29.28,-312.32,-195.2,-195.2,-146.4
9.76,-9.76,-19.52,0,14.64,-14.64,117.12,-29.28,-312.32,-195.2,-195.2,-146.4
9.76,-9.76,-19.52,0,14.64,-14.64,117.12,-29.28,-312.32,-195.2,-195.2,-146.4
14.64,0,-14.64,-4.88,14.64,-9.76,117.12,-29.28,-312.32,-185.44,-195.2,-146.4
19.52,0,-19.52,-9.76,19.52,-9.76,117.12,-29.28,-312.32,-185.44,-195.2,-146.4
24.4,0,-24.4,-9.76,24.4,-14.64,117.12,-29.28,-312.32,-185.44,-195.2,-146.4
29.28,0,-29.28,-14.64,29.28,-14.64,117.12,-29.28,-312.32,-185.44,-195.2,-146.4
19.52,9.76,-9.76,-14.64,14.64,0,126.88,-24.4,-307.44,-195.2,-195.2,-146.4
19.52,9.76,-9.76,-14.64,14.64,0,126.88,-19.52,-302.56,-195.2,-195.2,-146.4
19.52,9.76,-9.76,-14.64,14.64,0,126.88,-14.64,-297.68,-195.2,-195.2,-146.4
19.52,9.76,-9.76,-14.64,14.64,0,126.88,-9.76,-292.8,-195.2,-195.2,-146.4
4.88,4.88,0,-4.88,0,0,136.64,0,-283.04,-190.32,-185.44,-136.64
0,0,0,0,0,0,136.64,0,-283.04,-185.44,-185.44,-136.64
-4.88,-4.88,0,4.88,-4.88,-4.88,136.64,0,-283.04,-180.56,-185.44,-136.64
-4.88,-9.76,-4.88,9.76,0,-9.76,136.64,0,-278.16,-175.68,-185.44,-136.64
-4.88,-19.52,-14.64,14.64,4.88,-19.52,131.76,-14.64,-287.92,-185.44,-185.44,-151.28
-4.88,-24.4,-19.52,14.64,4.88,-24.4,126.88,-14.64,-287.92,-185.44,-185.44,-151.28
-4.88,-24.4,-19.52,14.64,4.88,-24.4,122,-14.64,-287.92,-185.44,-185.44,-151.28
-9.76,-24.4,-14.64,19.52,0,-19.52,117.12,-14.64,-287.92,-185.44,-185.44,-151.28
4.88,-19.52,-24.4,9.76,14.64,-24.4,126.88,0,-287.92,-185.44,-185.44,-141.52
14.64,-9.76,-24.4,0,19.52,-19.52,126.88,0,-283.04,-185.44,-185.44,-136.64
19.52,-4.88,-24.4,-4.88,19.52,-14.64,126.88,0,-273.28,-180.56,-185.44,-136.64
24.4,-4.88,-29.28,-9.76,24.4,-19.52,126.88,0,-268.4,-180.56,-185.44,-136.64
14.64,-4.88,-19.52,-4.88,14.64,-14.64,126.88,4.88,-258.64,-170.8,-175.68,-126.88
24.4,0,-24.4,-9.76,24.4,-14.64,126.88,19.52,-253.76,-170.8,-175.68,-126.88
24.4,0,-24.4,-9.76,24.4,-14.64,126.88,24.4,-248.88,-170.8,-170.8,-126.88
24.4,4.88,-19.52,-14.64,19.52,-9.76,136.64,34.16,-244,-165.92,-170.8,-126.88
34.16,24.4,-9.76,-29.28,19.52,4.88,151.28,24.4,-229.36,-156.16,-165.92,-122
43.92,29.28,-14.64,-34.16,29.28,4.88,161.04,34.16,-229.36,-146.4,-165.92,-117.12
34.16,34.16,0,-34.16,14.64,14.64,165.92,39.04,-219.6,-146.4,-156.16,-117.12
24.4,48.8,24.4,-34.16,0,34.16,175.68,48.8,-214.72,-136.64,-151.28,-107.36
14.64,48.8,34.16,-29.28,-9.76,39.04,190.32,63.44,-200.08,-126.88,-146.4,-107.36
19.52,58.56,39.04,-39.04,-9.76,48.8,200.08,73.2,-190.32,-126.88,-141.52,-107.36
19.52,63.44,43.92,-39.04,-14.64,53.68,209.84,78.08,-180.56,-122,-141.52,-97.6
14.64,68.32,53.68,-39.04,-19.52,58.56,214.72,92.72,-170.8,-117.12,-136.64,-97.6
24.4,73.2,48.8,-48.8,-14.64,58.56,204.96,82.96,-161.04,-126.88,-136.64,-102.48
24.4,73.2,48.8,-48.8,-14.64,58.56,209.84,82.96,-161.04,-126.88,-136.64,-102.48
24.4,68.32,43.92,-43.92,-9.76,53.68,214.72,92.72,-156.16,-122,-131.76,-102.48
19.52,68.32,48.8,-43.92,-14.64,58.56,219.6,92.72,-156.16,-122,-131.76,-102.48
19.52,78.08,58.56,-48.8,-19.52,68.32,219.6,102.48,-151.28,-112.24,-131.76,-92.72
29.28,82.96,53.68,-53.68,-14.64,68.32,219.6,102.48,-141.52,-112.24,-131.76,-92.72
34.16,82.96,48.8,-58.56,-9.76,63.44,219.6,107.36,-136.64,-112.24,-126.88,-92.72
34.16,82.96,48.8,-58.56,-9.76,63.44,219.6,107.36,-131.76,-112.24,-126.88,-87.84
24.4,82.96,58.56,-53.68,-19.52,68.32,209.84,102.48,-136.64,-112.24,-117.12,-87.84
29.28,82.96,53.68,-53.68,-14.64,68.32,204.96,102.48,-136.64,-112.24,-117.12,-87.84
29.28,87.84,58.56,-58.56,-14.64,73.2,195.2,87.84,-136.64,-112.24,-117.12,-82.96
34.16,92.72,58.56,-63.44,-14.64,73.2,175.68,82.96,-141.52,-112.24,-117.12,-82.96
43.92,87.84,43.92,-63.44,0,63.44,165.92,68.32,-131.76,-117.12,-122,-87.84
48.8,87.84,39.04,-68.32,4.88,63.44,151.28,68.32,-136.64,-122,-126.88,-92.72
58.56,87.84,29.28,-73.2,14.64,58.56,126.88,73.2,-136.64,-126.88,-131.76,-97.6
73.2,78.08,4.88,-73.2,34.16,39.04,117.12,73.2,-136.64,-131.76,-136.64,-102.48
58.56,73.2,14.64,-63.44,19.52,43.92,126.88,68.32,-136.64,-131.76,-126.88,-97.6
53.68,68.32,14.64,-58.56,19.52,39.04,126.88,73.2,-131.76,-131.76,-136.64,-92.72
48.8,63.44,14.64,-53.68,14.64,39.04,131.76,82.96,-126.88,-126.88,-136.64,-87.84
48.8,58.56,9.76,-53.68,19.52,34.16,136.64,87.84,-126.88,-122,-136.64,-82.96
58.56,43.92,-14.64,-48.8,34.16,14.64,126.88,87.84,-117.12,-126.88,-141.52,-87.84
58.56,43.92,-14.64,-48.8,34.16,14.64,122,82.96,-122,-131.76,-141.52,-92.72
58.56,39.04,-19.52,-48.8,39.04,9.76,117.12,78.08,-131.76,-131.76,-141.52,-92.72
58.56,34.16,-24.4,-43.92,39.04,4.88,117.12,68.32,-136.64,-136.64,-141.52,-92.72
63.44,39.04,-24.4,-48.8,43.92,4.88,97.6,63.44,-136.64,-146.4,-146.4,-92.72
68.32,43.92,-24.4,-53.68,43.92,9.76,97.6,58.56,-131.76,-146.4,-146.4,-92.72
78.08,48.8,-29.28,-63.44,53.68,9.76,97.6,53.68,-131.76,-146.4,-141.52,-92.72
82.96,34.16,-48.8,-58.56,63.44,-9.76,92.72,48.8,-136.64,-146.4,-141.52,-92.72
82.96,24.4,-58.56,-53.68,68.32,-19.52,78.08,43.92,-146.4,-146.4,-141.52,-92.72
73.2,24.4,-48.8,-48.8,58.56,-14.64,73.2,43.92,-141.52,-151.28,-146.4,-97.6
53.68,19.52,-34.16,-34.16,43.92,-9.76,73.2,43.92,-141.52,-151.28,-146.4,-97.6
43.92,19.52,-24.4,-29.28,34.16,-4.88,68.32,43.92,-136.64,-156.16,-146.4,-97.6
34.16,9.76,-24.4,-19.52,29.28,-9.76,78.08,53.68,-131.76,-146.4,-136.64,-97.6
29.28,9.76,-19.52,-19.52,24.4,-4.88,82.96,53.68,-126.88,-146.4,-146.4,-97.6
19.52,0,-19.52,-9.76,19.52,-9.76,82.96,53.68,-117.12,-146.4,-151.28,-102.48
9.76,0,-9.76,-4.88,9.76,-4.88,82.96,53.68,-112.24,-156.16,-151.28,-107.36
4.88,4.88,0,-4.88,0,0,78.08,53.68,-117.12,-165.92,-165.92,-117.12
4.88,0,-4.88,0,4.88,-4.88,78.08,48.8,-117.12,-170.8,-170.8,-122
4.88,-4.88,-9.76,0,4.88,-9.76,73.2,39.04,-122,-170.8,-170.8,-122
9.76,-4.88,-14.64,0,9.76,-9.76,73.2,39.04,-122,-170.8,-175.68,-122
19.52,-24.4,-43.92,4.88,29.28,-34.16,63.44,34.16,-112.24,-170.8,-180.56,-122
19.52,-29.28,-48.8,4.88,34.16,-39.04,58.56,34.16,-122,-180.56,-180.56,-122
19.52,-29.28,-48.8,4.88,34.16,-39.04,58.56,29.28,-122,-180.56,-180.56,-122
19.52,-29.28,-48.8,4.88,34.16,-39.04,53.68,29.28,-122,-185.44,-185.44,-122
14.64,-29.28,-43.92,9.76,29.28,-39.04,63.44,24.4,-107.36,-180.56,-180.56,-112.24
19.52,-29.28,-48.8,4.88,34.16,-39.04,63.44,24.4,-112.24,-180.56,-175.68,-112.24
24.4,-29.28,-53.68,4.88,39.04,-43.92,63.44,29.28,-97.6,-180.56,-170.8,-107.36
4.88,-24.4,-29.28,9.76,14.64,-29.28,63.44,39.04,-92.72,-180.56,-165.92,-102.48
-4.88,-24.4,-19.52,14.64,4.88,-24.4,63.44,48.8,-82.96,-165.92,-170.8,-102.48
4.88,-4.88,-9.76,0,4.88,-9.76,73.2,58.56,-73.2,-156.16,-156.16,-97.6
24.4,0,-24.4,-9.76,24.4,-14.64,73.2,73.2,-63.44,-141.52,-151.28,-87.84
14.64,0,-14.64,-4.88,14.64,-9.76,78.08,82.96,-53.68,-136.64,-146.4,-97.6
4.88,-4.88,-9.76,0,4.88,-9.76,92.72,97.6,-43.92,-136.64,-141.52,-92.72
9.76,4.88,-4.88,-4.88,4.88,0,107.36,117.12,-14.64,-122,-126.88,-82.96
-4.88,9.76,14.64,0,-9.76,9.76,117.12,131.76,0,-102.48,-122,-82.96
-14.64,14.64,29.28,0,-24.4,19.52,126.88,151.28,14.64,-92.72,-117.12,-87.84
-14.64,29.28,43.92,-4.88,-29.28,34.16,136.64,161.04,39.04,-82.96,-112.24,-73.2
-9.76,39.04,48.8,-14.64,-29.28,43.92,146.4,175.68,58.56,-68.32,-112.24,-68.32
-24.4,43.92,68.32,-9.76,-48.8,53.68,146.4,200.08,92.72,-53.68,-107.36,-68.32
-19.52,58.56,78.08,-19.52,-48.8,68.32,156.16,219.6,102.48,-43.92,-102.48,-68.32
-14.64,78.08,92.72,-29.28,-53.68,82.96,161.04,239.12,117.12,-34.16,-92.72,-68.32
-19.52,82.96,102.48,-29.28,-63.44,92.72,170.8,253.76,136.64,-29.28,-78.08,-58.56
-29.28,87.84,117.12,-29.28,-73.2,102.48,175.68,268.4,151.28,-14.64,-63.44,-53.68
-24.4,97.6,122,-34.16,-73.2,107.36,200.08,287.92,175.68,9.76,-43.92,-53.68
-39.04,92.72,131.76,-24.4,-87.84,112.24,219.6,312.32,204.96,24.4,-39.04,-43.92
-48.8,102.48,151.28,-24.4,-102.48,126.88,239.12,336.72,224.48,34.16,-29.28,-43.92
-29.28,107.36,136.64,-39.04,-82.96,122,248.88,366,229.36,48.8,-34.16,-43.92
-9.76,112.24,122,-48.8,-68.32,117.12,253.76,405.04,253.76,53.68,-34.16,-53.68
0,117.12,117.12,-58.56,-58.56,117.12,283.04,483.12,302.56,78.08,-29.28,-53.68
4.88,141.52,136.64,-73.2,-68.32,136.64,322.08,595.36,390.4,141.52,4.88,-43.92
4.88,180.56,175.68,-92.72,-87.84,175.68,390.4,732,512.4,224.48,48.8,-34.16
-4.88,209.84,214.72,-102.48,-112.24,209.84,458.72,902.8,639.28,302.56,92.72,-19.52
24.4,234.24,209.84,-126.88,-92.72,219.6,531.92,1078.48,780.8,419.68,146.4,0
73.2,268.4,195.2,-170.8,-63.44,229.36,600.24,1244.4,941.84,556.32,234.24,48.8
97.6,297.68,200.08,-195.2,-53.68,248.88,658.8,1376.16,1088.24,702.72,331.84,92.72
87.84,322.08,234.24,-204.96,-73.2,278.16,707.6,1488.4,1234.64,829.6,409.92,136.64
102.48,366,263.52,-234.24,-82.96,312.32,766.16,1561.6,1400.56,1000.4,531.92,204.96
126.88,434.32,307.44,-278.16,-92.72,370.88,819.84,1634.8,1595.76,1224.88,683.2,302.56
156.16,517.28,361.12,-336.72,-102.48,439.2,854,1698.24,1795.84,1468.88,878.4,419.68
214.72,605.12,390.4,-409.92,-87.84,497.76,844.24,1737.28,2015.44,1722.64,1063.84,546.56
312.32,707.6,395.28,-507.52,-43.92,551.44,766.16,1737.28,2220.4,1991.04,1278.56,683.2
380.64,824.72,444.08,-600.24,-34.16,634.4,639.28,1600.64,2410.72,2274.08,1503.04,839.36
463.6,932.08,468.48,-697.84,-4.88,697.84,458.72,1337.12,2518.08,2508.32,1703.12,980.88
566.08,1010.16,444.08,-785.68,58.56,727.12,268.4,1083.36,2532.72,2664.48,1849.52,1088.24
580.72,1054.08,473.36,-814.96,53.68,761.28,131.76,819.84,2464.4,2742.56,1956.88,1185.84
507.52,1034.56,527.04,-771.04,-9.76,780.8,48.8,575.84,2342.4,2688.88,1971.52,1224.88
458.72,966.24,507.52,-712.48,-24.4,736.88,-24.4,453.84,2191.12,2503.44,1859.28,1185.84
419.68,854,434.32,-634.4,-9.76,644.16,-126.88,346.48,1991.04,2210.64,1644.56,1054.08
356.24,751.52,395.28,-551.44,-19.52,570.96,-239.12,175.68,1742.16,1888.56,1400.56,917.44
287.92,668.56,380.64,-478.24,-48.8,522.16,-341.6,-4.88,1493.28,1600.64,1195.6,795.44
180.56,619.76,439.2,-400.16,-131.76,527.04,-439.2,-156.16,1283.44,1342,1010.16,697.84
48.8,536.8,488,-292.8,-219.6,512.4,-507.52,-283.04,1024.8,1034.56,790.56,556.32
-68.32,439.2,507.52,-185.44,-287.92,473.36,-497.76,-380.64,736.88,668.56,531.92,375.76
-126.88,322.08,448.96,-97.6,-287.92,385.52,-419.68,-419.68,448.96,326.96,287.92,219.6
-161.04,239.12,400.16,-39.04,-283.04,317.2,-356.24,-434.32,239.12,102.48,141.52,122
-175.68,195.2,370.88,-9.76,-273.28,283.04,-336.72,-405.04,151.28,14.64,68.32,73.2
-165.92,185.44,351.36,-9.76,-258.64,268.4,-317.2,-317.2,165.92,0,39.04,58.56
-146.4,185.44,331.84,-19.52,-239.12,258.64,-302.56,-214.72,204.96,9.76,34.16,53.68
-126.88,185.44,312.32,-29.28,-219.6,248.88,-278.16,-126.88,234.24,24.4,43.92,63.44
-102.48,200.08,302.56,-48.8,-204.96,248.88,-224.48,-63.44,263.52,34.16,48.8,82.96
-82.96,200.08,283.04,-58.56,-185.44,239.12,-161.04,-4.88,283.04,43.92,48.8,87.84
-78.08,170.8,248.88,-43.92,-165.92,209.84,-87.84,53.68,287.92,43.92,39.04,73.2
-63.44,165.92,229.36,-48.8,-146.4,195.2,-24.4,102.48,297.68,34.16,43.92,68.32
-34.16,165.92,200.08,-63.44,-117.12,180.56,29.28,165.92,331.84,48.8,43.92,73.2
-14.64,161.04,175.68,-73.2,-97.6,165.92,73.2,219.6,346.48,48.8,34.16,73.2
-4.88,131.76,136.64,-63.44,-73.2,131.76,92.72,244,351.36,39.04,29.28,63.44
9.76,117.12,107.36,-63.44,-48.8,112.24,112.24,268.4,351.36,29.28,14.64,58.56
14.64,102.48,87.84,-58.56,-39.04,92.72,122,283.04,351.36,24.4,4.88,63.44
4.88,87.84,82.96,-43.92,-39.04,82.96,131.76,287.92,351.36,4.88,-9.76,48.8
4.88,78.08,73.2,-39.04,-34.16,73.2,141.52,292.8,331.84,-14.64,-19.52,39.04
9.76,78.08,68.32,-43.92,-29.28,73.2,146.4,312.32,326.96,-19.52,-29.28,39.04
9.76,58.56,48.8,-34.16,-19.52,53.68,151.28,322.08,317.2,-43.92,-58.56,29.28
9.76,58.56,48.8,-34.16,-19.52,53.68,161.04,326.96,312.32,-58.56,-68.32,9.76
14.64,53.68,39.04,-34.16,-14.64,43.92,165.92,336.72,317.2,-63.44,-78.08,0
24.4,48.8,24.4,-34.16,0,34.16,165.92,351.36,317.2,-63.44,-78.08,0
29.28,48.8,19.52,-39.04,4.88,34.16,170.8,361.12,322.08,-63.44,-78.08,0
29.28,48.8,19.52,-39.04,4.88,34.16,170.8,361.12,331.84,-63.44,-78.08,0
14.64,43.92,29.28,-29.28,-9.76,34.16,170.8,366,331.84,-58.56,-78.08,4.88
14.64,43.92,29.28,-29.28,-9.76,34.16,170.8,361.12,331.84,-63.44,-73.2,9.76
9.76,43.92,34.16,-24.4,-14.64,39.04,175.68,361.12,331.84,-63.44,-68.32,14.64
4.88,43.92,39.04,-24.4,-19.52,39.04,185.44,361.12,326.96,-68.32,-73.2,9.76
14.64,39.04,24.4,-24.4,-4.88,29.28,185.44,380.64,336.72,-58.56,-82.96,9.76
19.52,34.16,14.64,-24.4,0,24.4,195.2,385.52,336.72,-58.56,-82.96,9.76
24.4,24.4,0,-24.4,9.76,9.76,200.08,400.16,336.72,-53.68,-82.96,4.88
34.16,19.52,-14.64,-24.4,24.4,0,200.08,409.92,341.6,-53.68,-82.96,4.88
34.16,24.4,-9.76,-29.28,19.52,4.88,185.44,400.16,351.36,-63.44,-73.2,14.64
34.16,29.28,-4.88,-29.28,19.52,9.76,185.44,400.16,361.12,-53.68,-63.44,14.64
29.28,34.16,4.88,-29.28,9.76,19.52,185.44,400.16,366,-53.68,-63.44,19.52
29.28,39.04,9.76,-34.16,9.76,24.4,185.44,400.16,366,-53.68,-63.44,19.52
48.8,39.04,-9.76,-43.92,29.28,14.64,190.32,414.8,366,-43.92,-63.44,24.4
48.8,43.92,-4.88,-43.92,24.4,19.52,190.32,419.68,366,-43.92,-63.44,24.4
48.8,43.92,-4.88,-43.92,24.4,19.52,195.2,429.44,370.88,-39.04,-58.56,24.4
48.8,43.92,-4.88,-43.92,24.4,19.52,204.96,439.2,370.88,-34.16,-53.68,24.4
39.04,34.16,-4.88,-34.16,19.52,14.64,204.96,448.96,390.4,-29.28,-53.68,29.28
39.04,24.4,-14.64,-29.28,24.4,4.88,204.96,453.84,395.28,-24.4,-53.68,29.28
43.92,34.16,-9.76,-39.04,24.4,9.76,204.96,458.72,400.16,-19.52,-48.8,34.16
43.92,34.16,-9.76,-39.04,24.4,9.76,204.96,463.6,400.16,-19.52,-48.8,34.16
53.68,43.92,-9.76,-48.8,29.28,14.64,204.96,478.24,414.8,-24.4,-48.8,34.16
53.68,43.92,-9.76,-48.8,29.28,14.64,204.96,483.12,419.68,-24.4,-39.04,34.16
63.44,48.8,-14.64,-53.68,39.04,14.64,204.96,488,419.68,-24.4,-39.04,39.04
63.44,53.68,-9.76,-58.56,34.16,19.52,209.84,488,419.68,-19.52,-39.04,43.92
73.2,43.92,-29.28,-58.56,48.8,4.88,209.84,488,429.44,-14.64,-48.8,43.92
73.2,43.92,-29.28,-58.56,48.8,4.88,214.72,497.76,434.32,-4.88,-39.04,43.92
73.2,43.92,-29.28,-58.56,48.8,4.88,214.72,502.64,434.32,-4.88,-39.04,43.92
73.2,43.92,-29.28,-58.56,48.8,4.88,214.72,507.52,439.2,0,-39.04,43.92
68.32,53.68,-14.64,-58.56,39.04,19.52,214.72,527.04,448.96,4.88,-34.16,53.68
63.44,53.68,-9.76,-58.56,34.16,19.52,219.6,536.8,458.72,19.52,-19.52,63.44
58.56,53.68,-4.88,-53.68,29.28,24.4,219.6,541.68,473.36,29.28,-14.64,68.32
53.68,58.56,4.88,-53.68,24.4,29.28,219.6,546.56,478.24,34.16,-9.76,82.96
68.32,53.68,-14.64,-58.56,39.04,19.52,224.48,551.44,488,34.16,4.88,87.84
68.32,53.68,-14.64,-58.56,39.04,19.52,229.36,551.44,497.76,34.16,4.88,87.84
68.32,53.68,-14.64,-58.56,39.04,19.52,229.36,556.32,502.64,39.04,4.88,87.84
73.2,63.44,-9.76,-68.32,39.04,24.4,229.36,570.96,507.52,48.8,9.76,87.84
82.96,63.44,-19.52,-73.2,48.8,19.52,229.36,575.84,517.28,53.68,9.76,87.84
82.96,63.44,-19.52,-73.2,48.8,19.52,229.36,585.6,522.16,53.68,9.76,87.84
92.72,68.32,-24.4,-78.08,58.56,19.52,229.36,595.36,527.04,63.44,14.64,87.84
92.72,68.32,-24.4,-78.08,58.56,19.52,229.36,610,541.68,68.32,14.64,92.72
92.72,78.08,-14.64,-82.96,53.68,29.28,234.24,619.76,546.56,68.32,19.52,92.72
97.6,78.08,-19.52,-87.84,58.56,29.28,234.24,619.76,561.2,73.2,19.52,92.72
102.48,82.96,-19.52,-92.72,58.56,29.28,234.24,629.52,570.96,78.08,19.52,92.72
102.48,82.96,-19.52,-92.72,58.56,29.28,239.12,644.16,580.72,78.08,19.52,97.6
112.24,82.96,-29.28,-97.6,68.32,24.4,229.36,644.16,585.6,82.96,19.52,112.24
117.12,82.96,-34.16,-97.6,73.2,24.4,229.36,653.92,595.36,92.72,24.4,117.12
117.12,87.84,-29.28,-102.48,73.2,29.28,239.12,668.56,600.24,102.48,29.28,117.12
117.12,87.84,-29.28,-102.48,73.2,29.28,239.12,678.32,610,107.36,34.16,117.12
122,87.84,-34.16,-102.48,78.08,24.4,248.88,697.84,614.88,112.24,39.04,126.88
126.88,92.72,-34.16,-107.36,78.08,29.28,248.88,702.72,629.52,117.12,48.8,126.88
126.88,87.84,-39.04,-107.36,82.96,24.4,248.88,712.48,639.28,126.88,53.68,126.88
126.88,82.96,-43.92,-102.48,82.96,19.52,248.88,727.12,658.8,141.52,68.32,136.64
136.64,97.6,-39.04,-117.12,87.84,29.28,239.12,741.76,663.68,151.28,73.2,141.52
141.52,97.6,-43.92,-117.12,92.72,24.4,239.12,761.28,668.56,161.04,73.2,146.4
141.52,107.36,-34.16,-122,87.84,34.16,248.88,775.92,678.32,161.04,78.08,146.4
151.28,112.24,-39.04,-131.76,92.72,34.16,248.88,790.56,688.08,170.8,87.84,146.4
156.16,117.12,-39.04,-136.64,97.6,39.04,248.88,810.08,697.84,190.32,102.48,161.04
156.16,117.12,-39.04,-136.64,97.6,39.04,253.76,824.72,717.36,200.08,107.36,165.92
156.16,126.88,-29.28,-141.52,92.72,48.8,263.52,844.24,732,209.84,117.12,170.8
165.92,126.88,-39.04,-146.4,102.48,43.92,268.4,854,741.76,224.48,122,180.56
180.56,126.88,-53.68,-151.28,117.12,34.16,268.4,873.52,756.4,234.24,122,180.56
195.2,136.64,-58.56,-165.92,126.88,39.04,268.4,888.16,771.04,244,126.88,185.44
195.2,146.4,-48.8,-170.8,122,48.8,273.28,917.44,785.68,253.76,136.64,195.2
195.2,146.4,-48.8,-170.8,122,48.8,278.16,946.72,805.2,268.4,151.28,204.96
200.08,151.28,-48.8,-175.68,122,48.8,283.04,971.12,814.96,273.28,165.92,209.84
204.96,156.16,-48.8,-180.56,126.88,53.68,287.92,980.88,834.48,292.8,180.56,214.72
209.84,161.04,-48.8,-185.44,126.88,53.68,292.8,1000.4,849.12,307.44,190.32,229.36
214.72,165.92,-48.8,-190.32,131.76,58.56,292.8,1005.28,854,317.2,200.08,229.36
224.48,170.8,-53.68,-195.2,136.64,58.56,292.8,1039.44,883.28,331.84,200.08,234.24
239.12,185.44,-53.68,-209.84,146.4,63.44,297.68,1063.84,893.04,341.6,214.72,239.12
239.12,195.2,-43.92,-214.72,141.52,73.2,297.68,1078.48,897.92,361.12,219.6,239.12
244,195.2,-48.8,-219.6,146.4,73.2,307.44,1098,912.56,370.88,234.24,248.88
258.64,200.08,-58.56,-229.36,156.16,68.32,302.56,1117.52,932.08,390.4,253.76,258.64
263.52,204.96,-58.56,-234.24,161.04,73.2,307.44,1132.16,946.72,400.16,268.4,263.52
268.4,209.84,-58.56,-239.12,161.04,73.2,312.32,1151.68,966.24,419.68,278.16,273.28
273.28,224.48,-48.8,-248.88,161.04,87.84,312.32,1161.44,985.76,434.32,287.92,283.04
273.28,239.12,-34.16,-253.76,151.28,102.48,317.2,1190.72,1010.16,448.96,297.68,287.92
278.16,239.12,-39.04,-258.64,156.16,97.6,317.2,1200.48,1015.04,463.6,302.56,292.8
283.04,244,-39.04,-263.52,161.04,102.48,322.08,1220,1024.8,468.48,312.32,302.56
287.92,244,-43.92,-263.52,165.92,97.6,326.96,1234.64,1034.56,488,326.96,307.44
283.04,268.4,-14.64,-273.28,146.4,126.88,326.96,1259.04,1054.08,497.76,346.48,317.2
283.04,273.28,-9.76,-278.16,146.4,131.76,331.84,1273.68,1068.72,507.52,351.36,326.96
283.04,278.16,-4.88,-278.16,141.52,136.64,331.84,1278.56,1083.36,517.28,361.12,346.48
283.04,283.04,0,-283.04,141.52,141.52,336.72,1293.2,1093.12,531.92,366,356.24
292.8,287.92,-4.88,-287.92,146.4,141.52,336.72,1293.2,1093.12,541.68,366,351.36
307.44,292.8,-14.64,-297.68,161.04,136.64,336.72,1293.2,1102.88,551.44,375.76,356.24
307.44,297.68,-9.76,-302.56,156.16,141.52,336.72,1298.08,1107.76,561.2,380.64,361.12
307.44,297.68,-9.76,-302.56,156.16,141.52,341.6,1302.96,1107.76,561.2,385.52,366
312.32,297.68,-14.64,-302.56,161.04,141.52,351.36,1312.72,1127.28,575.84,400.16,380.64
312.32,297.68,-14.64,-302.56,161.04,141.52,351.36,1312.72,1137.04,585.6,405.04,380.64
312.32,302.56,-9.76,-307.44,161.04,146.4,356.24,1312.72,1141.92,585.6,405.04,385.52
307.44,302.56,-4.88,-302.56,156.16,146.4,356.24,1302.96,1146.8,585.6,409.92,385.52
297.68,312.32,14.64,-302.56,141.52,161.04,356.24,1302.96,1156.56,595.36,400.16,380.64
287.92,317.2,29.28,-302.56,126.88,170.8,356.24,1293.2,1156.56,595.36,400.16,380.64
287.92,317.2,29.28,-302.56,126.88,170.8,356.24,1288.32,1151.68,595.36,400.16,380.64
278.16,312.32,34.16,-292.8,122,170.8,356.24,1273.68,1146.8,595.36,400.16,385.52
278.16,312.32,34.16,-292.8,122,170.8,366,1259.04,1141.92,595.36,405.04,385.52
268.4,312.32,43.92,-287.92,112.24,175.68,356.24,1234.64,1127.28,580.72,395.28,375.76
268.4,302.56,34.16,-283.04,117.12,165.92,356.24,1205.36,1117.52,570.96,390.4,366
268.4,297.68,29.28,-283.04,117.12,161.04,351.36,1171.2,1107.76,561.2,385.52,361.12
248.88,292.8,43.92,-268.4,102.48,165.92,346.48,1146.8,1098,551.44,380.64,361.12
248.88,287.92,39.04,-268.4,102.48,161.04,341.6,1117.52,1078.48,536.8,370.88,351.36
234.24,278.16,43.92,-253.76,92.72,161.04,336.72,1093.12,1058.96,517.28,356.24,346.48
229.36,273.28,43.92,-248.88,92.72,156.16,331.84,1054.08,1039.44,492.88,341.6,336.72
204.96,258.64,53.68,-229.36,73.2,156.16,322.08,1019.92,1015.04,468.48,317.2,317.2
204.96,248.88,43.92,-224.48,78.08,146.4,312.32,990.64,990.64,444.08,302.56,302.56
195.2,234.24,39.04,-214.72,78.08,136.64,302.56,951.6,961.36,419.68,283.04,292.8
180.56,209.84,29.28,-195.2,73.2,117.12,292.8,917.44,936.96,390.4,263.52,283.04
180.56,204.96,24.4,-190.32,78.08,112.24,283.04,883.28,927.2,361.12,234.24,273.28
165.92,200.08,34.16,-180.56,63.44,117.12,273.28,849.12,897.92,336.72,224.48,268.4
165.92,195.2,29.28,-180.56,68.32,112.24,273.28,814.96,873.52,312.32,209.84,248.88
156.16,190.32,34.16,-170.8,58.56,112.24,263.52,790.56,844.24,287.92,185.44,239.12
151.28,185.44,34.16,-165.92,58.56,107.36,268.4,771.04,819.84,283.04,185.44,234.24
141.52,165.92,24.4,-151.28,58.56,92.72,268.4,741.76,800.32,258.64,165.92,224.48
107.36,161.04,53.68,-131.76,24.4,107.36,263.52,712.48,785.68,234.24,146.4,209.84
107.36,156.16,48.8,-131.76,29.28,102.48,258.64,683.2,771.04,214.72,136.64,200.08
102.48,126.88,24.4,-112.24,39.04,73.2,253.76,663.68,756.4,200.08,122,200.08
97.6,117.12,19.52,-107.36,39.04,68.32,248.88,634.4,736.88,175.68,107.36,180.56
92.72,112.24,19.52,-102.48,34.16,63.44,234.24,614.88,717.36,161.04,92.72,180.56
87.84,102.48,14.64,-92.72,34.16,58.56,234.24,595.36,692.96,141.52,82.96,170.8
78.08,92.72,14.64,-82.96,29.28,53.68,229.36,580.72,678.32,117.12,58.56,156.16
68.32,78.08,9.76,-73.2,29.28,43.92,229.36,561.2,658.8,97.6,43.92,146.4
63.44,78.08,14.64,-68.32,24.4,43.92,224.48,536.8,644.16,87.84,34.16,146.4
53.68,73.2,19.52,-63.44,14.64,43.92,219.6,517.28,629.52,78.08,24.4,146.4
58.56,63.44,4.88,-58.56,24.4,34.16,209.84,512.4,614.88,58.56,9.76,122
53.68,58.56,4.88,-53.68,24.4,29.28,204.96,502.64,605.12,43.92,-4.88,122
48.8,48.8,0,-48.8,24.4,24.4,200.08,492.88,595.36,29.28,-14.64,122
48.8,48.8,0,-48.8,24.4,24.4,200.08,483.12,585.6,14.64,-29.28,117.12
53.68,43.92,-9.76,-48.8,29.28,14.64,200.08,473.36,585.6,14.64,-34.16,107.36
53.68,39.04,-14.64,-43.92,34.16,9.76,200.08,473.36,575.84,4.88,-34.16,102.48
43.92,24.4,-19.52,-34.16,29.28,0,200.08,473.36,570.96,-4.88,-29.28,102.48
43.92,24.4,-19.52,-34.16,29.28,0,200.08,458.72,561.2,-4.88,-34.16,97.6
34.16,14.64,-19.52,-24.4,24.4,-4.88,209.84,439.2,546.56,-14.64,-34.16,107.36
34.16,4.88,-29.28,-19.52,29.28,-14.64,204.96,439.2,546.56,-14.64,-34.16,107.36
24.4,4.88,-19.52,-14.64,19.52,-9.76,204.96,439.2,546.56,-19.52,-39.04,107.36
39.04,0,-39.04,-19.52,39.04,-19.52,204.96,434.32,541.68,-19.52,-39.04,107.36
24.4,9.76,-14.64,-14.64,19.52,-4.88,204.96,434.32,551.44,-19.52,-39.04,107.36
24.4,9.76,-14.64,-14.64,19.52,-4.88,204.96,439.2,546.56,-19.52,-43.92,102.48
24.4,4.88,-19.52,-14.64,19.52,-9.76,204.96,448.96,546.56,-19.52,-43.92,102.48
24.4,4.88,-19.52,-14.64,19.52,-9.76,204.96,453.84,546.56,-19.52,-43.92,102.48
24.4,-9.76,-34.16,-4.88,29.28,-24.4,204.96,458.72,541.68,-24.4,-43.92,107.36
24.4,-9.76,-34.16,-4.88,29.28,-24.4,204.96,453.84,546.56,-24.4,-43.92,97.6
24.4,-9.76,-34.16,-4.88,29.28,-24.4,204.96,453.84,551.44,-24.4,-43.92,107.36
19.52,-9.76,-29.28,-4.88,24.4,-19.52,204.96,453.84,561.2,-29.28,-39.04,107.36
29.28,-9.76,-39.04,-9.76,34.16,-24.4,204.96,453.84,551.44,-29.28,-48.8,92.72
34.16,-9.76,-43.92,-9.76,39.04,-29.28,209.84,453.84,551.44,-29.28,-53.68,92.72
34.16,-9.76,-43.92,-9.76,39.04,-29.28,209.84,453.84,551.44,-29.28,-53.68,92.72
29.28,-14.64,-43.92,-4.88,34.16,-29.28,204.96,453.84,556.32,-29.28,-53.68,92.72
24.4,-4.88,-29.28,-9.76,24.4,-19.52,214.72,463.6,566.08,-29.28,-43.92,97.6
19.52,0,-19.52,-9.76,19.52,-9.76,214.72,458.72,561.2,-29.28,-43.92,97.6
14.64,0,-14.64,-4.88,14.64,-9.76,214.72,458.72,556.32,-29.28,-43.92,97.6
9.76,-4.88,-14.64,0,9.76,-9.76,209.84,458.72,556.32,-29.28,-53.68,92.72
9.76,-4.88,-14.64,0,9.76,-9.76,209.84,463.6,570.96,-29.28,-53.68,87.84
9.76,-4.88,-14.64,0,9.76,-9.76,209.84,468.48,570.96,-29.28,-48.8,87.84
9.76,-4.88,-14.64,0,9.76,-9.76,209.84,468.48,570.96,-24.4,-43.92,92.72
9.76,-4.88,-14.64,0,9.76,-9.76,209.84,463.6,570.96,-24.4,-43.92,92.72
14.64,-4.88,-19.52,-4.88,14.64,-14.64,209.84,458.72,561.2,-24.4,-43.92,102.48
14.64,-4.88,-19.52,-4.88,14.64,-14.64,214.72,458.72,561.2,-24.4,-43.92,102.48
19.52,-4.88,-24.4,-4.88,19.52,-14.64,219.6,463.6,561.2,-24.4,-43.92,102.48
19.52,-9.76,-29.28,-4.88,24.4,-19.52,219.6,468.48,566.08,-24.4,-43.92,102.48
29.28,-19.52,-48.8,-4.88,39.04,-34.16,219.6,468.48,566.08,-34.16,-43.92,102.48
34.16,-14.64,-48.8,-9.76,39.04,-34.16,219.6,468.48,566.08,-34.16,-43.92,97.6
34.16,-14.64,-48.8,-9.76,39.04,-34.16,214.72,468.48,570.96,-29.28,-43.92,97.6
34.16,-14.64,-48.8,-9.76,39.04,-34.16,214.72,473.36,575.84,-29.28,-43.92,97.6
9.76,-9.76,-19.52,0,14.64,-14.64,224.48,478.24,585.6,-29.28,-43.92,87.84
9.76,-4.88,-14.64,0,9.76,-9.76,229.36,478.24,585.6,-29.28,-34.16,92.72
14.64,0,-14.64,-4.88,14.64,-9.76,229.36,478.24,585.6,-24.4,-34.16,97.6
14.64,4.88,-9.76,-9.76,9.76,-4.88,229.36,473.36,580.72,-24.4,-34.16,97.6
19.52,-4.88,-24.4,-4.88,19.52,-14.64,229.36,478.24,585.6,-24.4,-39.04,97.6
34.16,0,-34.16,-14.64,34.16,-19.52,224.48,478.24,585.6,-24.4,-39.04,97.6
24.4,0,-24.4,-9.76,24.4,-14.64,224.48,483.12,595.36,-24.4,-39.04,102.48
9.76,0,-9.76,-4.88,9.76,-4.88,224.48,492.88,605.12,-19.52,-29.28,107.36
19.52,-9.76,-29.28,-4.88,24.4,-19.52,219.6,492.88,595.36,-29.28,-29.28,112.24
19.52,-9.76,-29.28,-4.88,24.4,-19.52,219.6,492.88,590.48,-29.28,-34.16,112.24
29.28,-4.88,-34.16,-9.76,29.28,-19.52,219.6,492.88,590.48,-29.28,-34.16,112.24
29.28,-4.88,-34.16,-9.76,29.28,-19.52,219.6,497.76,590.48,-29.28,-29.28,112.24
29.28,0,-29.28,-14.64,29.28,-14.64,219.6,488,600.24,-29.28,-29.28,117.12
24.4,-9.76,-34.16,-4.88,29.28,-24.4,219.6,488,600.24,-34.16,-29.28,117.12
24.4,0,-24.4,-9.76,24.4,-14.64,219.6,488,605.12,-34.16,-29.28,117.12
29.28,0,-29.28,-14.64,29.28,-14.64,214.72,488,605.12,-34.16,-29.28,117.12
24.4,0,-24.4,-9.76,24.4,-14.64,224.48,488,610,-24.4,-29.28,126.88
24.4,0,-24.4,-9.76,24.4,-14.64,229.36,488,605.12,-19.52,-29.28,126.88
19.52,0,-19.52,-9.76,19.52,-9.76,229.36,488,605.12,-19.52,-24.4,136.64
19.52,-4.88,-24.4,-4.88,19.52,-14.64,229.36,488,605.12,-19.52,-19.52,136.64
24.4,-14.64,-39.04,-4.88,29.28,-29.28,229.36,488,605.12,-19.52,-19.52,141.52
24.4,-9.76,-34.16,-4.88,29.28,-24.4,229.36,488,610,-19.52,-19.52,141.52
24.4,-4.88,-29.28,-9.76,24.4,-19.52,229.36,492.88,614.88,-19.52,-19.52,141.52
24.4,-4.88,-29.28,-9.76,24.4,-19.52,224.48,507.52,614.88,-19.52,-19.52,141.52
43.92,-4.88,-48.8,-19.52,43.92,-29.28,214.72,507.52,610,-19.52,-19.52,131.76
43.92,0,-43.92,-19.52,43.92,-24.4,214.72,507.52,610,-19.52,-19.52,136.64
34.16,0,-34.16,-14.64,34.16,-19.52,214.72,507.52,610,-19.52,-19.52,136.64
34.16,0,-34.16,-14.64,34.16,-19.52,224.48,507.52,614.88,-14.64,-19.52,131.76
29.28,4.88,-24.4,-14.64,24.4,-9.76,224.48,512.4,619.76,-14.64,-9.76,141.52
24.4,9.76,-14.64,-14.64,19.52,-4.88,224.48,512.4,619.76,-19.52,-9.76,146.4
24.4,14.64,-9.76,-19.52,14.64,0,224.48,512.4,624.64,-19.52,-9.76,146.4
29.28,19.52,-9.76,-24.4,19.52,4.88,224.48,512.4,629.52,-19.52,-9.76,141.52
39.04,9.76,-29.28,-24.4,34.16,-9.76,214.72,517.28,634.4,-19.52,-14.64,141.52
39.04,9.76,-29.28,-24.4,34.16,-9.76,214.72,512.4,634.4,-24.4,-14.64,146.4
34.16,9.76,-24.4,-19.52,29.28,-9.76,214.72,512.4,634.4,-24.4,-14.64,151.28
34.16,9.76,-24.4,-19.52,29.28,-9.76,214.72,512.4,634.4,-19.52,-9.76,161.04
29.28,9.76,-19.52,-19.52,24.4,-4.88,219.6,512.4,634.4,-9.76,0,161.04
29.28,9.76,-19.52,-19.52,24.4,-4.88,219.6,512.4,634.4,-9.76,0,161.04
39.04,9.76,-29.28,-24.4,34.16,-9.76,219.6,507.52,634.4,-14.64,0,161.04
39.04,9.76,-29.28,-24.4,34.16,-9.76,219.6,507.52,634.4,-14.64,0,161.04
43.92,14.64,-29.28,-29.28,34.16,-9.76,209.84,517.28,624.64,-19.52,-9.76,151.28
43.92,14.64,-29.28,-29.28,34.16,-9.76,209.84,522.16,624.64,-24.4,-9.76,156.16
43.92,14.64,-29.28,-29.28,34.16,-9.76,209.84,522.16,619.76,-29.28,-9.76,156.16
43.92,14.64,-29.28,-29.28,34.16,-9.76,209.84,517.28,619.76,-43.92,-9.76,156.16
29.28,24.4,-4.88,-24.4,14.64,9.76,214.72,507.52,629.52,-43.92,-19.52,156.16
29.28,24.4,-4.88,-24.4,14.64,9.76,214.72,497.76,629.52,-48.8,-19.52,156.16
48.8,14.64,-34.16,-29.28,39.04,-9.76,214.72,492.88,629.52,-48.8,-14.64,161.04
39.04,14.64,-24.4,-24.4,29.28,-4.88,209.84,492.88,619.76,-48.8,-19.52,161.04
